12 0.33046875 0.17265625 0.2578125 0.0921875
29 0.27265625 0.109375 0.3484375 0.21875
16 0.19140625 0.1671875 0.3828125 0.103125
28 0.084375 0.109375 0.16875 0.21875
9 0.7296875 0.109375 0.540625 0.21875
5 0.42265625 0.38984375 0.0734375 0.2796875
6 0.378125 0.32265625 0.1625 0.2078125
7 0.3328125 0.26640625 0.253125 0.0953125
8 0.334375 0.953125 0.25 0.09375
9 0.28828125 0.90078125 0.3296875 0.1984375
0 0.21365656616832585 0.8221906566288546 0.33707370758582583 0.2933564886008336
25 0.481743690625 0.21875 0.459375 0.27047665312499997 0.459375 0.6010839875 0.52297516875 0.6666961031249999 0.459375 0.7375484218749999 0.459375 1 0.49144377031250003 1 0.4871017734375 0.980035203125 0.5183933875 0.8973589890625 0.8364145015625001 0.481734446875 0.8995853390625002 0.4147413796875 0.9408116374999999 0.44319538906249994 0.9718553249999999 0.42986365468750004 0.9000811921875 0.2760524203125 0.86269289375 0.22496896562500002 0.8146261328125 0.2707887265625 0.8079439562499999 0.21875 0.481743690625 0.21875