10 0.42265625 0.2640625 0.3140625 0.36875
29 0.1796875 0.13203125 0.359375 0.2640625
28 0.21875 0.38984375 0.375 0.3203125
16 0.06015625 0.24453125 0.1203125 0.4515625
35 0.328125 0.5 0.303125 0.1
17 0.15234375 0.44765625 0.3046875 0.2046875
0 0.86015625 0.4609375 0.2796875 0.178125
3 0.82578125 0.0453125 0.3484375 0.090625
4 0.90859375 0.12578125 0.1828125 0.2515625
8 0.671875 0.2921875 0.184375 0.3875
9 0.759375 0.39375 0.359375 0.3125
33 0.28984375 0.775 0.5796875 0.45
22 0.78984375 0.775 0.4203125 0.45