10 0.3984375 0.33359375 0.2625 0.3046875
13 0.14609375 0.14453125 0.2921875 0.2890625
35 0.19921875 0.43671875 0.3984375 0.4265625
28 0.3984375 0.53359375 0.2625 0.2328125
29 0.4953125 0.5078125 0.06875 0.234375
31 0.76484375 0.325 0.4703125 0.65
35 0.26484375 0.825 0.5296875 0.35
5 0.9390625 0.90234375 0.121875 0.1953125
6 0.8890625 0.85703125 0.221875 0.2859375
7 0.8368124330365969 0.8163933584534296 0.31075013392680617 0.2792275861577001
8 0.7506255170461286 0.7798606427302034 0.3268739659077429 0.21949195323797915