10 0.28828125 0.0828125 0.2609375 0.165625
35 0.709375 0.125 0.58125 0.25
28 0.209375 0.625 0.41875 0.75
1 0.9271286438972319 0.9826792098981866 0.012663632001908986 0.014207950668363622
5 0.9131025065643229 0.9797178419000956 0.0221113573360908 0.020567038669636162
2 0.8850320505649591 0.9753576059039135 0.017387494668999894 0.017387494668999894
2 0.8546451165659137 0.9686808919080498 0.017387494668999894 0.017387494668999894
0 0.8702155725652773 0.9731865785725953 0.01894999466899989 0.017405676002545434
1 0.8429354572326865 0.9680360019096405 0.014226132001908986 0.014226132001909165
1 0.9315439712365045 0.9388837565643229 0.018968176002545432 0.018968176002545432
1 0.7320075952419133 0.9013672172581397 0.015806813335454528 0.01580681333545435
4 0.7156286172422315 0.8992143712603671 0.0221113573360908 0.020567038669636162
1 0.7898479145846856 0.831172348583731 0.01424431333545435 0.015788632001908987
5 0.7758126865850038 0.8289922305856401 0.020530676002545434 0.01898635733609062
1 0.9953125 0.7390625 0.009375 0.0125
2 0.5598529739417755 0.6588722766152296 0.017387494668999894 0.017387494668999894
1 0.8221802512730937 0.670661562579595 0.012663632001908986 0.014207950668363622
5 0.8089353639401846 0.6676911039147312 0.020530676002545434 0.018986357336090796
2 0.5830370299570474 0.5461177379455935 0.017387494668999894 0.017387494668999894
1 0.8453370352880476 0.5602507739099587 0.012663632001908986 0.014207950668363622
5 0.8313199886219111 0.5565081559118676 0.020530676002545434 0.018986357336090796
3 0.6087193773074557 0.42005467727563894 0.015806813335454528 0.015806813335454438
1 0.8710557453055469 0.43106271324000434 0.012663632001908986 0.014207950668363533
5 0.857801767305865 0.4288735045751405 0.017387494668999894 0.017387494668999894
2 0.6285875293205005 0.32374275127309365 0.017387494668999894 0.017387494668999894
1 0.8909148066518189 0.33553203723745895 0.012663632001908986 0.014207950668363533
5 0.8761074193189098 0.3325797599061407 0.020530676002545434 0.018986357336090796