9 0.20668687923627313 0.22022586888172685 0.133801419354257 0.1293374314570915
5 0.23282338606069858 0.09179776101745389 0.13507282092583353 0.12317843671876343
9 0.26484375 0.01328125 0.1390625 0.0265625
7 0.184375 0.30234375 0.13125 0.0328125
2 0.825 0.159375 0.35 0.31875
33 0.325 0.659375 0.65 0.68125
9 0.803125 0.85625 0.30625 0.2875
3 0.81875 0.80546875 0.3375 0.3890625
8 0.825 0.73671875 0.35 0.5265625
25 0.825 0.57109375 0.35 0.5046875
4 0.825 0.5171875 0.35 0.396875
1 0.825 0.46640625 0.35 0.2953125
25 0.825 0.4203125 0.35 0.203125