8 0.1359375 0.02421875 0.1625 0.0484375
7 0.6734375 0.225 0.653125 0.45
17 0.33515625 0.71796875 0.0078125 0.0640625
18 0.3296875 0.71640625 0.01875 0.0578125
23 0.31433240652787686 0.718892060686322 0.02726387272903601 0.04783000494291585
16 0.29062383955841503 0.7261288991273351 0.03089905575957417 0.054207338935304605
29 0.27306967773970425 0.7127349025873763 0.029336555759574168 0.054143671939110224
24 0.2534746548608869 0.7127494900398061 0.022321281213766753 0.04451400395433271
23 0.23147210910325242 0.7120783279865277 0.03351387272903601 0.04808467292769345
18 0.2081781303150798 0.7051889994313463 0.021524055759574168 0.053825336958138334
28 0.1902093803150798 0.7059211698875818 0.02570137272903601 0.04776633794672147
11 0.1621641286480898 0.6984415923209837 0.034534238790112325 0.06058467292769345
14 0.13944410576927257 0.6985835137658023 0.030133781213767107 0.044832338935304604
18 0.12161887698109979 0.6914713507239407 0.02477660151720862 0.05551517095052709
23 0.10540394561755165 0.6944836041839817 0.03325878121376711 0.04495967292769345
16 0.08150406001163794 0.6993766926249949 0.03140923879011233 0.060457338935304604
18 0.05782744395056172 0.6877998640698135 0.026721738790112325 0.06026633794672147
14 0.80466326875 0.45 0.8545225249999999 0.58645495625 0.6972644499999999 0.6039950000000001 0.7013923375 0.6456256890625001 0.7421032984375 0.7186211609375001 0.9168273359375 0.7084373734375 1 0.9032747265625 1 0.5768038625 0.9422420218750001 0.45 0.80466326875 0.45