0 0.06328125 0.365625 0.1265625 0.353125
2 0.58984375 0.503125 0.0984375 0.271875
3 0.5125 0.5390625 0.253125 0.2
4 0.365625 0.5734375 0.275 0.13125
6 0.55859375 0.12734375 0.1609375 0.2546875
7 0.46015625 0.1625 0.2578125 0.325
8 0.30325816546256973 0.21933309993540157 0.2595633700597224 0.3598708574935407
9 0.15209701538631978 0.29389540406976805 0.25785539969500026 0.35352072794389144
1 0.98828125 0.3359375 0.0234375 0.10625
0 0.9105628256068059 0.395988544102992 0.08830139342673604 0.10706962523071262
8 0.801915830640799 0.45377316085271485 0.09139002583555574 0.10570738433001133
4 0.7003910046527435 0.5159146105758596 0.08830139342673622 0.10706962523071262
7 0.59609375 0.7921875 0.0859375 0.30625
10 0.521875 0.81953125 0.234375 0.3609375
34 0.34375 0.859375 0.284375 0.28125
35 0.2046875 0.8875 0.284375 0.225