8 0.0265625 0.41484375 0.053125 0.0890625
9 0.05078125 0.30234375 0.1015625 0.1046875
1 0.08172530479578297 0.1927870450758733 0.11145123035529281 0.0831464478903042
6 0.10135710049533805 0.061956576093119956 0.10720037799792799 0.09230312406898662
8 0.5643088265074047 0.37377802584545095 0.11428513192686936 0.07704199710451594
3 0.5699145095105127 0.2430738353987449 0.10930653349844607 0.07057367328319834
0 0.5872025552100677 0.11213420450533276 0.11116013192686935 0.07689644789030421
1 0.2359375 0.6140625 0.346875 0.296875
9 0.91484375 0.97890625 0.1140625 0.0421875
5 0.9048974392038518 0.879683423488086 0.12126287799792798 0.09295809553293921
9 0.900128548385642 0.7438186980951919 0.12467897642635144 0.09935364474715103
4 0.8666353440851973 0.6105138924708394 0.11948205417661058 0.08819782092583343
0 0.85546875 0.4921875 0.1109375 0.065625