8 0.03828125 0.22890625 0.0765625 0.1203125
8 0.14071267412928118 0.15987292683070428 0.10360938936371689 0.12126732622365459
3 0.25326515301200664 0.08557931114451076 0.09708637357870131 0.11621580517696728
0 0.37421875 0.0390625 0.1015625 0.078125
31 0.76484375 0.12421875 0.4703125 0.2484375
0 0.05546875 0.6953125 0.1109375 0.125
3 0.14420242419986842 0.6132625083160308 0.1195984104104042 0.12842737884037306
8 0.23772418202178897 0.5315127084007354 0.12464993145709169 0.13495039462538863
3 0.33216369773621734 0.4473736558546041 0.11629139988706054 0.12512036831702938
2 0.4240319502964661 0.3672773612009805 0.10820588410204497 0.11997784200867016
21 0.76484375 0.64375 0.4703125 0.6875