0 0.4140625 0.375 0.103125 0.0875
0 0.3110617824901162 0.3283937998581953 0.1037522347764936 0.11683476842611089
0 0.21290556274073724 0.2510001146556488 0.1037522347764936 0.11683476842611089
6 0.10774536406859711 0.17890908411851897 0.09903746369925477 0.11173716531583314
4 0.015625 0.13515625 0.03125 0.1046875
1 0.8296875 0.2 0.340625 0.4
30 0.54375 0.60859375 0.23125 0.3796875
12 0.48046875 0.75859375 0.3578125 0.4046875
13 0.28125 0.5328125 0.403125 0.228125
16 0.09296875 0.678125 0.1859375 0.371875
24 0.19553223126045216 0.6300129628649542 0.362982830792914 0.3831404394913882
19 0.84296875 0.709375 0.3140625 0.58125