8 0.1395725915868285 0.08567581614932887 0.09233798620519007 0.06405459172016936
4 0.13785736261772766 0.21677581168510204 0.09826043758467104 0.0579136858759707
1 0.1530430286056726 0.3427070661493289 0.09431656603337366 0.04223413879807012
4 0.14347435605900696 0.47288944399035027 0.09250176051544959 0.06717959172016955
35 0.759375 0.25859375 0.440625 0.5171875
27 0.02109375 0.5765625 0.0421875 0.015625
18 0.02109375 0.5859375 0.0421875 0.0125
14 0.023755082541716942 0.6018075564100962 0.04506019448207601 0.025763659090609514
23 0.026504946291098362 0.6244910799490466 0.04481453301668683 0.021076159090609514
13 0.0265625 0.6453125 0.053125 0.025
28 0.030936818746907013 0.6643757402574721 0.04793953301668674 0.021130706168510205
24 0.031053005427066925 0.6963797167185217 0.041853307326946254 0.024146612012708867
27 0.03285784486618883 0.7159246034879969 0.042924484396167806 0.014798885551659157
15 0.028740232925829723 0.7416103961016708 0.057232645861557074 0.01973184740221221
10 0.03580910447712724 0.7573444902574721 0.0448964201718165 0.022638659090609536
22 0.037283073269462806 0.7854694902574721 0.050320904567984215 0.036782979707460584
18 0.035304493441279304 0.8072899431795714 0.05690509724103805 0.01348184740221221
21 0.0335339535271876 0.818186532871146 0.05682321008590829 0.01191934740221221
34 0.04911468792335531 0.8325081314911742 0.06052142017181659 0.02291139448011297
18 0.04117271313812596 0.8596882402574721 0.05369821008590829 0.011864800324311631
23 0.0467200282669884 0.8761763108743231 0.04654080732694634 0.024228432629559826
16 0.046177795679842946 0.9105104005658976 0.057723968792335614 0.02910684740221221
14 0.052216433739483835 0.9363734711827487 0.0448964201718165 0.022638659090609536
24 0.05410316033373545 0.9574808579522237 0.04497830732694634 0.024201159090609537
27 0.05434549977285741 0.9769984711827486 0.04456887155129756 0.016388659090609537
16 0.06171875 0.99140625 0.0609375 0.0171875
23 0.10078125 0.5765625 0.0578125 0.015625
28 0.10142970318850324 0.5945774833576133 0.04933825870642714 0.01803297970746054
29 0.10076796189493056 0.6117377098186629 0.049420145861557074 0.01959547970746054
10 0.10557497060135787 0.6289933936660387 0.04826708163720568 0.027380706168510204
16 0.11441106004047974 0.6486610113607905 0.05435330732694634 0.024364800324311542
27 0.10930748021229623 0.670426917204989 0.04465075870642732 0.017951159090609535
22 0.11328565128862396 0.7165479407439393 0.050320904567984215 0.03678297970746054
10 0.11755374943417304 0.7533076010523649 0.04810330732694616 0.024255706168510204
10 0.11107137607385323 0.6891905539744643 0.050982645861557076 0.019622753246410874
23 0.1203445567611194 0.7767723745913153 0.04168953301668683 0.02102161201270878
13 0.11532286408806565 0.800100780435514 0.05591580732694634 0.02439207386326192
14 0.12407374434579044 0.8330360113607904 0.04489642017181659 0.022638659090609536
22 0.12394426956056108 0.8603524878218402 0.0485946302577247 0.0336307061685102
10 0.1277619883528967 0.8885183981302657 0.04497830732694617 0.024201159090609537
18 0.12233085990419416 0.9040343039744642 0.058385710085908295 0.0119466209411625
21 0.12212281999010237 0.9149581672049891 0.06323698439616762 0.015153441558013547
29 0.12951924016191896 0.9369422613607904 0.057150758706427315 0.01816934740221221
17 0.12811719244591108 0.9548701010523649 0.06060330732694617 0.024473894480112966
14 0.13633580619529245 0.9776490819776414 0.04950203301668665 0.021157979707460584
22 0.13671875 0.99375 0.0515625 0.0125
14 0.17578125 0.571875 0.0515625 0.00625
21 0.17733710594746527 0.5834138867661799 0.05262703301668683 0.02121252678536122
14 0.17856541327441153 0.6068513867661799 0.05616146879233561 0.029079573863261897
12 0.17967088986866314 0.6279451367661799 0.06232958163720568 0.027626168019063257
29 0.18250264077317438 0.6521911603051302 0.057396420171816585 0.022856847402212256
18 0.18562431874690705 0.6670758206135557 0.053534435775648606 0.008739800324311542
24 0.18590760176359372 0.6873746838440805 0.05928646879233561 0.02913412094116259
23 0.18890312697836445 0.7147457073830309 0.06093085594746537 0.030723894480112878
28 0.1893501843053107 0.7381695706135558 0.06545458163720567 0.027680715096963925
28 0.19715271822650865 0.7827962779998818 0.05616146879233561 0.02907957386326192
29 0.19661380766563052 0.8023002544609316 0.05715075870642714 0.01816934740221221
24 0.20355984848423345 0.8156905986167329 0.04637703301668683 0.021103432629559826
25 0.2118603493887446 0.8400320795420095 0.05731453301668683 0.02129434740221221
29 0.20404120533620987 0.8695559383083074 0.05090075870642732 0.018060253246410873
17 0.20498290762020197 0.8875246883083074 0.057396420171816585 0.02285684740221221
14 0.21320152136958342 0.910303669233584 0.04489642017181659 0.022638659090609536
28 0.20867115162730823 0.9430070750777826 0.0544351944820761 0.025927300324311543
24 0.21524537822155984 0.9641962824641087 0.041853307326946164 0.024146612012708957
12 0.21799524197094122 0.9868798060030592 0.04654080732694617 0.024228432629559826
18 0.2125 0.99609375 0.05 0.0078125
31 0.2546875 0.57109375 0.059375 0.0046875
24 0.26397396879233553 0.5833650681779238 0.03856453301668683 0.020967064934808155
29 0.26105036465389253 0.6020468843305479 0.050736984396167625 0.014935253246410873
14 0.26737892978275496 0.618548591716874 0.041853307326946344 0.024146612012708825
15 0.2627257293077851 0.6489082475610728 0.05550637155129756 0.01657957386326192
24 0.2712752137039528 0.6631071152558243 0.04497830732694617 0.024201159090609537
27 0.27159944029820454 0.6841872284863493 0.04481453301668683 0.021076159090609538
25 0.2698665219354103 0.7106951814084486 0.05435330732694617 0.024364800324311542
14 0.2725754421072269 0.7325974549473989 0.05624335594746519 0.030642073863261877
27 0.27298155585660827 0.7552400681779238 0.05624335594746519 0.03064207386326192
13 0.275154887493814 0.7818162049473989 0.056079581637205854 0.02751707386326192
30 0.2765879127085847 0.809159954947399 0.056079581637205854 0.02751707386326192
14 0.2795424943457904 0.8357497284863493 0.059204581637205676 0.02757162094116259
21 0.28622958559393463 0.9037730255642499 0.05114642017181659 0.022747753246410873
24 0.28819819934331614 0.9264429123337251 0.05936835594746519 0.0306966209411625
14 0.289549337402957 0.9522241623337251 0.057642081637205675 0.02754434740221221
15 0.2929166768420789 0.9717963226421507 0.05418953301668683 0.02123980032431163
15 0.29296875 0.98984375 0.0546875 0.0203125
23 0.33515625 0.571875 0.0515625 0.00625
14 0.34456554952503016 0.5871134054338663 0.0388101944820761 0.025654564934808156
14 0.3472744696968467 0.6090156789728166 0.04029080732694616 0.024119338473758488
13 0.34447369629109836 0.6300412451254408 0.05435330732694617 0.024364800324311563
29 0.34833235866099876 0.6589884054338663 0.049338258706427315 0.01803297970746054
24 0.35244000452255586 0.6777929525117669 0.04366146879233561 0.02886138555165916
32 0.3550637155129753 0.7129628392812422 0.043907130257724705 0.033548885551659156
18 0.3514407485296619 0.7331935186643911 0.05542448439616763 0.01501707386326192
23 0.3585096200809595 0.7489276128201924 0.0434976944820761 0.025736385551659156
16 0.3564458310713789 0.7840156789728165 0.05936835594746519 0.03069662094116259
10 0.3579197998637144 0.8121406789728166 0.06093085594746537 0.03072389448011297
29 0.3641631558111797 0.8419099995896676 0.049338258706427315 0.018032979707460584
24 0.36892922094004205 0.8583844334370434 0.043415807326946165 0.024173885551659245
13 0.36542908468942353 0.8809588628201924 0.0591226944820761 0.02600912094116259
10 0.3727845612836752 0.9021617069759937 0.04497830732694617 0.024201159090609537
34 0.3784956507227971 0.9217747775928448 0.05418953301668665 0.021239800324311543
3 0.43876925090451113 0.5825134545403619 0.044814533016686656 0.021076159090609514
9 0.4405331467660682 0.601277091309837 0.04497830732694617 0.024201159090609537
25 0.4418842848257091 0.627058341309837 0.04168953301668683 0.021021612012708822
22 0.4437710114199607 0.6481657280793123 0.0434976944820761 0.025736385551659156
19 0.45128694029820454 0.6873236854656384 0.05402575870642732 0.018114800324311543
10 0.452105811849502 0.7029486854656384 0.03527575870642714 0.017787517856907485
23 0.4530884577110591 0.7216986854656383 0.03856453301668683 0.020967064934808155
5 0.4528361521931351 0.7466714119266881 0.04810330732694634 0.024255706168510204
2 0.45385641960598966 0.7810327751572128 0.04489642017181659 0.022638659090609536
0 0.4556203154675467 0.799796411926688 0.04456887155129756 0.016388659090609537
2 0.45976890490666855 0.8193822090045888 0.04481453301668683 0.021076159090609538
1 0.4606287200355309 0.8357884590045888 0.04465075870642714 0.017951159090609535
15 0.46095294662978253 0.8568685722351136 0.04448698439616763 0.014826159090609536
27 0.4670767938708206 0.8694640296214396 0.03346759724103805 0.013072744317957153
24 0.46777283468942354 0.8827452796214399 0.03848264586155707 0.0194045649348082
22 0.46891925486124003 0.9046202796214396 0.043907130257724705 0.033548885551659156
11 0.46977574796383514 0.9358566428519646 0.04793953301668665 0.021130706168510205
21 0.46660648236000285 0.9498509590045888 0.04604948439616781 0.014853432629559826
10 0.4750740796010408 0.9624873266993405 0.03527575870642714 0.017787517856907444
30 0.47827764472990325 0.978934487007766 0.03387703301668683 0.020885244317956974
31 0.4765625 0.99296875 0.03125 0.0140625
17 0.76953125 0.784375 0.4609375 0.43125