9 0.03203125 0.2125 0.0640625 0.125
8 0.12892377270963937 0.25574136422490845 0.10436824879205205 0.11871779121570665
2 0.2415993737678061 0.31095540952350104 0.1113835233378591 0.1286029742462448
9 0.35004986043188663 0.37039456921617997 0.10736570303441742 0.11741038273097573
6 0.4375 0.40859375 0.04375 0.1234375
23 0.2296875 0.79453125 0.459375 0.4109375
8 0.5401003887707156 0.7434326828613603 0.1044957945496865 0.12028029121570664
9 0.6541311957382379 0.7915517052811356 0.1160710233378591 0.12898561151914834
1 0.7645108442210292 0.8368645920949973 0.09148561151914833 0.11300992515463033
6 0.8660895775511296 0.9139376619393971 0.09878792848861036 0.10739765394280312
0 0.9609375 0.9546875 0.078125 0.090625