28 0.88828125 0.46875 0.2234375 0.121875
24 0.71171875 0.47578125 0.3390625 0.1078125
14 0.91875 0.32890625 0.1625 0.4015625
29 0.8047458110739235 0.3489898875084407 0.32886553654935435 0.32229464681406556
21 0.82578125 0.19140625 0.3484375 0.3609375
13 0.8 0.0609375 0.378125 0.121875
15 0.62890625 0.35390625 0.2796875 0.3515625
18 0.546875 0.22265625 0.115625 0.3828125
34 0.61171875 0.096875 0.2453125 0.19375
34 0.24453125 0.76484375 0.4890625 0.4703125
1 0.7703125 0.6953125 0.39375 0.33125
2 0.6625 0.7515625 0.346875 0.44375
3 0.5671875 0.809375 0.15625 0.38125
0 0.84765625 0.671875 0.3046875 0.284375