27 0.0875 0.29140625 0.015625 0.05
14 0.10234375 0.290625 0.01875 0.05078125
10 0.121875 0.290625 0.01796875 0.05234375
21 0.13828125 0.2859375 0.0078125 0.053125
13 0.1546875 0.2859375 0.02578125 0.0546875
24 0.17734375 0.28828125 0.01875 0.05390625
23 0.19765625 0.28984375 0.021875 0.05234375
10 0.2203125 0.28984375 0.021875 0.05234375
21 0.23359375 0.28671875 0.01171875 0.0546875
13 0.24921875 0.2859375 0.02109375 0.05078125
29 0.26875 0.284375 0.01875 0.0515625
27 0.28125 0.29140625 0.0140625 0.03984375
30 0.29921875 0.290625 0.0234375 0.04296875
22 0.32578125 0.28828125 0.034375 0.0421875
25 0.35078125 0.29609375 0.02109375 0.05546875
31 0.38046875 0.2890625 0.025 0.04140625
24 0.4046875 0.290625 0.02265625 0.04765625
29 0.42109375 0.28671875 0.0140625 0.05078125
14 0.43828125 0.29140625 0.0203125 0.03984375
27 0.4546875 0.2921875 0.0140625 0.046875
28 0.46953125 0.290625 0.01796875 0.040625
10 0.49765625 0.28828125 0.02265625 0.04296875
12 0.51875 0.2890625 0.02109375 0.0453125
27 0.53515625 0.29140625 0.01328125 0.04453125
24 0.55078125 0.28984375 0.01796875 0.0390625
28 0.56796875 0.29140625 0.01640625 0.04375
28 0.5859375 0.29140625 0.0203125 0.04453125
29 0.6125 0.2859375 0.01796875 0.0453125
17 0.6296875 0.2859375 0.01953125 0.05234375
14 0.6515625 0.290625 0.0203125 0.04453125
30 0.68359375 0.28515625 0.02421875 0.053125
28 0.7046875 0.2875 0.0234375 0.05546875
10 0.72890625 0.2875 0.02890625 0.06015625
18 0.75234375 0.2875 0.01328125 0.05625
15 0.7671875 0.284375 0.01328125 0.0515625
34 0.7890625 0.29453125 0.0234375 0.04765625
24 0.8109375 0.2921875 0.01796875 0.04296875
30 0.83359375 0.28984375 0.0203125 0.04296875
17 0.8625 0.284375 0.021875 0.05625
10 0.88359375 0.290625 0.021875 0.03828125
31 0.90390625 0.29140625 0.021875 0.04375
14 0.92265625 0.290625 0.0203125 0.0453125
19 0.13515625 0.1171875 0.01875 0.05078125
24 0.15390625 0.11796875 0.01796875 0.03671875
17 0.17109375 0.1140625 0.01640625 0.04296875
23 0.1875 0.1171875 0.01796875 0.03359375
22 0.21640625 0.11484375 0.02578125 0.03828125
12 0.23671875 0.1171875 0.0171875 0.03046875
21 0.25078125 0.1140625 0.01484375 0.03671875
10 0.26796875 0.11640625 0.01640625 0.0328125
30 0.28359375 0.11796875 0.01875 0.03125
16 0.30234375 0.121875 0.01640625 0.0359375
17 0.31875 0.1140625 0.01796875 0.03984375
21 0.33203125 0.11171875 0.0109375 0.04140625
18 0.34140625 0.1125 0.0109375 0.0390625
23 0.35390625 0.11640625 0.0203125 0.03125
19 0.1625 0.175 0.00703125 0.04609375
22 0.17890625 0.17578125 0.0234375 0.0328125
12 0.19765625 0.1734375 0.0140625 0.03046875
21 0.2078125 0.1703125 0.00546875 0.03984375
16 0.21796875 0.17734375 0.01328125 0.0390625
17 0.23359375 0.1703125 0.01640625 0.0390625
21 0.2453125 0.17109375 0.01015625 0.04765625
23 0.25546875 0.171875 0.0125 0.040625
15 0.0515625 0.35859375 0.01484375 0.05234375
27 0.065625 0.3625 0.0140625 0.046875
18 0.0765625 0.36015625 0.009375 0.05078125
14 0.090625 0.36640625 0.021875 0.03984375
23 0.11171875 0.3671875 0.01796875 0.040625
13 0.13203125 0.3609375 0.02109375 0.059375
28 0.15 0.36796875 0.0171875 0.04453125
24 0.18046875 0.365625 0.0203125 0.03828125
27 0.1984375 0.365625 0.01171875 0.03984375
15 0.221875 0.36015625 0.01640625 0.05234375
10 0.2375 0.36484375 0.01953125 0.040625
22 0.2640625 0.3640625 0.0328125 0.04375
18 0.284375 0.36015625 0.0109375 0.05234375
21 0.29375 0.35859375 0.00859375 0.05234375
34 0.3078125 0.37109375 0.01953125 0.05703125
18 0.33359375 0.36171875 0.0078125 0.04921875
23 0.34921875 0.365625 0.0203125 0.0421875
16 0.38125 0.36171875 0.025 0.0515625
14 0.40546875 0.365625 0.01953125 0.0421875
24 0.425 0.365625 0.0203125 0.040625
27 0.44375 0.3640625 0.01328125 0.0421875
16 0.459375 0.37109375 0.0171875 0.05625
18 0.47578125 0.359375 0.01015625 0.0515625
10 0.4890625 0.36484375 0.01875 0.040625
12 0.51796875 0.365625 0.021875 0.0421875
10 0.5390625 0.365625 0.01640625 0.03984375
21 0.55390625 0.3609375 0.009375 0.053125
21 0.56171875 0.359375 0.0109375 0.0515625
29 0.5953125 0.36171875 0.0140625 0.04765625
14 0.6125 0.3671875 0.01875 0.0359375
33 0.63125 0.36640625 0.01796875 0.04140625
29 0.6484375 0.3625 0.0125 0.04453125
15 0.68203125 0.359375 0.0234375 0.05
10 0.7 0.36640625 0.01796875 0.03984375
12 0.72109375 0.3671875 0.0203125 0.03984375
14 0.7390625 0.365625 0.0203125 0.0390625
11 0.759375 0.3609375 0.01796875 0.04765625
24 0.78125 0.36640625 0.01875 0.03828125
24 0.80078125 0.365625 0.015625 0.03984375
20 0.82265625 0.3609375 0.0203125 0.059375
18 0.0515625 0.4359375 0.0125 0.0578125
23 0.0671875 0.4421875 0.0171875 0.053125
28 0.08515625 0.440625 0.01484375 0.0453125
29 0.1015625 0.43828125 0.01640625 0.0453125
10 0.11796875 0.44140625 0.02421875 0.04296875
16 0.13671875 0.44765625 0.02109375 0.05
27 0.15625 0.44140625 0.0140625 0.040625
22 0.19921875 0.44140625 0.0328125 0.04453125
10 0.234375 0.4421875 0.02109375 0.0453125
10 0.17421875 0.44140625 0.015625 0.046875
23 0.25703125 0.4421875 0.01796875 0.03828125
13 0.27890625 0.4359375 0.0203125 0.0515625
14 0.309375 0.4421875 0.01953125 0.040625
22 0.33515625 0.43984375 0.0296875 0.0421875
10 0.36171875 0.440625 0.01953125 0.0421875
18 0.3765625 0.43515625 0.009375 0.0546875
21 0.3859375 0.43359375 0.0109375 0.05859375
29 0.40703125 0.43828125 0.015625 0.053125
17 0.42421875 0.43515625 0.0203125 0.05546875
14 0.4453125 0.44140625 0.01875 0.0453125
22 0.47109375 0.440625 0.028125 0.0453125
29 0.5046875 0.43828125 0.0171875 0.04921875
24 0.52265625 0.44140625 0.01953125 0.03984375
31 0.5515625 0.440625 0.0203125 0.0375
24 0.57109375 0.44375 0.01796875 0.03671875
29 0.5890625 0.43828125 0.01796875 0.04765625
14 0.60625 0.44140625 0.02109375 0.04609375
29 0.63125 0.43828125 0.01484375 0.04765625
24 0.65078125 0.44140625 0.01875 0.0453125
13 0.66953125 0.4375 0.021875 0.05546875
10 0.6890625 0.44140625 0.0203125 0.04296875
34 0.709375 0.44609375 0.02109375 0.053125
15 0.73671875 0.4359375 0.01328125 0.05
24 0.753125 0.44140625 0.0203125 0.040625
27 0.7703125 0.440625 0.0171875 0.0375
17 0.8 0.43671875 0.021875 0.05
24 0.825 0.434375 0.021875 0.0515625
23 0.85078125 0.4375 0.01953125 0.05078125
14 0.875 0.4359375 0.0203125 0.05234375
28 0.896875 0.4359375 0.01953125 0.0546875
29 0.915625 0.43515625 0.02265625 0.04453125
14 0.0578125 0.5140625 0.021875 0.04921875
21 0.07578125 0.5125 0.01796875 0.0484375
14 0.0984375 0.51171875 0.025 0.04921875
12 0.11796875 0.5109375 0.02421875 0.05625
29 0.140625 0.5125 0.01953125 0.0515625
18 0.15546875 0.51328125 0.00703125 0.05078125
24 0.17421875 0.5125 0.025 0.0515625
23 0.2 0.5125 0.02578125 0.0546875
28 0.221875 0.5109375 0.02421875 0.059375
28 0.2640625 0.51484375 0.025 0.05
29 0.28203125 0.5125 0.01484375 0.05390625
24 0.2953125 0.51796875 0.0171875 0.0421875
25 0.3171875 0.52421875 0.01875 0.05234375
29 0.3453125 0.5140625 0.0140625 0.04609375
17 0.3625 0.51328125 0.01875 0.053125
14 0.38359375 0.51953125 0.01953125 0.040625
28 0.4140625 0.5125 0.02265625 0.0484375
24 0.434375 0.5171875 0.0203125 0.0390625
12 0.45546875 0.51796875 0.01953125 0.04296875
18 0.46875 0.5125 0.0125 0.04765625
10 0.48359375 0.5171875 0.0203125 0.04296875
21 0.49765625 0.5125 0.009375 0.05234375
18 0.5078125 0.5109375 0.00859375 0.05625
28 0.51953125 0.51796875 0.0171875 0.040625
29 0.53515625 0.51484375 0.01484375 0.0453125
28 0.55078125 0.51640625 0.01796875 0.046875
15 0.64375 0.5125 0.0171875 0.04609375
18 0.65625 0.51328125 0.01171875 0.05390625
16 0.66953125 0.5234375 0.01953125 0.053125
17 0.69140625 0.51328125 0.02265625 0.053125
29 0.70859375 0.5125 0.01484375 0.0515625
15 0.72578125 0.5125 0.0171875 0.05546875
24 0.74296875 0.51796875 0.0171875 0.04140625
27 0.76015625 0.51640625 0.01640625 0.03828125
29 0.7765625 0.51171875 0.01875 0.04609375
27 0.78984375 0.51796875 0.0140625 0.040625
30 0.8078125 0.51875 0.01953125 0.03671875
22 0.83203125 0.51875 0.03203125 0.04140625
25 0.8609375 0.5234375 0.01875 0.0515625
31 0.05625 0.5890625 0.0234375 0.05625
24 0.0765625 0.59453125 0.0171875 0.03671875
29 0.09453125 0.58984375 0.01171875 0.04765625
14 0.11015625 0.59375 0.01953125 0.0375
15 0.13828125 0.5875 0.01328125 0.0515625
24 0.153125 0.59453125 0.0203125 0.040625
27 0.171875 0.59375 0.01796875 0.04140625
25 0.196875 0.5890625 0.021875 0.05
14 0.2171875 0.58984375 0.02578125 0.05
27 0.2390625 0.58828125 0.02734375 0.05078125
13 0.2640625 0.58828125 0.02421875 0.05078125
30 0.28984375 0.5875 0.02421875 0.05
14 0.3140625 0.58828125 0.02265625 0.053125
21 0.378125 0.5890625 0.01953125 0.0484375
24 0.39921875 0.5890625 0.02734375 0.053125
14 0.42421875 0.58828125 0.02421875 0.0515625
15 0.44296875 0.58984375 0.0171875 0.05078125
15 0.46171875 0.58828125 0.01875 0.05078125
21 0.48203125 0.5890625 0.01953125 0.0515625
14 0.5015625 0.58828125 0.0203125 0.05390625
27 0.5234375 0.5890625 0.02265625 0.0515625
16 0.55625 0.58828125 0.02578125 0.05078125
10 0.58203125 0.5890625 0.025 0.05234375
25 0.6125 0.58671875 0.02421875 0.0484375
24 0.6328125 0.59453125 0.02578125 0.0375
21 0.64765625 0.5890625 0.00625 0.05234375
21 0.65546875 0.58671875 0.0078125 0.05703125
28 0.6703125 0.5921875 0.0203125 0.040625
12 0.6984375 0.5953125 0.01953125 0.040625
21 0.7125 0.58828125 0.0109375 0.05234375
24 0.72734375 0.59609375 0.0203125 0.0375
28 0.74453125 0.59453125 0.0203125 0.03984375
14 0.7640625 0.5921875 0.02109375 0.03984375
7 0.7953125 0.58828125 0.01953125 0.0484375
25 0.81640625 0.59921875 0.0203125 0.05546875
22 0.84296875 0.59453125 0.0328125 0.0453125
23 0.05859375 0.66484375 0.02578125 0.04765625
14 0.08203125 0.66953125 0.021875 0.03359375
14 0.10234375 0.67109375 0.01953125 0.03671875
13 0.12265625 0.665625 0.021875 0.04921875
29 0.15 0.6671875 0.01484375 0.0453125
24 0.1671875 0.6703125 0.025 0.03828125
32 0.20078125 0.66953125 0.02890625 0.03828125
18 0.21953125 0.6640625 0.0109375 0.0515625
23 0.234375 0.66953125 0.021875 0.0390625
16 0.2671875 0.66484375 0.02734375 0.05234375
10 0.29453125 0.6640625 0.0265625 0.0546875
29 0.321875 0.6671875 0.015625 0.0453125
24 0.3375 0.6703125 0.0203125 0.0390625
13 0.35859375 0.66484375 0.021875 0.05234375
10 0.378125 0.6703125 0.01953125 0.04140625
34 0.39765625 0.67421875 0.0171875 0.05078125
3 0.053125 0.7578125 0.01875 0.0390625
3 0.0796875 0.75859375 0.01796875 0.040625
9 0.096875 0.75859375 0.0203125 0.040625
25 0.12109375 0.7578125 0.01640625 0.03828125
22 0.14140625 0.7578125 0.021875 0.03828125
19 0.178125 0.76171875 0.01484375 0.05
10 0.1921875 0.76171875 0.01484375 0.03359375
23 0.21015625 0.7609375 0.01796875 0.03671875
5 0.23359375 0.75859375 0.01953125 0.04453125
2 0.265625 0.75703125 0.01875 0.040625
0 0.28359375 0.75625 0.01328125 0.040625
2 0.3015625 0.75859375 0.0171875 0.040625
1 0.31796875 0.75859375 0.01484375 0.040625
15 0.3375 0.75703125 0.0125 0.040625
27 0.34921875 0.76171875 0.01015625 0.03046875
24 0.3625 0.76171875 0.01640625 0.03515625
22 0.3828125 0.7609375 0.028125 0.0375
11 0.4125 0.75859375 0.01875 0.04453125
21 0.425 0.75546875 0.0109375 0.04296875
10 0.4375 0.76171875 0.0140625 0.0328125
30 0.45234375 0.76328125 0.01875 0.03125
31 0.46875 0.76171875 0.015625 0.03046875
14 0.484375 0.76171875 0.0171875 0.03046875
21 0.496875 0.759375 0.00859375 0.04453125
29 0.50625 0.75703125 0.01171875 0.0453125
23 0.5375 0.7578125 0.0234375 0.0390625
34 0.55390625 0.7546875 0.01875 0.0453125
3 0.10546875 0.8875 0.01796875 0.0421875
7 0.12421875 0.88671875 0.015625 0.03984375
1 0.23515625 0.88515625 0.0171875 0.04453125
6 0.25390625 0.8875 0.015625 0.04296875
25 0.2765625 0.89375 0.0203125 0.04609375
14 0.29453125 0.8921875 0.015625 0.03203125
24 0.31015625 0.8921875 0.01484375 0.0328125
25 0.3265625 0.8953125 0.01875 0.040625
21 0.33828125 0.88828125 0.01171875 0.0390625
14 0.35 0.88828125 0.01484375 0.0359375
10 0.37421875 0.89140625 0.0171875 0.03203125
27 0.3875 0.88984375 0.01484375 0.0359375
14 0.4015625 0.89140625 0.015625 0.0328125
29 0.42421875 0.8875 0.01796875 0.0375
32 0.440625 0.89140625 0.0203125 0.03046875
14 0.45859375 0.8921875 0.01875 0.03125
14 0.47421875 0.89296875 0.015625 0.0296875
29 0.4890625 0.88828125 0.0109375 0.03828125
18 0.496875 0.884375 0.009375 0.03671875
23 0.509375 0.89140625 0.015625 0.03125
16 0.525 0.89609375 0.01484375 0.04140625
10 0.55078125 0.8921875 0.0140625 0.03046875
11 0.56640625 0.8875 0.01484375 0.04140625
24 0.58046875 0.8921875 0.01640625 0.0296875
30 0.59921875 0.89375 0.01484375 0.02890625
29 0.61328125 0.8890625 0.0109375 0.0375
29 0.63046875 0.8890625 0.0125 0.03828125
17 0.64453125 0.8875 0.015625 0.03984375
18 0.65703125 0.8859375 0.00703125 0.040625
28 0.66796875 0.89296875 0.015625 0.03203125