17 0.1077360933958508 0.1509475170018404 0.04514208163720577 0.027580792553055566
13 0.05703125 0.32265625 0.0421875 0.0140625
29 0.12078164800926361 0.10209244291364597 0.04522396879233552 0.029143292553055568
29 0.07102838873700945 0.28430422444878484 0.04522396879233552 0.029143292553055568
29 0.1371192989592033 0.04160953780340293 0.0402089201718165 0.02278418977951393
29 0.10140088421445367 0.1640651128415279 0.0402089201718165 0.02278418977951393
27 0.11160804387082061 0.12060605357097236 0.03231453301668678 0.021039851823611143
19 0.058398913951780096 0.31132066612815984 0.0481033073269463 0.024528527735416715
28 0.08983926447217847 0.19656848831649318 0.03387703301668674 0.021076219414791632
14 0.12913970262267643 0.05312826605190986 0.03881019448207601 0.025872822188333356
28 0.13646420171816526 0.02910953780340293 0.03231453301668678 0.021039851823611143
24 0.09572409430036193 0.17485714247680564 0.03872830732694625 0.024310322188333445
14 0.10761658468942352 0.1337782007974307 0.03872830732694625 0.024310322188333355
27 0.06959204149597142 0.2717860406531945 0.03223264586155703 0.019477351823611145
30 0.07206194425493342 0.25935877583555567 0.033958920171816495 0.02263871941479163
14 0.12527107417397393 0.06864416327836817 0.03872830732694625 0.024310322188333355
22 0.07806960481581152 0.2399911799958682 0.03757524310259504 0.03208645459715278
32 0.11992183288040122 0.08568619291364596 0.035767081637205766 0.027362587005972293
25 0.08004818464399499 0.21818891517822925 0.04514208163720577 0.027580792553055566
9 0.6296875 0.16484375 0.740625 0.3296875
0 0.134375 0.94609375 0.25 0.1078125
1 0.15546875 0.8546875 0.2078125 0.26875
2 0.16796875 0.65625 0.1828125 0.30625
3 0.1875 0.46171875 0.14375 0.2640625
24 0.9265625 0.89140625 0.146875 0.2171875
26 0.6953125 0.88828125 0.421875 0.2234375