13 0.0125 0.5859375 0.015625 0.00625
10 0.00390625 0.35234375 0.0078125 0.0109375
11 0.006918330601548473 0.4204621257261256 0.012627269334818081 0.011519696856846905
17 0.0046875 0.37734375 0.009375 0.0109375
25 0.0046875 0.36015625 0.009375 0.0109375
22 0.00821720126513945 0.44304560111901975 0.012627269334818081 0.011519696856846905
28 0.00390625 0.34140625 0.0078125 0.0109375
15 0.00625 0.3875 0.0125 0.00625
29 0.00546875 0.3828125 0.0109375 0.00625
23 0.003125 0.3296875 0.00625 0.009375
29 0.003125 0.31875 0.00625 0.00625
22 0.007626855267366661 0.42667573842257267 0.009484088001272716 0.00981164764263518
28 0.007127415937321047 0.40249337572612565 0.00942954400063627 0.005124147642635179
14 0.00234375 0.3109375 0.0046875 0.009375
14 0.007772305935730195 0.4141757384225727 0.00948408800127254 0.00981164764263518
24 0.006446163271820992 0.39393601302967857 0.00942954400063627 0.005124147642635179
14 0.00390625 0.3359375 0.0078125 0.009375
10 0.003125 0.32265625 0.00625 0.0046875
14 0.008317198599639397 0.43445185111901974 0.00948408800127254 0.00981164764263518
14 0.0051563832750026965 0.37057128763678443 0.009484088001272716 0.00981164764263518
27 0.007063781269912006 0.4079621257261256 0.00942954400063627 0.005124147642635179
13 0.146875 0.58515625 0.015625 0.0078125
21 0.1703125 0.58515625 0.015625 0.0078125
13 0.17000758191441304 0.5635656546764577 0.015752269334818082 0.011665246071058632
27 0.16942632658341292 0.5464145419800106 0.012627269334818081 0.011519696856846905
10 0.17069792524668587 0.5713417673729048 0.015752269334818082 0.011665246071058632
14 0.17089791991568576 0.5541542673729047 0.012627269334818081 0.011519696856846905
14 0.1729416779121859 0.5798263554622459 0.012627269334818081 0.011519696856846905
28 0.3013228586091844 0.3505304995902245 0.03948067067154515 0.037756865177646405
21 0.28500970464672815 0.07487768217904767 0.036082950668363624 0.014173815963434722
15 0.2919034999602291 0.22057117183996544 0.03453863200190917 0.015663541356328813
18 0.28110400198918234 0.007908506000365235 0.036082950668363624 0.014173815963434722
18 0.31300360391473114 0.5545630281262717 0.018822725334181813 0.007123295285270359
29 0.29753533461968396 0.27340507341154197 0.032976132001908985 0.01559076674922295
18 0.3136575845799131 0.5654641408227189 0.018822725334181813 0.007123295285270359
18 0.3110780245862765 0.5187346900369305 0.01567954400063627 0.005415246071058632
21 0.31188654658659465 0.5163545527333776 0.01567954400063627 0.005415246071058632
21 0.3119410905872309 0.5116670527333775 0.01255454400063627 0.005269696856846906
24 0.29877111795832006 0.2343061861079891 0.028361357336090975 0.02162244292790545
21 0.314538831914413 0.5568340035191659 0.01257272533418181 0.006832196856846906
17 0.3141212085853219 0.5256203908227188 0.017351132001909166 0.014863020678164496
25 0.29461996729791073 0.18843075992930663 0.042605670671545325 0.03790241439185813
28 0.2893244873090466 0.1066906083577301 0.0315227200031817 0.024892992142117175
25 0.315810430577686 0.58176122891206 0.015752269334818082 0.011665246071058632
17 0.315156449912504 0.5708601162156131 0.015752269334818082 0.011665246071058632
21 0.31602860658023124 0.56301122891206 0.01569772533418181 0.006977746071058633
23 0.30263136728200235 0.3051816122866715 0.028397720003181703 0.02474744292790545
10 0.3020501119510023 0.2880304995902244 0.02836135733609062 0.02162244292790545
23 0.28639093865372783 0.023278794875494734 0.028397720003181703 0.024747442927905428
14 0.30005180728836567 0.25845216150088324 0.028288632001908988 0.01537244292790545
23 0.29355745397041044 0.1455347845364125 0.028415901336727067 0.02630994292790545
23 0.2922131299729558 0.12685755914351837 0.028415901336727067 0.02630994292790545
31 0.28441026798218266 0.059289069482600584 0.0314863573360908 0.021767992142117155
28 0.3147388265834129 0.5396465035191659 0.015752269334818082 0.011665246071058632
14 0.30397569127945695 0.32385883767956564 0.028324994668999893 0.01849744292790545
10 0.2869540126511826 0.0419924075719418 0.028324994668999893 0.01849744292790545
14 0.29413870930141056 0.1626858972328596 0.028288632001908988 0.01537244292790545
25 0.3185359885821402 0.5488395670014012 0.015752269334818082 0.011665246071058632
34 0.29343982264481916 0.08853992183996544 0.034611357336090796 0.021913541356328857
29 0.33337064791536763 0.5489294582338956 0.012572725334181457 0.006832196856846906
17 0.33498769191600386 0.5441691836267897 0.012627269334818081 0.011519696856846905
18 0.3359962085853219 0.5246015463232367 0.01567954400063627 0.005415246071058632
29 0.3340342665897763 0.4918982082338956 0.01569772533418181 0.006977746071058633
18 0.33468824725495805 0.5027993209303426 0.015697725334181456 0.006977746071058633
13 0.33824905191759475 0.532304884412578 0.015752269334818082 0.011665246071058632
29 0.33690472792014 0.5136276590196839 0.01569772533418181 0.006977746071058633
2 0.3394479252466859 0.5634821098054722 0.015752269334818082 0.011665246071058632
8 0.3387848539147312 0.553362247109025 0.01887726933481808 0.011810795285270358
27 0.3416189525780041 0.5782166978948133 0.01257272533418181 0.006832196856846906
27 0.3369683625875492 0.5081589090196839 0.00942954400063627 0.005124147642635179
12 0.3363143819223673 0.4972577963232368 0.00948408800127254 0.00981164764263518
28 0.3391939339195037 0.518205997109025 0.012627269334818081 0.011519696856846905
24 0.3421875 0.5828125 0.0125 0.0125
24 0.71484375 0.29453125 0.5703125 0.5890625
30 0.21484375 0.79453125 0.4296875 0.4109375
2 0.52890625 0.8484375 0.1984375 0.225
3 0.5140625 0.6734375 0.16875 0.16875
6 0.85078125 0.925 0.2984375 0.15
7 0.8007592372692756 0.7600596650155399 0.33862833736472575 0.24689654052775936
8 0.78984375 0.63828125 0.3265625 0.0984375