0 0.47035080976269084 0.19307970630958265 0.0408818651776464 0.03997168977951393
5 0.5094882384225727 0.15705063412124928 0.0408818651776464 0.03997168977951393
1 0.4442955779596559 0.21631783776847158 0.03924659057054072 0.03837282218833345
2 0.4565601375129499 0.20432633083461732 0.03768409057054054 0.03833645459715278
2 0.48265175661953774 0.18030694937572847 0.0408818651776464 0.03997168977951393
1 0.58046875 0.25078125 0.0171875 0.0390625
6 0.57421875 0.26328125 0.0296875 0.0390625
17 0.79453125 0.284375 0.4109375 0.56875
6 0.29453125 0.784375 0.5890625 0.43125
3 0.92109375 0.66015625 0.1578125 0.1828125
4 0.8286963107961481 0.7500441000206592 0.25688366252983136 0.2541472118153475
5 0.7124462644774205 0.8666886989944789 0.2421661910658786 0.23975740349472244
6 0.653125 0.92421875 0.128125 0.1515625