0 0.5952708181709105 0.11508444072847439 0.04262759099298634 0.032668656260602266
1 0.5792557919527489 0.14506211740749678 0.047415220542635694 0.03439484736759475
2 0.6041847432170531 0.09816975924012868 0.03940246144333699 0.030997028855940557
2 0.5865571522240668 0.1288741222168202 0.040864831893687635 0.029489092558271323
6 0.61875 0.06875 0.040625 0.034375
14 0.8128568312500001 0 0.6390625 0.309585840625 0.6390625 0.43846499375 0.8199925296874999 0.378405546875 0.7947495375 0.24410997812500002 0.8497682781249999 0.162399725 1 0.1878141578125 1 0.012312657812499999 0.9209352765624998 0 0.8128568312500001 0
0 0.24701618600036762 0.6972743703179036 0.11372014342931003 0.09595239546082901
0 0.1354221422019175 0.9235789207733905 0.11039488433001132 0.09271826805616748
9 0.3143817635751189 0.5868750728576415 0.11890829117755644 0.10392858656782167
1 0.2019063402270193 0.814714841461963 0.11145673658176455 0.08496033175849824
16 0.81953125 0.76484375 0.3609375 0.4703125