11 0.15619369403185016 0.3341050947088789 0.04332727611928178 0.05345463978475209
15 0.037590858210772814 0.2624741513666888 0.03658595318850324 0.043788541356328814
18 0.13748131558314763 0.31938977729770207 0.030254066033373484 0.041934942927905186
16 0.01640625 0.24609375 0.0328125 0.0515625
21 0.14500721054019347 0.32449465426217294 0.02869156603337366 0.041862168320799496
18 0.025500293986421597 0.25524384822353563 0.028691566033373483 0.041862168320799496
27 0.23128554726578193 0.37347150165713894 0.04645227611928178 0.05360018899896417
29 0.25707011929204937 0.3870780833363394 0.035105340343633176 0.04527826674922295
16 0.386815173000951 0.4542933544287887 0.04719590456798421 0.03804796360606986
29 0.3524777945522485 0.4403057830886706 0.036667840343633 0.045351041356328635
22 0.31028365049971374 0.4126559720876344 0.049413501809022264 0.050620738213175545
12 0.12719891282418558 0.3073991995474432 0.033215291723114146 0.03895549214211709
10 0.11214712291009388 0.29718944561850175 0.03814845318850324 0.04386131596343468
28 0.07579354308191047 0.2770610361890423 0.03642217887824373 0.04066354135632899
23 0.09314813941843729 0.28794287820732495 0.03642217887824373 0.04066354135632899
27 0.2717500949817898 0.3895117245688338 0.030008404567984214 0.037247442927905536
30 0.18020772614402567 0.3368833382987383 0.03642217887824373 0.04066354135632864
14 0.3693786895092943 0.4449740124105059 0.03642217887824373 0.04066354135632864
28 0.33306605325867567 0.4240643529810466 0.03642217887824373 0.04066354135632899
10 0.2876650220510113 0.39812259119422233 0.03823034034363317 0.04542381596343468
14 0.2173016123946443 0.3577566104246447 0.03806656603337366 0.042298815963434676
25 0.2016323467908121 0.34445824379925616 0.04324538896415202 0.05189213978475209
18 0.21093650497684102 0.21153658188859747 0.026883404567984215 0.03710189371369381
21 0.12634349898394728 0.16014320988652547 0.023676517412854637 0.03539384449948209
18 0.13917436963073354 0.1681183757261257 0.025239017412854635 0.03546661910658777
17 0.33056625226330755 0.27844363792723464 0.03321529172311397 0.038955492142117264
18 0.00390625 0.0875 0.0078125 0.034375
21 0.23524046415823818 0.22365343817490366 0.025157130257724702 0.03390411910658777
21 0.132347837518558 0.164539611458102 0.023676517412854637 0.03539384449948209
21 0.017323703076961648 0.09897673159814709 0.023512743102595036 0.032268844499482086
12 0.3472624293325291 0.28701811724907034 0.03814845318850324 0.04386131596343468
11 0.2753365196761621 0.24672491108659847 0.03321529172311397 0.03895549214211709
11 0.05063417006027486 0.11768819024181827 0.03321529172311406 0.038955492142117264
32 0.4010115490748042 0.31724711869681227 0.047769114653892684 0.048985463606069854
21 0.3676601385139261 0.29931691005314126 0.025157130257724702 0.03390411910658777
17 0.10286173338011491 0.14720871629666626 0.03494156603337366 0.04215326674922295
21 0.375967283470972 0.3043853997140589 0.023512743102595123 0.032268844499482086
18 0.38505567842801797 0.3094175020714237 0.023512743102595123 0.032268844499482086
14 0.2612297540723299 0.23335376985410416 0.033051517412854635 0.03583049214211727
10 0.31802198665947523 0.26499972208763445 0.03642217887824373 0.04066354135632881
23 0.2013944086403141 0.2002908668347855 0.0314071302577247 0.03419521753501122
10 0.0109375 0.08828125 0.021875 0.0328125
22 0.29676114032294854 0.2542998165871165 0.03782090456798422 0.03761131596343468
14 0.03957051730131287 0.10573399979511215 0.02984463025772479 0.03412244292790554
27 0.02669870307696165 0.09854008395551209 0.024911468792335523 0.029216619106587773
27 0.24687732700310844 0.2246701286216098 0.028200243102595123 0.032487168320799495
32 0.15377245816534427 0.17211451695861993 0.036258404567984216 0.03753854135632899
12 0.11902232191472564 0.15113208292205477 0.029844630257724703 0.03412244292790554
10 0.2264386742441463 0.21315258581753885 0.034695904567984215 0.03746576674922295
22 0.07284004070706125 0.12522670843878334 0.03790279172311397 0.03917381596343468
10 0.0909349434660232 0.13685341315351307 0.029844630257724703 0.03412244292790536
11 0.4248861403229485 0.24833229880443622 0.03494156603337366 0.04215326674922295
17 0.015625 0.01640625 0.03125 0.0328125
18 0.4082309068312918 0.23897656948260054 0.025239017412854635 0.03546661910658777
15 0.2977714416570009 0.1755391158013282 0.03173467887824373 0.04044521753501122
18 0.2917261595448252 0.17192396422975165 0.025239017412854635 0.03546661910658777
18 0.0078125 0.0125 0.015625 0.025
11 0.1290800746282592 0.07818473449363132 0.03494156603337366 0.04215326674922295
21 0.4150983825210323 0.24177408375062423 0.02367651741285446 0.03539384449948209
13 0.23493392695767987 0.14027801199622125 0.03494156603337366 0.04215326674922295
18 0.17439921868079383 0.10568899628045561 0.026883404567984215 0.03710189371369381
29 0.18361044437053434 0.10837734863782042 0.03173467887824373 0.04044521753501122
29 0.07084817277380835 0.04426780686720679 0.030008404567984304 0.03724744292790536
29 0.06192355212702196 0.036110704509841975 0.03009029172311397 0.03880994292790554
23 0.3745076820460625 0.21327024814248235 0.029844630257724703 0.03412244292790554
27 0.10358210764494587 0.05910940281443082 0.02343085594746519 0.030706344499482084
23 0.3117111109243062 0.17722789433737543 0.029844630257724703 0.03412244292790554
28 0.3600733678217113 0.20614910690998797 0.029844630257724703 0.03412244292790554
30 0.20955879070706124 0.11885893031702084 0.029844630257724703 0.03412244292790536
32 0.035480560833449235 0.02019676013419449 0.034695904567984305 0.03746576674922295
12 0.4001694233396352 0.22922057982168287 0.029844630257724703 0.03412244292790554
27 0.28518623247560376 0.16287644996172795 0.026637743102595125 0.03241439371369381
27 0.0944937126879001 0.054077300457066005 0.026637743102595125 0.03241439371369381
12 0.3404569086403141 0.1938139268023642 0.029844630257724703 0.03412244292790554
14 0.25269795906985537 0.1433473540145039 0.029844630257724703 0.03412244292790554
28 0.19594667006027483 0.11092015178097352 0.026637743102595125 0.03241439371369381
14 0.08314345488598392 0.047591860010359886 0.029844630257724703 0.03412244292790554
30 0.43828125 0.2515625 0.0234375 0.034375
24 0.3275850944159629 0.18662001096276395 0.029844630257724703 0.03412244292790554
10 0.11649486544686205 0.06552206865403107 0.031489017412854634 0.035757717535011224
22 0.2700934989839472 0.15344794603278658 0.036258404567984216 0.03753854135632899
19 0.22164935493141247 0.12608923346017403 0.03173467887824373 0.04044521753501122
14 0.1535478081199157 0.08717659077993752 0.029844630257724703 0.03412244292790554
10 0.38807885911528395 0.2219902766785296 0.029844630257724703 0.03412244292790554
12 0.16794117876670214 0.0950789820124319 0.026637743102595125 0.03241439371369381
25 0.4453125 0.25546875 0.009375 0.0421875
12 0.1109375 0.0109375 0.0375 0.021875
18 0.43437068295057363 0.18632245037601275 0.025239017412854635 0.03546661910658777
13 0.34735203980255014 0.13660074028459945 0.03494156603337366 0.04215326674922295
17 0.0953125 0.00625 0.034375 0.0125
13 0.27476771087887786 0.0940001714256807 0.03494156603337366 0.04215326674922295
21 0.446875 0.1984375 0.00625 0.034375
17 0.40792769165700093 0.17040850600036528 0.03494156603337366 0.04215326674922295
29 0.3958371274326497 0.1631782028572121 0.03173467887824373 0.04044521753501122
29 0.3814437567858633 0.1552758116247178 0.03173467887824373 0.04044521753501122
18 0.2572902838096562 0.08546207940739806 0.025239017412854635 0.03546661910658777
27 0.43984375 0.1859375 0.0203125 0.03125
23 0.2484475503179997 0.07574247705003323 0.029844630257724703 0.03412244292790554
23 0.163032350747541 0.02516674235151406 0.026637743102595125 0.03241439371369381
27 0.22800889755903775 0.06422493424596229 0.026637743102595125 0.03241439371369381
14 0.21743988975712156 0.05770310649570334 0.029844630257724703 0.03412244292790554
23 0.29158671868079383 0.10023090074751621 0.029844630257724703 0.03412244292790554
24 0.17664447139432743 0.03310552088756147 0.029844630257724703 0.03412244292790554
28 0.20460901911033513 0.04972794065610309 0.031489017412854634 0.035757717535011224
28 0.14859803652318976 0.01804560111901985 0.028200243102595123 0.032487168320799495
24 0.334766830621153 0.12393807444499938 0.033051517412854635 0.03583049214211727
14 0.13671875 0.01328125 0.0328125 0.0265625
24 0.37029821687177156 0.1448841211780117 0.029844630257724703 0.03412244292790554
10 0.30676133932758026 0.10809690467645768 0.029844630257724703 0.03412244292790536
25 0.1919419227738084 0.038627774816502834 0.03494156603337366 0.04215326674922295
16 0.42803547376917656 0.17336868610798906 0.034941566033373485 0.04215326674922295
23 0.42345751639680174 0.11201380914351837 0.03814845318850324 0.04386131596343468
16 0.40528072648271 0.10194960442878864 0.03971095318850324 0.04393409057054054
18 0.4346849434660232 0.12084299959022449 0.025239017412854635 0.03546661910658777
23 0.3334367039814728 0.06009389826631688 0.03814845318850324 0.04386131596343468
29 0.25703125 0.01953125 0.0390625 0.0390625
29 0.30991399480007564 0.047940654676457674 0.03814845318850324 0.04386131596343468
11 0.2265625 0.009375 0.034375 0.01875
17 0.4390625 0.125 0.021875 0.04375
28 0.374232122344267 0.08469148387445875 0.03321529172311397 0.03895549214211709
24 0.3507913003179997 0.07097574028459955 0.03971095318850324 0.04393409057054054
17 0.2940400113084191 0.03854853805106924 0.03494156603337366 0.04215326674922295
21 0.21171875 0.00546875 0.0328125 0.0109375
29 0.4453125 0.13359375 0.009375 0.0453125
18 0.3855823801461831 0.09117692432116478 0.023512743102595123 0.032268844499482086
14 0.2781660278167625 0.02915642142568071 0.03494156603337366 0.04215326674922295
10 0.24140625 0.015625 0.0359375 0.03125
29 0.10703125 0.47578125 0.0359375 0.0078125
30 0.084375 0.46875 0.028125 0.021875
27 0.0984375 0.47265625 0.025 0.0140625
22 0.06640625 0.4625 0.0359375 0.034375
25 0.0496393995952026 0.4489553068672068 0.03321529172311406 0.038955492142117264
21 0.19921875 0.4734375 0.0203125 0.0125
13 0.12710598032789716 0.4430092138154668 0.03173467887824373 0.04044521753501122
29 0.11509730325867569 0.43421641067231354 0.03642217887824373 0.04066354135632864
21 0.13779781886250805 0.4471872915657258 0.023512743102595123 0.03226884449948173
13 0.1890625 0.46796875 0.034375 0.0234375
22 0.08051094131831667 0.4101089766357484 0.036258404567984216 0.03753854135632899
23 0.16382805235416456 0.4561063732449263 0.024911468792335613 0.029216619106587773
27 0.1085983197670192 0.42438764640429005 0.021704581637205678 0.027508569892376045
30 0.098029311965103 0.41786581865403105 0.028200243102595123 0.032487168320799495
10 0.2125 0.47421875 0.025 0.0109375
24 0.17669986657851577 0.46330028908452653 0.02655585594746519 0.03085189371369381
10 0.15095623812981335 0.44891245740532604 0.02655585594746519 0.03085189371369381
25 0.06496450644717906 0.3944668600103601 0.03321529172311406 0.038955492142117264
30 0.725 0.23984375 0.55 0.4796875
18 0.45 0.509265859375 0.4444713171875 0.5140418999999999 0.0417284015625 0.984497128125 0.0264356953125 1 0.14892482812500002 1 0.45 0.6639852328125 0.45 0.509265859375
2 0.6984375 0.6234375 0.440625 0.2875
4 0.61640625 0.7890625 0.3328125 0.275
8 0.5734375 0.89921875 0.246875 0.2015625
0 0.6578125 0.50859375 0.415625 0.0578125