18 0.2486836058047229 0.5013219748570746 0.03531573874123302 0.0402083377489479
20 0.23532201265226815 0.48989340153609684 0.05184190468807692 0.05481647477225664
29 0.31640625 0.55078125 0.0484375 0.0359375
22 0.2650200046327037 0.5152034255827139 0.05672966378737563 0.058105165879248945
25 0.19011893661867654 0.44994795861500575 0.05017927513842757 0.05319941106992569
29 0.0125 0.28984375 0.025 0.0484375
12 0.1437038140088575 0.4044792019915837 0.04186612739018099 0.045114092558271326
14 0.04349186536544689 0.318764902084251 0.04509125693983029 0.046785719962933216
14 0.17788904688999443 0.4330779171451935 0.045091256939830335 0.046785719962933216
12 0.10361903455149327 0.37019348202865066 0.04186612739018099 0.045114092558271326
24 0.08655145049833717 0.3555034994518458 0.04186612739018099 0.045114092558271326
14 0.12736741518087674 0.39059775126594437 0.045091256939830335 0.046785719962933216
22 0.0657778755444797 0.3375521076192138 0.05330427513842757 0.05330853847458741
23 0.159158833287189 0.41989587086605773 0.04010336829088237 0.04193452885594055
14 0.22382330814876142 0.47383189191744995 0.05007914558877822 0.05163691106992587
28 0.026274086987816792 0.3064186695074461 0.04186612739018099 0.045114092558271326
23 0.334375 0.55703125 0.04375 0.0234375
14 0.35 0.56328125 0.046875 0.0109375
28 0.1167384006829073 0.287653800540305 0.05682979333702489 0.05966766587924912
17 0.40464370913621045 0.535739158792491 0.04861677513842757 0.05314484736759475
25 0.36480925355296956 0.497547188829558 0.05017927513842757 0.05319941106992587
22 0.19763914482281114 0.3570337723173366 0.05516716378737554 0.058050602176918174
29 0.07685388032484167 0.2502430805773718 0.04851664558877831 0.05158234736759475
13 0.29711990824104645 0.44193954037350397 0.053504534237726276 0.05643353847458741
29 0.10191443708010187 0.2746081635169964 0.04362888648947964 0.048293656260602266
18 0.3088689366186766 0.45409479999215085 0.038741127390180985 0.045004965153609786
29 0.41484375 0.54453125 0.0296875 0.0484375
32 0.0234375 0.196875 0.046875 0.05
27 0.35252929904946273 0.4814583973597456 0.038440738741233105 0.04031746515360979
23 0.2671913787836822 0.40800848447572136 0.046854016039128955 0.04996528366526398
28 0.32512499229420255 0.4570114688666248 0.040203497840531635 0.043497028855940555
12 0.24934254473052606 0.3932912200477512 0.045091256939830335 0.046785719962933216
14 0.391832828506827 0.5157168354715133 0.048316386489479515 0.04845734736759475
14 0.33911764112218334 0.470811074038768 0.046854016039129046 0.04996528366526398
23 0.1632734392395702 0.3190327753125615 0.04342862739018098 0.04516865626060227
14 0.06530511104651024 0.23496282095872498 0.05007914558877831 0.0516369110699257
28 0.047506341768178785 0.21946430653075472 0.045191386489479644 0.04834821996293322
14 0.28425896283683827 0.4226984670525262 0.045091256939830335 0.046785719962933216
10 0.18034102329272628 0.33372275788936634 0.045091256939830335 0.046785719962933035
10 0.09275948257659508 0.2586284994518458 0.04841651603912896 0.05001984736759475
10 0.01171875 0.1796875 0.0234375 0.05
34 0.23960659932631795 0.3741592741314351 0.053504534237726276 0.05643353847458741
34 0.1496813086101867 0.2989831701404183 0.05682979333702489 0.05966766587924912
18 0.17122444401993214 0.23161462086605775 0.04040375693983034 0.04662202885594056
18 0.415625 0.44453125 0.028125 0.0453125
17 0.3137147277962331 0.3540402362898199 0.05184190468807692 0.05481647477225664
13 0.21140935302694577 0.26433784082899087 0.05682979333702489 0.05966766587924912
18 0.08452428285345026 0.1549851442797027 0.04040375693983034 0.04662202885594056
29 0.09422994988002831 0.1623710583448533 0.0436288864894796 0.04829365626060209
15 0.07559986582687221 0.14762651206571756 0.046954145588778265 0.05152778366526398
29 0.396959221936137 0.4235020536203479 0.04861677513842757 0.05314484736759475
29 0.3286888857235125 0.36474212331312844 0.04352875693983034 0.04673115626060227
20 0.36418629473052605 0.397301652169069 0.05017927513842757 0.05319941106992569
18 0.05102017042266407 0.12797621097725848 0.037078497840531674 0.04338790145127884
12 0.13837117366186655 0.19444943756361352 0.046854016039128955 0.04996528366526398
22 0.421875 0.45546875 0.015625 0.0515625
22 0.2533069563584333 0.29477187449425485 0.05486677513842757 0.05336310217691818
27 0.10877331123108033 0.16757691351699638 0.038540868290882366 0.04187996515360961
10 0.38614163788298084 0.40903032585286636 0.04841651603912887 0.05001984736759475
28 0.41015625 0.42890625 0.0390625 0.0453125
14 0.3000725323920249 0.3347718811176768 0.045091256939830335 0.046785719962933035
23 0.16275060996677607 0.2172247386520727 0.045091256939830335 0.046785719962933216
10 0.2334147609542252 0.27528526451278823 0.05017927513842757 0.05319941106992569
14 0.1985484076227376 0.24509676750801318 0.05007914558877831 0.0516369110699257
23 0.042646465919157286 0.11202382876327324 0.04509125693983029 0.046785719962933216
14 0.12208483960871046 0.1797867368379741 0.045091256939830335 0.046785719962933216
14 0.3543502197766686 0.379732206252753 0.04342862739018098 0.04516865626060227
34 0.28804290176264147 0.31477683964786446 0.053504534237726276 0.05643353847458741
16 0.029004270514949138 0.09275547359113023 0.05184190468807692 0.05481647477225664
34 0.0714327999723134 0.1271230391075596 0.053504534237726276 0.05643353847458741
21 0.3540579279808032 0.2865452014434296 0.03707849784053163 0.04338790145127884
13 0.38604960518641407 0.31271832104354297 0.05184190468807692 0.05481647477225664
11 0.22482910780730775 0.17711065934064515 0.053504534237726276 0.05643353847458741
29 0.3118296576227376 0.24905263592700022 0.045291516039129044 0.04991071996293304
18 0.1626085124953846 0.12169398384274918 0.03707849784053163 0.04338790145127884
14 0.040625 0.0171875 0.046875 0.034375
22 0.2530344509597625 0.18905758783376606 0.05486677513842757 0.05336310217691818
27 0.42421875 0.346875 0.0109375 0.0375
30 0.40737389266334284 0.32207596287617496 0.04342862739018098 0.04516865626060209
23 0.29380035086747747 0.22493308964786446 0.045091256939830335 0.046785719962933216
27 0.19880682834994348 0.14331601269868974 0.0351154796419344 0.0370833377489479
28 0.0265625 0.00859375 0.040625 0.0171875
14 0.21363079195274892 0.1563616497219983 0.045091256939830335 0.046785719962933035
12 0.0578125 0.021875 0.04375 0.04375
30 0.37172628933185525 0.2918601840202345 0.04342862739018098 0.04516865626060227
23 0.329297759874491 0.257492618503805 0.04342862739018098 0.04516865626060227
23 0.15506612276670256 0.10498763347992952 0.045091256939830335 0.046785719962933035
10 0.12648004781284508 0.08676342313564325 0.046854016039128955 0.04996528366526398
27 0.08601453655407809 0.04620042132154469 0.03677810919158371 0.03870040145127884
24 0.07411531385197401 0.03638891170289789 0.04176599784053168 0.043551592558271325
14 0.3471966587024718 0.2714286329317753 0.04831638648947969 0.04845734736759475
30 0.27693302591361996 0.20711810707105976 0.04186612739018099 0.045114092558271326
28 0.18622648519748872 0.13191472122887743 0.038440738741233015 0.04031746515360979
10 0.41640625 0.33828125 0.0265625 0.0453125
25 0.10567619448135748 0.05706599945184583 0.05184190468807692 0.054816474772256554
21 0.2586917705149491 0.10077633783376597 0.03707849784053163 0.04338790145127884
18 0.425 0.25703125 0.009375 0.0453125
18 0.27863403069398196 0.11948169781523248 0.038741127390180985 0.045004965153609786
28 0.4046875 0.22734375 0.05 0.0578125
21 0.32638111582687224 0.1563839862898199 0.05017927513842757 0.05319941106992552
29 0.392257637264672 0.21584332104354303 0.04362888648947969 0.048293656260602266
29 0.2312373989848643 0.07711065934064516 0.04362888648947969 0.048293656260602266
29 0.36568464528423644 0.19064242440158755 0.04851664558877822 0.05158234736759475
28 0.1781414797988179 0.025927616056734326 0.04342862739018098 0.04516865626060227
14 0.3117574113233654 0.14021334926651133 0.04342862739018098 0.04516865626060209
30 0.22291375925618215 0.06037702712666002 0.046854016039128955 0.04996528366526398
10 0.249436686461793 0.08635917376861543 0.046854016039128955 0.04996528366526398
32 0.13828125 0.009375 0.0546875 0.01875
28 0.27245388186600117 0.10595491115474368 0.045091256939830335 0.046785719962933216
27 0.2040834161037274 0.048757480847524313 0.040303627390180986 0.045059528855940556
14 0.19467813772609732 0.03668406678237375 0.046854016039128955 0.04996528366526398
27 0.42109375 0.24140625 0.0171875 0.0453125
10 0.38393399753598983 0.1991096888295579 0.046854016039128865 0.04996528366526398
14 0.3564796260059051 0.17544401033643703 0.046854016039128865 0.04996528366526398
16 0.30109002159468334 0.12339787149902995 0.05849242288667415 0.06128472958157989
11 0.4046875 0.12421875 0.05 0.0546875
18 0.42421875 0.1515625 0.0109375 0.046875
20 0.3561873342100396 0.08225700552711364 0.05184190468807692 0.054816474772256554
29 0.4171875 0.14375 0.025 0.05
10 0.3913540761904752 0.10775800253188876 0.05007914558877822 0.05163691106992552
12 0.376630242137319 0.0931498655085802 0.046854016039128865 0.04996528366526398
18 0.41484375 0.01171875 0.0296875 0.0234375
13 0.42421875 0.01953125 0.0109375 0.0390625
28 0.4140625 0.00390625 0.03125 0.0078125
31 0.5 0.19140625 0.140625 0.3828125
17 0.57109375 0.48984375 0.2828125 0.1578125
24 0.746875 0.44609375 0.415625 0.2453125
5 0.31015625 0.9703125 0.1484375 0.059375
1 0.190625 0.94375 0.128125 0.1125
3 0.07109375 0.8875 0.1421875 0.146875
24 0.54375 0.784375 0.228125 0.43125