24 0.07890625 0.00859375 0.0484375 0.0171875
24 0.12809970855386874 0.08633333894202053 0.046713173916276676 0.03569345909205772
24 0.2514854704168668 0.13905987067876263 0.046713173916276676 0.03569345909205772
24 0.32151412752722947 0.09165602177411936 0.046713173916276676 0.03569345909205772
24 0.4530983444468742 0.3263910714575502 0.046713173916276676 0.03569345909205772
24 0.37564852920038466 0.018902831882391523 0.04833934091247087 0.03730142319868044
23 0.09098702771750995 0.020146049287719413 0.046713173916276676 0.03569345909205772
23 0.15341538494160334 0.13174512734268032 0.045087006920082294 0.034085494985435005
23 0.3534975924697079 0.3199030422280906 0.046713173916276676 0.03569345909205808
23 0.40669552973185735 0.4161271728694761 0.04833934091247105 0.03730142319868044
23 0.3957713226980443 0.22481185108272142 0.046713173916276676 0.03569345909205772
23 0.3865687831547174 0.03735731518934404 0.04508700692008212 0.034085494985435005
10 0.17734375 0.009375 0.0484375 0.01875
10 0.39564794178513585 0.3945476895625234 0.046713173916276676 0.03569345909205808
10 0.34426321942828364 0.13166725633471313 0.04833934091247087 0.03730142319868044
10 0.3841016522418089 0.20716134982908016 0.05152800790866543 0.038954851411925874
10 0.4328840035344032 0.29099914073702243 0.04833934091247105 0.03730142319868044
21 0.09243678117755101 0.036529567234408054 0.05114600593149898 0.029579851411925873
21 0.4328349239906387 0.3089906227903338 0.051146005931499164 0.02957985141192552
21 0.4378407589716106 0.3166667304704657 0.051146005931499164 0.02957985141192552
13 0.3204012495800705 0.27549982436054404 0.061094008897248565 0.04391513605166182
13 0.33798533900966676 0.303928701241006 0.05790534190105419 0.04226170783841639
13 0.48515625 0.009375 0.0484375 0.01875
13 0.5449343814815621 0.10392738658038728 0.046649506920082115 0.034130959092057725
30 0.20842653710905007 0.061312955397641034 0.04833934091247105 0.03730142319868044
30 0.29535748722278077 0.21756530390657297 0.04833934091247087 0.03730142319868044
30 0.5234294545995362 0.056058187913170784 0.038773339923887915 0.03234113855894431
22 0.37214548030269856 0.182479598575439 0.05184634288963732 0.046767351411925874
25 0.520258033649009 0.035813884073104776 0.04990184091247087 0.03734688730530315
14 0.23950141805913966 0.28645770790492353 0.04833934091247105 0.03730142319868044
14 0.2699463103407547 0.1698097655059132 0.046713173916276676 0.03569345909205772
14 0.2953217006452034 0.04392321542677093 0.04833934091247087 0.03730142319868044
14 0.5394510440291324 0.08453252890025534 0.04196200692008212 0.03399456677218975
17 0.19808323919994714 0.22978181057049057 0.05790534190105419 0.04226170783841656
17 0.22239483110100133 0.2697475810244617 0.05790534190105419 0.04226170783841639
28 0.3535891398845192 0.14938595374828845 0.04833934091247105 0.03730142319868044
28 0.4691517673745677 0.3556466624446347 0.04508700692008212 0.034085494985435005
28 0.5056861976794538 0.023723061032708957 0.04027217292769336 0.03082410266556703
34 0.11228636615852298 0.04377376590162463 0.061094008897248565 0.04391513605166182
34 0.1435801285158127 0.10152642992910499 0.05790534190105419 0.04226170783841656
34 0.22553312406718842 0.07802308227810287 0.061094008897248565 0.04391513605166182
34 0.27578125 0.0078125 0.0609375 0.015625
34 0.4136273261580855 0.24071799590987197 0.061094008897248565 0.04391513605166182
29 0.11583978908621644 0.07339306974169055 0.05458934091247096 0.037483279625171305
29 0.19344481874371167 0.21192672083704728 0.04821200692008221 0.03417642319868044
29 0.21391382764096017 0.25356865155757513 0.053026840912470875 0.03743781551854859
29 0.1793956117098987 0.020702327263537955 0.05458934091247105 0.03748327962517113
29 0.25534264087310243 0.1569376924655174 0.05458934091247088 0.037483279625171305
29 0.30847691113905745 0.25159932310690286 0.051400673916276673 0.03582985141192587
29 0.3632373484012069 0.34777798964166584 0.048212006920082116 0.03417642319868044
29 0.4097396166899957 0.43324647670954197 0.051400673916276673 0.03582985141192587
29 0.3261843814815622 0.11029236150756265 0.051400673916276673 0.03582985141192587
29 0.45776859840120687 0.3450274111909934 0.051400673916276673 0.03582985141192552
29 0.35703125 0.00859375 0.0546875 0.0171875
29 0.5279723745614799 0.07156952764661409 0.043397172927693364 0.03091503087881229
18 0.1381577994663398 0.12202078635559577 0.05277217292769336 0.03118781551854859
18 0.1860315667665453 0.20275630931684932 0.05277217292769345 0.031187815518548413
18 0.3288504195420144 0.29089750382743074 0.054398339923887915 0.03279577962517113
18 0.36171875 0.01171875 0.0515625 0.0234375
18 0.49358544570228746 0.014689041832379068 0.03995383794672147 0.02301160266556703
16 0.1689276384016444 0.14771946832976485 0.061094008897248565 0.04391513605166182
16 0.316716539580508 0.06989468204067606 0.061094008897248565 0.04391513605166182
32 0.18129764581601826 0.18255746958340602 0.05184634288963732 0.046767351411925874
32 0.3830696873365116 0.3737949203621936 0.051782675893442945 0.04520485141192587
31 0.2412827994663397 0.11902015531849877 0.046713173916276676 0.03569345909205772
31 0.28521453018896786 0.026227250066506967 0.046713173916276676 0.03569345909205772
16 0.20203461566423142 0.03881582977082045 0.061094008897248565 0.04391513605166182
19 0.28684465026464256 0.2006051244396864 0.06571784190105419 0.04248902837152997
28 0.3062140741809191 0.2344572872135256 0.04833934091247105 0.03730142319868044
11 0.41896608357245924 0.2757605856433152 0.061094008897248565 0.04391513605166182
22 0.8 0.25 0.4 0.5
20 0.05078125 0.71484375 0.1015625 0.3640625
23 0.12109375 0.8890625 0.2421875 0.221875
16 0.2403291586304185 0.7637559937983008 0.3200020711779885 0.34641096489804546
33 0.39140625 0.89921875 0.3265625 0.2015625
12 0.50390625 0.80234375 0.1921875 0.3953125
30 0.42265625 0.596875 0.3546875 0.19375
14 0.15078125 0.58125 0.3015625 0.1625
10 0.8 0.75 0.4 0.5