0 0.25279369404836294 0.0989582695295343 0.04318771034569906 0.03560253087881238
5 0.22654343111623926 0.05526209382357141 0.043142246239076344 0.034040030878812376
1 0.27086774412750525 0.1299271247023838 0.04153428213245362 0.03243206677218975
2 0.26106083511458983 0.11481059006264771 0.03997178213245363 0.03238660266556703
2 0.24303224914207017 0.08540423488979823 0.04318771034569906 0.03560253087881238
1 0.3375 0.0046875 0.04375 0.009375
6 0.34609375 0.0125 0.0421875 0.025
1 0.72109375 0.1078125 0.2765625 0.215625
2 0.8027843000126353 0.2279899223407506 0.38551892900466816 0.31876934969606624
3 0.8609375 0.30859375 0.278125 0.2015625
35 0.28984375 0.7046875 0.5796875 0.590625
5 0.78984375 0.7046875 0.4203125 0.590625