3 0.125 0.83515625 0.0234375 0.0421875
4 0.14921875 0.8296875 0.021875 0.04375
4 0.165625 0.82421875 0.0234375 0.040625
6 0.2984375 0.78984375 0.025 0.046875
6 0.225 0.95 0.0234375 0.04375
6 0.43125 0.8984375 0.025 0.0453125
2 0.3296875 0.7828125 0.025 0.0453125
2 0.36328125 0.775 0.025 0.0453125
0 0.346875 0.77890625 0.025 0.0453125
1 0.3796875 0.771875 0.021875 0.04375
1 0.2078125 0.9546875 0.025 0.046875
9 0.23984375 0.9453125 0.0234375 0.04375
8 0.26484375 0.93984375 0.025 0.0453125
8 0.390625 0.90859375 0.0234375 0.04375
5 0.4078125 0.90390625 0.025 0.0453125