1 0.05703125 0.67578125 0.0125 0.0359375
1 0.0734375 0.67578125 0.0125 0.0359375
1 0.1171875 0.67578125 0.0125 0.03125
1 0.3375 0.671875 0.0125 0.0359375
1 0.24140625 0.7875 0.0125 0.0328125
0 0.1 0.67578125 0.0140625 0.034375
0 0.303125 0.671875 0.015625 0.03125
6 0.25390625 0.67265625 0.015625 0.0328125
6 0.1125 0.78984375 0.0140625 0.034375
6 0.12890625 0.7890625 0.0140625 0.034375
9 0.2578125 0.78671875 0.015625 0.0328125
2 0.2859375 0.67265625 0.0140625 0.034375
2 0.3203125 0.67109375 0.015625 0.0359375