21 0.340625 0.465625 0.028125 0.028125
29 0.30703125 0.45625 0.0453125 0.046875
13 0.3265625 0.46171875 0.040625 0.0359375
29 0.1612686214878119 0.396907531269912 0.03557513050895835 0.05196248933799978
31 0.19845949696277715 0.4097524292648213 0.03699216014423605 0.04573067067154533
10 0.35859375 0.46796875 0.0390625 0.0234375
23 0.378125 0.47265625 0.034375 0.0140625
28 0.11339481915111049 0.3732524026098208 0.03066942496187508 0.042532945337363515
28 0.01677504549975639 0.32985748595641107 0.029070557370694507 0.040952264003817976
28 0.00859375 0.32265625 0.0171875 0.0453125
30 0.28039917477444376 0.44628881858691277 0.03379442496187508 0.04256930800445442
27 0.12576753258197862 0.37857570194145723 0.027508057370694415 0.04093408267027261
24 0.03454377374826332 0.3382421506206385 0.038591027735416714 0.04731135200509069
27 0.29586052061413126 0.45313825525145834 0.027508057370694415 0.04093408267027261
24 0.17834701871427025 0.40139503660091214 0.038591027735416714 0.04731135200509069
14 0.1450987608304855 0.38694218527213914 0.038591027735416714 0.04731135200509051
10 0.085560759880555 0.36107966661363883 0.038591027735416714 0.04731135200509069
22 0.254890681708298 0.4348700605904126 0.0448773953265972 0.048946577339272504
12 0.06701078163204803 0.3527040926161842 0.033830792553055565 0.044131808004454244
27 0.05000511958795082 0.3450915872851841 0.027508057370694505 0.04093408267027243
25 0.23030890900687434 0.4171922119271397 0.043605836056041625 0.06142839600572714
15 0.3897930117804161 0.4106502159055044 0.037210365691319504 0.05510567067154533
21 0.3179368487863883 0.37712064791536754 0.027726262917777866 0.050309082670272606
18 0.2808187084937842 0.3611507499204582 0.02772626291777769 0.050309082670272606
18 0.14164841214100637 0.30028706993954823 0.0325228656913195 0.055051126670908876
18 0.5296875 0.4625 0.028125 0.034375
13 0.4772196233876729 0.4463417205601868 0.043605836056041625 0.06142839600572714
15 0.55234375 0.46640625 0.0359375 0.0265625
18 0.327220929808437 0.3809178099140949 0.027798998100139017 0.05343408267027243
16 0.2328903547703119 0.339839371260367 0.04673083605604163 0.061464758672817865
21 0.06510474914697868 0.26681204595004776 0.027726262917777866 0.050309082670272606
21 0.05502123432933974 0.2638052246180932 0.027726262917777866 0.05030908267027243
29 0.024934344036735646 0.24775351062222928 0.037210365691319504 0.05510567067154533
27 0.4139572103936452 0.4127121552355499 0.027508057370694415 0.04093408267027243
24 0.1912847362292009 0.31533026726609403 0.03699216014423605 0.04573067067154533
22 0.34976807703489515 0.385341680577686 0.04487739532659738 0.048946577339272324
23 0.2678283992232286 0.3488052912555945 0.03699216014423605 0.04573067067154533
14 0.21214209688652721 0.3252410692632305 0.038591027735416714 0.04731135200509069
33 0.0046875 0.22734375 0.009375 0.0484375
28 0.45955999791270763 0.43326955589595934 0.03230466014423605 0.04567612667090888
10 0.37683907010104106 0.3967422572406406 0.03546602773541672 0.047274989337999784
12 0.10082404359989532 0.2757688752785025 0.03546602773541672 0.047274989337999784
10 0.0830371315557981 0.2681654606142751 0.038591027735416714 0.04731135200509069
27 0.54296875 0.4640625 0.0265625 0.03125
14 0.51796875 0.45703125 0.0359375 0.0453125
23 0.4989673368185411 0.45155593189055054 0.03546602773541672 0.047274989337999784
24 0.43094468864215224 0.42110591056655 0.03699216014423605 0.04573067067154533
27 0.17347964038951336 0.3085081026018666 0.02583645459715278 0.03622840133672707
10 0.13020241907486058 0.28870467994113913 0.038591027735416714 0.04731135200509069
14 0.0140625 0.2359375 0.028125 0.046875
34 0.30894370849378416 0.36082348591664015 0.043605836056041625 0.06142839600572714
16 0.16203364732336753 0.29692571260345746 0.04200696846486114 0.0598477146721816
18 0.2720450801690273 0.2683092692552764 0.027726262917777866 0.05030908267027243
21 0.2627791829425689 0.26373085725654893 0.02772626291777769 0.05030908267027243
18 0.5898111955760064 0.40754175521168745 0.02772626291777769 0.05030908267027243
29 0.2419036384896523 0.2546013052594125 0.032413762917777866 0.05036362667090888
17 0.22566104264996484 0.2477609592616396 0.04200696846486114 0.0598477146721816
29 0.06645100323104121 0.17541488661682045 0.032413762917777866 0.05036362667090888
29 0.1476276148382981 0.21117911660568467 0.032413762917777686 0.05036362667090906
29 0.542718643239305 0.3838775358848235 0.032413762917777686 0.05036362667090888
29 0.022319796734027352 0.15874555462286563 0.032413762917777866 0.05036362667090888
13 0.3694461038203814 0.3116950952419133 0.043605836056041625 0.06142839600572696
31 0.1044958638883676 0.1851256939449571 0.03699216014423623 0.04573067067154515
27 0.4887039436761452 0.35560763255891403 0.027508057370694415 0.04093408267027261
10 0.4732425978364578 0.3487581958943685 0.03546602773541672 0.047274989337999784
14 0.34181206630131894 0.2909286092457313 0.038591027735416714 0.04731135200509069
22 0.18331054170003433 0.22169844593413934 0.04487739532659738 0.048946577339272324
24 0.08512826804868015 0.1783217106142752 0.03699216014423614 0.04573067067154533
23 0.5768208863054507 0.3951962965468237 0.033830792553055745 0.044131808004454244
28 0.5598152242613536 0.3875837912158236 0.03066942496187508 0.042532945337363515
10 0.5288925325819787 0.37388491788673245 0.033830792553055745 0.044131808004454244
10 0.29001383016902726 0.26810018391950374 0.03546602773541672 0.047274989337999784
14 0.2088372185617704 0.2323359539306395 0.038591027735416714 0.04731135200509051
14 0.05266126016489543 0.16385976861872945 0.038591027735416714 0.04731135200509051
22 0.44849717097472175 0.33811159723109563 0.04487739532659738 0.048946577339272324
10 0.41448584688652723 0.3228865865690954 0.03546602773541672 0.047274989337999784
22 0.3163035732351731 0.2795098512492311 0.0448773953265972 0.048946577339272324
24 0.13305662177215236 0.19963308927436635 0.038591027735416714 0.04731135200509069
24 0.01328125 0.14453125 0.0265625 0.0453125
23 0.3928472362292009 0.3129848752387316 0.033830792553055745 0.044131808004454244
16 0.5113056422893745 0.3576877532225051 0.04200696846486096 0.0598477146721816
18 0.17978745782819408 0.13816833060154837 0.027726262917777866 0.05030908267027243
18 0.03600239665777742 0.07423419462127478 0.027726262917777866 0.050309082670272606
18 0.2177050319163884 0.1533478879296851 0.027798998100139017 0.05343408267027243
29 0.5393228459365969 0.2948786705522325 0.045095600873680294 0.058321577339272325
17 0.3205202541809717 0.19901382924891298 0.043605836056041625 0.06142839600572696
21 0.1890715388502427 0.14196549260027586 0.027726262917777866 0.05030908267027243
12 0.5594353241851037 0.3032360632161417 0.045095600873680655 0.058321577339272325
28 0.4187752630146869 0.2392655645687772 0.043605836056041625 0.06142839600572696
29 0.4001707333794092 0.23323374057132257 0.032413762917777866 0.05036362667090888
28 0.2694850842530899 0.17695756325591266 0.043605836056041625 0.06142839600572696
14 0.57951143484243 0.3131559558800509 0.043605836056041625 0.06142839600572714
28 0.4605263519205204 0.2575246685630502 0.043533100873680654 0.058303396005727134
29 0.3391611514074301 0.20348315324636762 0.032413762917777686 0.05036362667090888
14 0.6140625 0.32890625 0.03125 0.0578125
15 0.04606772767982603 0.07802226595322939 0.03884560087368065 0.05824885200509069
21 0.5988608468865273 0.3207411892107329 0.04037173328250034 0.05670453333863605
17 0.009375 0.0578125 0.01875 0.05625
18 0.5238615000969092 0.28802923388768703 0.02772626291777769 0.05030908267027243
24 0.5053115218484023 0.2796536598902323 0.04825696846486114 0.05992044000636341
23 0.48134734498666615 0.26899797056018676 0.043533100873680654 0.058303396005727134
29 0.1528255675355899 0.12208025393859376 0.03404899810013902 0.053506808004454245
24 0.3887429241088537 0.2208701005729134 0.033830792553055745 0.044131808004454244
28 0.13901764067385383 0.11130638594050275 0.027508057370694415 0.04093408267027261
14 0.30451404768395796 0.1820172332511401 0.038591027735416714 0.04731135200509051
24 0.2526612601648954 0.16153255792491256 0.038591027735416714 0.04731135200509069
10 0.20705847264583294 0.1409751572645032 0.038591027735416714 0.04731135200509069
28 0.16994033235322875 0.12500525926959388 0.03066942496187508 0.042532945337363515
12 0.2341112819163885 0.15315698392745788 0.03546602773541672 0.047274989337999784
25 0.3695935338162496 0.20469111724223144 0.043605836056041625 0.06142839600572714
16 0.026318925343124678 0.05403987328932023 0.043605836056041715 0.06142839600572705
25 0.5174861731589232 0.1928167312221869 0.038736498100139016 0.05356135200509069
15 0.5769878065176732 0.22024174988068737 0.037355836056041626 0.06135567067154533
21 0.06875 0.0125 0.03125 0.025
13 0.4533152235957635 0.16466500656432287 0.045095600873680655 0.0583215773392725
30 0.43091354673402743 0.15399113590073182 0.045168336056041626 0.06144657733927232
14 0.40693118607670103 0.1441166965706863 0.043533100873680654 0.058303396005727134
21 0.34045285410472187 0.11442974391314031 0.043533100873680654 0.058303396005727134
14 0.29792051519888857 0.09617973058564004 0.043533100873680654 0.058303396005727134
29 0.61640625 0.2359375 0.0265625 0.05
14 0.4989361949104162 0.18444115722473226 0.0418978656913195 0.055160214672181594
27 0.4757350842530899 0.17455762722791396 0.045095600873680655 0.0583215773392725
27 0.19897517534312464 0.052030835932548536 0.045095600873680655 0.058321577339272415
16 0.16803429986815938 0.03911321260345746 0.049892203647222286 0.06306362133990877
21 0.07734375 0.01328125 0.0328125 0.0265625
24 0.32112162585621495 0.10606326058245844 0.045168336056041626 0.0614465773392725
15 0.27626372074597183 0.08705926925527638 0.037210365691319504 0.05510567067154533
21 0.23992683045336777 0.07108028059359431 0.043533100873680654 0.05830339600572696
25 0.1109375 0.02109375 0.040625 0.0421875
15 0.2584768087018746 0.07945585459104895 0.038736498100139016 0.05356135200509069
14 0.2205956022048608 0.06271379726291233 0.043605836056041805 0.06142839600572696
10 0.1421875 0.028125 0.046875 0.05625
27 0.5470100189986106 0.19950253588482347 0.027508057370694415 0.04093408267027261
24 0.0953125 0.01171875 0.0375 0.0234375
24 0.62578125 0.2390625 0.0078125 0.04375
14 0.6050037037441314 0.2246019858768693 0.03862739532659702 0.04887385200509069
24 0.5647969310427079 0.2071059505490509 0.03546602773541672 0.047274989337999784
16 0.4847847355636107 0.08775706122695945 0.045095600873680655 0.0583215773392725
10 0.46082055870187466 0.07710137189691384 0.045095600873680655 0.0583215773392725
18 0.5327312730826733 0.10828718988705059 0.02939786569131968 0.055014764003817974
13 0.39743085913871495 0.04894055657227705 0.043605836056041625 0.06142839600572696
13 0.61640625 0.1484375 0.0265625 0.0625
29 0.5999908550546525 0.1379650518778238 0.03721036569131968 0.05510567067154533
29 0.43304105081808986 0.06258488590073186 0.03404899810013902 0.05350680800445433
32 0.5529892216959024 0.11039458255095988 0.04327852773541672 0.04736589600572696
24 0.5854380457840967 0.12563777454650554 0.03699216014423641 0.04573067067154533
23 0.5197227800165274 0.0967229812221869 0.03546602773541672 0.047274989337999784
24 0.41997800636517335 0.053364427235868116 0.033830792553055745 0.044131808004454334
10 0.37826328505052054 0.03354282324159512 0.0386273953265972 0.04887385200509069
34 0.3609375 0.025 0.04375 0.05
0 0.51171875 0.0046875 0.0328125 0.009375
5 0.56171875 0.015625 0.0328125 0.03125
2 0.52734375 0.009375 0.0328125 0.01875
19 0.615625 0.0265625 0.028125 0.053125
10 0.6034087554152429 0.024674711211051116 0.028997822188333088 0.03782726400381797
23 0.5859375 0.01796875 0.028125 0.0359375
24 0.81484375 0.23984375 0.3703125 0.4796875
29 0.31484375 0.73984375 0.6296875 0.5203125
6 0.8859375 0.9875 0.096875 0.025
4 0.76640625 0.96171875 0.0984375 0.0765625
5 0.66484375 0.9375 0.0703125 0.125