17 0.47400123269979455 0.023954850155556474 0.012945668973360825 0.011811585149293879
29 0.4718166501902804 0.01988470919006389 0.009629667984777513 0.006905563861970432
1 0.46598048566554395 0.009291416615416947 0.009629667984777513 0.006905563861970432
9 0.4681650681750581 0.013361557580909534 0.012945668973360825 0.011811585149293879
29 0.4790879807226281 0.03371226240837255 0.011319501977166269 0.010139824505632156
0 0.4625 0.00390625 0.0125 0.0078125
28 0.4875 0.05703125 0.003125 0.0109375
10 0.48359375 0.0453125 0.0109375 0.009375
28 0.48515625 0.0515625 0.0078125 0.009375
32 0.48117706273785055 0.04012615337386516 0.013009335969555025 0.01337408514929388
10 0.47609031471501684 0.030368741121049102 0.011319501977166269 0.010139824505632156
29 0.48515625 0.0828125 0.0078125 0.009375
18 0.4522535666921833 0.019300201144292206 0.012882001977166269 0.01024908514929388
21 0.46604681125497577 0.04611942725907867 0.009629667984777513 0.006905563861970432
21 0.4675456442587814 0.047791187902740395 0.009629667984777513 0.006905563861970432
21 0.4537523996959889 0.02097196178795393 0.011255834980972068 0.008577324505632155
18 0.4559369822055029 0.025042102753446517 0.011255834980972068 0.008577324505632155
11 0.46170947973404497 0.03719789532809346 0.014571835969555025 0.013483345792955603
11 0.48671875 0.0890625 0.0046875 0.009375
29 0.4719466427759066 0.05515021983372561 0.011319501977166269 0.010139824505632156
21 0.440625 0.0015625 0.009375 0.003125
21 0.4390625 0.0015625 0.0125 0.003125
28 0.48359375 0.0796875 0.0109375 0.009375
22 0.4776873068063514 0.06808726240837255 0.011383168973360825 0.011702324505632156
14 0.48671875 0.09375 0.0046875 0.0125
24 0.4689489767682954 0.051806698546402165 0.011319501977166269 0.010139824505632156
10 0.4638622287454618 0.042049286293586084 0.011319501977166269 0.010139824505632156
30 0.48205647182537953 0.07622754433935777 0.00969333498097189 0.008468063861970432
28 0.4740675582892262 0.06078286079921822 0.011319501977166269 0.010139824505632156
23 0.45730848121691975 0.029838863397108284 0.009693334980972069 0.008468063861970432
22 0.4440736521674468 0.008543017604152658 0.013009335969555025 0.01337408514929388
10 0.44772523418266913 0.015066169213306991 0.011319501977166269 0.010139824505632156
21 0.467739303840602 0.08149419854640214 0.012882001977166269 0.01024908514929388
21 0.453882392281615 0.05623747243161566 0.011255834980972068 0.008577324505632155
21 0.4553493917873235 0.0586904830752774 0.009629667984777513 0.006905563861970387
29 0.48671875 0.125 0.0046875 0.009375
18 0.4560669747911291 0.06030761339710829 0.011255834980972068 0.008577324505632155
18 0.433471733194086 0.018770323420351388 0.012882001977166269 0.01024908514929388
21 0.4386221482131141 0.026965235673167463 0.009629667984777513 0.006905563861970432
28 0.48515625 0.11875 0.0078125 0.009375
15 0.4276992356655439 0.006614530845704447 0.009693334980972069 0.008468063861970432
22 0.48228196490529723 0.10914930498301949 0.012945668973360825 0.011811585149293879
18 0.4306014011788636 0.012301802133027895 0.009629667984777513 0.006905563861970432
24 0.42421875 0.00390625 0.0140625 0.0078125
15 0.429102568175058 0.01063004148936617 0.009629667984777513 0.006905563861970432
30 0.48359375 0.11484375 0.0109375 0.0109375
14 0.4750106343729497 0.09532175176471083 0.011319501977166269 0.010139824505632156
29 0.44661106174926746 0.04240991921330699 0.012945668973360825 0.011811585149293879
10 0.46917446984821326 0.08472845919006389 0.011319501977166269 0.010139824505632156
12 0.4721084688596299 0.08963448047738734 0.009693334980972069 0.008468063861970432
10 0.4364375657036 0.022895094707674833 0.011319501977166269 0.010139824505632156
10 0.44370889623594767 0.03672264792598352 0.009693334980972069 0.008468063861970387
24 0.4508528927759066 0.05367520114429221 0.011319501977166269 0.010139824505632156
12 0.4311916501902804 0.017043932454858756 0.009693334980972069 0.008468063861970432
28 0.4771952168824637 0.09939189273020341 0.011319501977166269 0.010139824505632156
23 0.4590009738025459 0.06521363468443173 0.011383168973360825 0.011702324505632156
28 0.43843114722453097 0.03165273567316747 0.011319501977166269 0.010139824505632156
25 0.46396038783299076 0.07809604693724781 0.011319501977166269 0.010139824505632156
16 0.4603088058177683 0.07157289532809345 0.014571835969555025 0.013483345792955603
25 0.4471376437644897 0.048714549535137854 0.012945668973360825 0.011811585149293879
18 0.48359375 0.14375 0.0109375 0.009375
11 0.47592187695857574 0.1306418927302034 0.014571835969555025 0.013483345792955603
13 0.4576958003805608 0.09724488468443174 0.011319501977166269 0.010139824505632156
14 0.427797394753073 0.04266129148936617 0.011319501977166269 0.010139824505632156
11 0.4474904708367964 0.07851131017879957 0.014571835969555025 0.013483345792955603
29 0.4220248972245309 0.03050549891471923 0.00969333498097189 0.008468063861970432
21 0.429981977262587 0.04673143245485876 0.009629667984777513 0.006905563861970432
27 0.48671875 0.159375 0.0046875 0.009375
14 0.4875 0.1640625 0.003125 0.0125
12 0.4095076511788636 0.01082678344359449 0.01619800296574958 0.015155106436617327
18 0.43875214079874036 0.06223074631682919 0.009693334980972069 0.008468063861970432
14 0.4780746259699926 0.13549328369569605 0.012945668973360825 0.011811585149293879
29 0.4372851412930318 0.059777735673167465 0.011319501977166269 0.010139824505632156
24 0.45042446984821327 0.08341733146612307 0.011319501977166269 0.010139824505632156
10 0.45332663536153284 0.08910460275344652 0.011319501977166269 0.010139824505632156
23 0.44080938931586555 0.06942588728232177 0.011319501977166269 0.010139824505632156
22 0.46337279741481135 0.11174442725907867 0.013009335969555025 0.01337408514929388
28 0.45900363239578323 0.10360414532809345 0.011319501977166269 0.010139824505632156
27 0.4539168843729497 0.0938467330752774 0.011319501977166269 0.010139824505632156
23 0.48359375 0.146875 0.0109375 0.0125
25 0.48515625 0.1546875 0.0078125 0.009375
24 0.4386248068063514 0.0653557463168292 0.011383168973360825 0.011702324505632156
34 0.4691134614452562 0.1246814698337256 0.012945668973360825 0.011811585149293879
10 0.4677419624338393 0.11988470919006389 0.011319501977166269 0.010139824505632156
12 0.43353805878351787 0.055598334064013114 0.011319501977166269 0.010139824505632156
23 0.4166834812169197 0.026998086661903155 0.011319501977166269 0.010139824505632156
16 0.4786330414833122 0.1410166640175269 0.012945668973360825 0.011811585149293879
24 0.411596733194086 0.017240674409087074 0.011319501977166269 0.010139824505632156
14 0.42979097627400387 0.051418932454858755 0.011319501977166269 0.010139824505632156
30 0.41453073220550285 0.02214669569641057 0.009693334980972069 0.008468063861970432
34 0.4202077292397533 0.03664623827105751 0.011319501977166269 0.010139824505632156
0 0.4317063033463103 0.08132495374218225 0.012945668973360825 0.011811585149293879
13 0.4725276215213684 0.15625925176471084 0.014571835969555025 0.013483345792955603
21 0.4557367109509647 0.12609650436260086 0.009693334980972069 0.008468063861970432
15 0.41419780977210097 0.04954507601824143 0.009629667984777513 0.006905563861970432
0 0.42802288783299075 0.07558305213302789 0.011319501977166269 0.010139824505632156
11 0.39672114969598893 0.01698394829430061 0.012945668973360825 0.011811585149293879
29 0.46225862498140946 0.13908817725907868 0.009629667984777513 0.006905563861970432
21 0.39949598121691976 0.025796219581624057 0.011255834980972068 0.008577324505632155
21 0.40021356422072535 0.027413349903454943 0.012882001977166269 0.01024908514929388
22 0.4404446333843664 0.09760551760415266 0.013009335969555025 0.01337408514929388
24 0.46519262399282635 0.14399419854640216 0.012945668973360825 0.011811585149293879
12 0.46010587596999264 0.1342367862935861 0.011319501977166269 0.010139824505632156
18 0.4637574579852151 0.14075993790274044 0.009693334980972069 0.008468063861970344
23 0.4681266230042431 0.14890021983372562 0.011383168973360825 0.011702324505632156
14 0.4519577949433534 0.12269835275344651 0.012945668973360825 0.011811585149293879
10 0.43376355186343557 0.08852009470767483 0.011383168973360825 0.011702324505632156
8 0.4228406393158656 0.06816938988021184 0.012945668973360825 0.011811585149293879
29 0.4147880587835179 0.054287206340072294 0.011319501977166269 0.010139824505632156
23 0.44755679642622825 0.11533932082246134 0.012945668973360825 0.011811585149293879
14 0.4563269599623814 0.13083863468443174 0.012945668973360825 0.011811585149293879
29 0.4053321457416562 0.036389512156270995 0.009629667984777513 0.006905563861970432
10 0.47380362003849363 0.16339976240837256 0.012945668973360825 0.011811585149293879
24 0.4454040474148114 0.11048792985696872 0.012945668973360825 0.011811585149293879
10 0.41038706026639266 0.04692817440908707 0.011319501977166269 0.010139824505632156
27 0.41918905730064304 0.06164623827105751 0.011319501977166269 0.010139824505632156
34 0.47667395205371604 0.16986828369569604 0.014571835969555202 0.013483345792955603
10 0.3965301487074056 0.02167144829430061 0.011319501977166269 0.010139824505632156
14 0.4170044747911291 0.05757609730556488 0.011319501977166269 0.010139824505632156
28 0.4067354782511702 0.040405022799932744 0.00969333498097189 0.008468063861970387
24 0.4023981467302393 0.03148349086894755 0.011319501977166269 0.010139824505632156
18 0.484375 0.215625 0.009375 0.00625
13 0.47109511410699445 0.19141550176471084 0.012945668973360825 0.011811585149293879
21 0.48058286064695344 0.20853194594851213 0.009693334980972069 0.008468063861970344
18 0.48204986015266194 0.21098495659217384 0.009693334980972069 0.008468063861970344
29 0.48359375 0.2109375 0.0109375 0.009375
21 0.4187924678710468 0.09060711859288836 0.012882001977166269 0.01024908514929388
13 0.45143387152136843 0.1547842330752774 0.014571835969555025 0.013483345792955603
29 0.45655245304229924 0.16376039532809344 0.012945668973360825 0.011811585149293879
13 0.4485635395061459 0.14831571178795394 0.012945668973360825 0.011811585149293879
18 0.4499668720156599 0.15233122243161565 0.009693334980972069 0.008468063861970344
12 0.484375 0.2171875 0.009375 0.009375
24 0.47839827813743946 0.2044618049830195 0.011319501977166269 0.010139824505632156
10 0.465258949582258 0.1808222091900639 0.012945668973360825 0.011811585149293879
10 0.4859375 0.22265625 0.00625 0.0109375
17 0.4019060568063514 0.06278812119077841 0.012945668973360825 0.011811585149293879
13 0.42887046342242263 0.11246569309852053 0.012945668973360825 0.011811585149293879
11 0.4332714619395478 0.1198247250295057 0.012945668973360825 0.011811585149293879
21 0.38661397923975327 0.03429713443233018 0.009693334980972069 0.008468063861970432
23 0.4681929485936749 0.18572823047738735 0.012945668973360825 0.011811585149293879
25 0.48671875 0.2328125 0.0046875 0.0125
29 0.39600622528542057 0.05375732861613147 0.012945668973360825 0.011811585149293879
28 0.46082611756703573 0.17424442725907868 0.011319501977166269 0.010139824505632156
25 0.3807459812169197 0.024485091857683237 0.012945668973360825 0.011811585149293879
29 0.4237200484033945 0.10427078084570444 0.012882001977166269 0.01024908514929388
23 0.44484829049472907 0.14335506017879956 0.012945668973360825 0.011811585149293879
21 0.3881128122435589 0.03596889507599192 0.009629667984777513 0.006905563861970387
10 0.45430420353659073 0.16125275436260086 0.011319501977166269 0.010139824505632156
14 0.4193508833843664 0.09613049891471923 0.011319501977166269 0.010139824505632156
14 0.4579239520537161 0.16855715597175522 0.012945668973360825 0.011811585149293879
25 0.47468302912602256 0.19950115337386515 0.014571835969555025 0.013483345792955603
28 0.4112983028520188 0.0822483153745797 0.00969333498097189 0.008468063861970432
10 0.4419142914833122 0.13844903889147614 0.012945668973360825 0.011811585149293879
12 0.4215354658938805 0.10020063988021181 0.011319501977166269 0.010139824505632156
12 0.4390121259699926 0.13276176760415268 0.011319501977166269 0.010139824505632156
14 0.42515521441100573 0.10750504148936617 0.009693334980972069 0.008468063861970432
24 0.38367998022833644 0.029391113145006732 0.012945668973360825 0.011811585149293879
32 0.390919477262587 0.04399991636331539 0.013009335969555025 0.01337408514929388
27 0.40624338832728235 0.07170965312176363 0.011319501977166269 0.010139824505632156
14 0.4149817183653385 0.08799021698373402 0.012945668973360825 0.011811585149293879
12 0.3981908077949347 0.05782746958162406 0.011319501977166269 0.010139824505632156
14 0.40405880581776826 0.067639512156271 0.011383168973360825 0.011702324505632156
28 0.4068336373386991 0.07645178344359449 0.011319501977166269 0.010139824505632156
10 0.3930085592778094 0.05041380732880798 0.011319501977166269 0.010139824505632156
34 0.433766210456673 0.12691060535133655 0.012945668973360825 0.011811585149293879
13 0.47734777270023193 0.2302430549830195 0.012945668973360825 0.011811585149293879
18 0.484375 0.24765625 0.009375 0.0078125
21 0.4859375 0.25078125 0.00625 0.0078125
11 0.4510372820917722 0.18374511339710828 0.012945668973360825 0.011811585149293879
18 0.48671875 0.25546875 0.0046875 0.0109375
15 0.41595662794715904 0.12174785794922664 0.012945668973360825 0.011811585149293969
29 0.46039769463934216 0.20398655758090953 0.011319501977166269 0.010139824505632156
22 0.4800589372249684 0.24061782627034298 0.013009335969555025 0.01337408514929388
18 0.43783428654039636 0.16166801760415264 0.012882001977166269 0.01024908514929388
23 0.4875 0.25859375 0.003125 0.0109375
27 0.4283783734985347 0.1437703234203514 0.012945668973360825 0.011811585149293879
23 0.47203819019071797 0.2259543927302034 0.012945668973360825 0.011811585149293879
10 0.4828125 0.2453125 0.0125 0.009375
10 0.4465726165784526 0.17794858146612308 0.012945668973360825 0.011811585149293879
28 0.45240878110318905 0.18854187404077 0.011319501977166269 0.010139824505632156
14 0.4618646941450507 0.20643956822457127 0.011319501977166269 0.010139824505632156
23 0.4400188690499105 0.16573815856964527 0.011319501977166269 0.010139824505632156
23 0.4582131121298282 0.19991641661541695 0.012945668973360825 0.011811585149293879
11 0.37086164524736454 0.03632952799571285 0.012945668973360825 0.011811585149293879
10 0.43128053901185426 0.14945759470767483 0.011319501977166269 0.010139824505632156
10 0.4691360246773984 0.22026712144287997 0.012945668973360825 0.011811585149293879
14 0.4553109466165086 0.19422914532809346 0.011319501977166269 0.010139824505632156
14 0.4647668596583703 0.21212683951189476 0.012945668973360825 0.011811585149293879
29 0.38615372281396265 0.06482051475416103 0.009629667984777513 0.006905563861970432
12 0.41960820996238135 0.12827100955838094 0.012945668973360825 0.011811585149293879
28 0.436367287034688 0.1592150069604909 0.012945668973360825 0.011811585149293879
28 0.43258837102707676 0.15581685535133655 0.012945668973360825 0.011811585149293879
10 0.4209478754757011 0.13384902020204273 0.011319501977166269 0.010139824505632156
17 0.38905588832728233 0.07050778604148453 0.011319501977166269 0.010139824505632156
12 0.4020360493919776 0.09805363183444013 0.011319501977166269 0.010139824505632156
28 0.4071227974148114 0.10781104408725621 0.011319501977166269 0.010139824505632156
24 0.41370837844145053 0.11924021698373402 0.011319501977166269 0.010139824505632156
23 0.4245994574909234 0.14037217181119704 0.009693334980972069 0.008468063861970432
28 0.41002496292813095 0.11349831537457966 0.011319501977166269 0.010139824505632156
14 0.38964613733869913 0.07524991636331539 0.012945668973360825 0.011811585149293879
24 0.3983844673767553 0.0915304802252858 0.011319501977166269 0.010139824505632156
31 0.3794408077949347 0.05651634185768324 0.011319501977166269 0.010139824505632156
14 0.40493821490529724 0.10374090312176361 0.011383168973360825 0.011702324505632111
14 0.3816253903044487 0.06058648282317587 0.011319501977166269 0.010139824505632156
24 0.3663333127378505 0.032095496064727634 0.011319501977166357 0.010139824505632156
27 0.37728805878351784 0.051664950892190656 0.009629667984777513 0.006905563861970432
27 0.39619988486724117 0.0874603392597932 0.011319501977166269 0.010139824505632156
28 0.37216947726258703 0.04268878863937457 0.011319501977166269 0.010139824505632156
16 0.44132670106513283 0.17209741921330698 0.014571835969555025 0.013483345792955603
14 0.3727597262740038 0.04743091896120544 0.011319501977166446 0.010139824505632156
25 0.39242096885962996 0.08406218765063886 0.011319501977166269 0.010139824505632156
11 0.47510218178776087 0.2661259246611886 0.014571835969555025 0.013483345792955603
29 0.48359375 0.284375 0.0109375 0.009375
15 0.4722000162744413 0.2604386533738652 0.012945668973360825 0.011811585149293879
21 0.479471346806789 0.2742662065921738 0.009629667984777513 0.006905563861970343
21 0.48168776281440023 0.27755509755766644 0.009629667984777513 0.006905563861970432
24 0.4700154337649273 0.25636851240837255 0.012945668973360825 0.011811585149293879
24 0.48359375 0.2796875 0.0109375 0.009375
13 0.41905245304229927 0.1611381398802118 0.01619800296574958 0.015155106436617416
18 0.45909252121735716 0.23601780758090954 0.012818334980972068 0.00868658514929388
28 0.48515625 0.28828125 0.0078125 0.0109375
10 0.47803618079917776 0.2710319459485121 0.012945668973360825 0.011811585149293879
15 0.4117811225099516 0.14731058666190316 0.012945668973360825 0.011811585149293879
11 0.4306929485936749 0.1831059750295057 0.014571835969555025 0.013483345792955603
13 0.40444612498140947 0.1350455334435945 0.012945668973360825 0.011811585149293879
23 0.4612771037268713 0.24008794854640217 0.012945668973360825 0.011811585149293879
18 0.3730807198482132 0.07800892960486716 0.014444501977166268 0.010358345792955604
24 0.44445435965837027 0.2107064511442922 0.012945668973360825 0.011811585149293879
12 0.45250694019071797 0.22458863468443174 0.011319501977166269 0.010139824505632156
24 0.43281386410699446 0.18873861599499833 0.012945668973360825 0.011811585149293879
30 0.4554091057040376 0.23027590597175523 0.012945668973360825 0.011811585149293879
27 0.420423952053716 0.16593490052387355 0.00969333498097189 0.008468063861970344
27 0.4568442717116488 0.23351016661541696 0.009693334980972069 0.008468063861970432
23 0.3534831442587814 0.03981516091543376 0.014571835969555202 0.013483345792955603
28 0.44083461114124506 0.20340204953513785 0.011319501977166269 0.010139824505632156
18 0.36946097133108796 0.07070452799571285 0.012882001977166269 0.01024908514929388
24 0.4226085345632301 0.17000504148936618 0.011319501977166269 0.010139824505632156
27 0.44663894216788425 0.21477659210978478 0.011319501977166269 0.010139824505632156
33 0.43574786311841135 0.19364463728232179 0.011319501977166269 0.010139824505632156
14 0.4073482904947291 0.14073280473091793 0.011319501977166269 0.010139824505632156
14 0.4379324456279255 0.19771477824781442 0.011319501977166269 0.010139824505632156
22 0.39789237745286743 0.12283511054711668 0.013009335969555202 0.01337408514929388
14 0.38755971391671407 0.10722653604148454 0.011319501977166269 0.010139824505632156
24 0.41240320501946554 0.151271466983734 0.011319501977166269 0.010139824505632156
28 0.3795389668824637 0.09256310250134499 0.011319501977166269 0.010139824505632156
27 0.3897442964262282 0.11129667700697712 0.011319501977166269 0.010139824505632156
10 0.4007627094680899 0.12930363183444013 0.012945668973360825 0.011811585149293879
32 0.38319054889768617 0.09908625411049932 0.013009335969555025 0.01337408514929388
27 0.4153690375289796 0.1553962382710575 0.011319501977166269 0.010139824505632156
14 0.3919288789357422 0.1153668179724697 0.011319501977166269 0.010139824505632156
31 0.36639963832728234 0.06892350670838936 0.011319501977166269 0.010139824505632156
16 0.4625849357420936 0.24644720919006388 0.012945668973360825 0.011811585149293879
23 0.37663680136914407 0.08687583121402151 0.011319501977166269 0.010139824505632156
25 0.42469761657845256 0.1764189324548588 0.014508168973360824 0.011920845792955603
28 0.370083053840602 0.07466540831754372 0.011319501977166269 0.010139824505632156
24 0.3634974728139627 0.0632362354210659 0.011319501977166357 0.010139824505632156
24 0.3729215523577272 0.08191517960486716 0.011383168973360825 0.011702324505632156
27 0.3613128903044487 0.059166094455573304 0.008003500988583134 0.005233803218308663
24 0.3546954757797122 0.04851817155909548 0.011319501977166357 0.010139824505632156
25 0.35837889129303185 0.05426007316824984 0.011319501977166357 0.010139824505632156
12 0.45820384186387314 0.29628331822457127 0.014571835969555025 0.013483345792955603
29 0.4172870231945236 0.22369277020204273 0.011319501977166269 0.010139824505632156
29 0.4828125 0.3421875 0.0125 0.009375
17 0.41875402270023193 0.22614578084570444 0.011319501977166269 0.010139824505632156
14 0.48671875 0.3625 0.0046875 0.0125
25 0.42605718673067694 0.2391920840640131 0.012945668973360825 0.011811585149293879
27 0.46463025540002645 0.31161874112104915 0.012882001977166269 0.01024908514929379
28 0.4347636832706357 0.2562538979259835 0.014571835969555025 0.013483345792955603
21 0.40130919612221694 0.19280340312176358 0.011255834980972068 0.008577324505632155
29 0.4668466714076377 0.3149076320865417 0.012945668973360825 0.01181158514929379
28 0.47992233296662457 0.3401097278794973 0.011319501977166269 0.010139824505632156
24 0.46029292387909565 0.3026972091900639 0.012945668973360825 0.01181158514929379
24 0.46971700342286005 0.32137615337386516 0.012945668973360825 0.01181158514929379
14 0.47633441794759646 0.3320240762703429 0.011319501977166269 0.010139824505632156
16 0.37943153752897957 0.1528832434668376 0.013009335969555202 0.01337408514929388
14 0.3990927801146057 0.189514512156271 0.014571835969555025 0.013483345792955603
10 0.43042635174970484 0.24733236599499833 0.012945668973360825 0.011811585149293879
31 0.4734004189361797 0.3271180549830195 0.00969333498097189 0.008468063861970344
21 0.3947554485936749 0.18059298022528583 0.012945668973360825 0.011811585149293879
27 0.47776958395520774 0.33525833691400464 0.011319501977166269 0.010139824505632156
29 0.40783111015266194 0.20579507601824143 0.009693334980972069 0.008468063861970432
2 0.3663240424718955 0.12846239767388198 0.012945668973360736 0.011811585149293879
30 0.4631950893924152 0.3083844804773873 0.012945668973360825 0.011811585149293969
25 0.484375 0.3578125 0.009375 0.0125
2 0.37137895699663187 0.13900105992669803 0.014571835969555202 0.013483345792955603
18 0.40929810965837027 0.20824808666190314 0.00969333498097189 0.008468063861970432
24 0.48359375 0.346875 0.0109375 0.009375
12 0.40567836114124506 0.2009436850527488 0.012945668973360825 0.011811585149293879
0 0.37353170600804875 0.14385245089219065 0.014571835969555025 0.013483345792955603
30 0.4360715152858582 0.2626131585696453 0.012945668973360825 0.011811585149293879
27 0.4428162638029834 0.27013608146612306 0.011319501977166269 0.010139824505632156
22 0.44937001133152543 0.2823465043626009 0.013009335969555202 0.01337408514929388
14 0.42237377121735714 0.23345018245485877 0.012945668973360825 0.011811585149293879
14 0.45145909334674794 0.28876039532809344 0.012945668973360825 0.011811585149293879
0 0.3691943744871179 0.13493091896120543 0.011319501977166269 0.010139824505632156
11 0.34066746787104685 0.0851440864098016 0.012945668973360736 0.011811585149293879
17 0.3590527119395478 0.11463484445557329 0.012945668973360736 0.011811585149293879
29 0.3568044624338394 0.11212720349008069 0.011319501977166357 0.010139824505632156
23 0.4136036076812039 0.21795086859288837 0.011319501977166269 0.010139824505632156
25 0.4828125 0.35234375 0.0125 0.0109375
14 0.44490534581820584 0.27654997243161566 0.012945668973360825 0.011811585149293879
24 0.41070144216788423 0.21226359730556488 0.012945668973360825 0.011811585149293879
20 0.33411372034250475 0.0729336635133238 0.012945668973360736 0.011811585149293879
15 0.3457542158938805 0.09490149866261768 0.01125583498097198 0.008577324505632155
27 0.38947769958225803 0.1755230679724697 0.011319501977166269 0.010139824505632156
14 0.3814251190499105 0.16164088443233018 0.012945668973360825 0.011811585149293879
14 0.3865437005708413 0.17061704668514627 0.011319501977166269 0.010139824505632156
14 0.40108636163553657 0.19827215312176358 0.011319501977166269 0.010139824505632156
25 0.439005514297275 0.2675191798569687 0.012945668973360825 0.011811585149293879
23 0.3836097015594245 0.16571102539782281 0.012945668973360825 0.011811585149293879
28 0.3086163132321421 0.025709102249243453 0.014571835969555202 0.013483345792955603
10 0.3916622820917722 0.17959320893796232 0.011319501977166269 0.010139824505632156
14 0.36032871045667303 0.12177535509923505 0.011319501977166357 0.010139824505632156
27 0.3494057979091029 0.10142465027177203 0.011319501977166269 0.010139824505632156
24 0.3472212153995889 0.0973545093062794 0.011319501977166357 0.010139824505632156
28 0.3362983028520188 0.07700380447881641 0.011319501977166357 0.010139824505632156
14 0.35233979692051975 0.10633067155909548 0.011319501977166357 0.010139824505632156
31 0.313575727262587 0.03859151450205951 0.011383168973360735 0.011702324505632156
14 0.32746447231967113 0.063066990616846 0.012945668973360736 0.011811585149293879
14 0.34356963338436647 0.0908313576971251 0.012945668973360825 0.011811585149293879
32 0.3237810568063515 0.05732508900769166 0.013009335969555114 0.01337408514929388
23 0.31941189178732343 0.04918480707670645 0.012945668973360736 0.011811585149293879
14 0.3165097262740038 0.04349753578938298 0.012945668973360736 0.011811585149293879
14 0.32961722133108795 0.06791838158233858 0.011319501977166357 0.010139824505632156
14 0.31064172825117015 0.03368549321473604 0.012945668973360736 0.011811585149293879
18 0.33658746292813096 0.10836306512247815 0.009629667984777601 0.006905563861970432
17 0.34751037547570107 0.12871376994994116 0.011319501977166357 0.010139824505632156
13 0.31836138635011596 0.07496605707670645 0.011319501977166357 0.010139824505632156
11 0.3240702168824637 0.08868434965135341 0.011319501977166357 0.010139824505632156
21 0.3350886299243253 0.10669130447881643 0.012882001977166357 0.01024908514929388
11 0.3058441403044487 0.05528734160558171 0.012945668973360736 0.011811585149293879
29 0.3460433759699927 0.12626075930627945 0.011319501977166357 0.010139824505632156
29 0.35187954049472914 0.13685405188092634 0.011319501977166357 0.010139824505632156
18 0.30235172577971225 0.04485793999642738 0.012882001977166357 0.01024908514929388
10 0.3488182074909235 0.1350730305936029 0.011319501977166357 0.010139824505632156
27 0.3298745479091029 0.10005889222600035 0.00969333498097189 0.008468063861970432
17 0.29642006076068417 0.03660839742178044 0.011319501977166357 0.010139824505632156
23 0.33792712844145056 0.11394107576613988 0.011319501977166357 0.010139824505632156
29 0.29348606174926734 0.03170237613445694 0.011319501977166357 0.010139824505632156
30 0.33205913041861695 0.10412903319149294 0.011319501977166357 0.010139824505632156
28 0.3196692183653384 0.08132531772036819 0.011319501977166357 0.010139824505632156
30 0.31096272182537954 0.06426350385839778 0.012945668973360736 0.011811585149293879
24 0.3088099728139627 0.059412112892905176 0.012945668973360736 0.011811585149293879
27 0.30219255828922625 0.04876418999642738 0.008067167984777602 0.006796303218308708
23 0.31386488733869916 0.06995077514572126 0.012945668973360736 0.011811585149293879
14 0.2985091427759066 0.043022288387273025 0.011319501977166357 0.010139824505632156
34 0.3254417158938805 0.09348111029501513 0.012945668973360736 0.011811585149293879
16 0.3377042939547702 0.11940982576613987 0.014571835969555113 0.013483345792955603
21 0.4389299184418881 0.3270580708224614 0.012882001977166269 0.01024908514929379
29 0.44173658346091604 0.3350890921097848 0.011319501977166269 0.010139824505631978
13 0.3957966837649273 0.2511786318344401 0.012945668973360825 0.011811585149293879
13 0.4264445058943179 0.3065981053513366 0.014571835969555025 0.013483345792955603
14 0.4439211659704302 0.3391592330752774 0.012945668973360825 0.01181158514929379
29 0.4125875943353311 0.2813413792365501 0.011319501977166269 0.010139824505632156
27 0.44610574847994416 0.34322937404077003 0.011319501977166269 0.010139824505632156
17 0.41480401034294234 0.28463027020204273 0.011319501977166269 0.010139824505632156
10 0.438738917453305 0.3317455708224613 0.011319501977166269 0.010139824505632156
28 0.43365216943047125 0.32198815856964524 0.012945668973360825 0.01181158514929379
13 0.366615861141245 0.19821216896120544 0.012945668973360736 0.011811585149293879
29 0.39064626874589925 0.24298371958162407 0.012945668973360825 0.011811585149293879
11 0.3433348700384936 0.15427649866261767 0.012945668973360736 0.011811585149293879
13 0.3745411076812039 0.21521935250134497 0.012945668973360825 0.011811585149293879
14 0.4167657583657759 0.29416916116753533 0.012945668973360825 0.011811585149293879
18 0.3593445306088974 0.18438461574289677 0.012882001977166357 0.01024908514929388
10 0.42856542140763765 0.3122307463168291 0.011319501977166269 0.010139824505632156
29 0.4059383463124974 0.2714747063400723 0.009629667984777513 0.006905563861970432
14 0.42126225737719275 0.29918444309852055 0.012945668973360825 0.011811585149293879
21 0.31930446243383936 0.10950494804219905 0.01125583498097189 0.008577324505632155
21 0.33678112250995157 0.1420660757661399 0.012882001977166357 0.01024908514929388
27 0.4161755093543592 0.2894270308457044 0.011319501977166269 0.010139824505632156
23 0.38768043623638526 0.2388589482943006 0.011319501977166269 0.010139824505632156
21 0.3177419624338394 0.10939568739853733 0.01125583498097189 0.008577324505632155
13 0.33812078802327117 0.1476440864098016 0.01619800296574958 0.015155106436617327
23 0.37160710866978713 0.21031333121402151 0.012945668973360825 0.011811585149293879
24 0.38181243821355154 0.22904690571965367 0.011319501977166269 0.010139824505632156
24 0.40730984532391423 0.276271466983734 0.012945668973360825 0.011811585149293879
18 0.3024498848672412 0.0809047006400891 0.009629667984777601 0.006905563861970432
18 0.30610146688246365 0.08742785224924346 0.01125583498097189 0.008577324505632155
10 0.36870494315646746 0.20462605992669808 0.012945668973360825 0.011811585149293879
11 0.3126552144110057 0.09963827514572125 0.012945668973360736 0.011811585149293879
30 0.39860334878395526 0.25920965312176364 0.012945668973360825 0.011811585149293879
14 0.3920177677573161 0.2477804802252858 0.011319501977166269 0.010139824505632156
12 0.3534128655898693 0.17613507316824983 0.011319501977166357 0.010139824505632156
12 0.3788784392021348 0.22414088443233018 0.012945668973360825 0.011811585149293879
27 0.3483261175670357 0.16637766091543377 0.011319501977166357 0.010139824505632156
21 0.3031674678710468 0.08252183096191996 0.009629667984777513 0.006905563861970432
30 0.3847146037268713 0.23473417700697713 0.011319501977166269 0.010139824505632156
34 0.42987325342286004 0.3185900069604909 0.01619800296574958 0.015155106436617416
22 0.29658188684440756 0.07109265806544215 0.013009335969555114 0.01337408514929388
14 0.3555974480993833 0.1802052141337424 0.011319501977166269 0.010139824505632156
14 0.3629006121298282 0.1932515173520511 0.012945668973360825 0.011811585149293879
29 0.32282871045667305 0.11915309965135341 0.011319501977166357 0.010139824505632156
10 0.3155573799243253 0.1053255464330447 0.011319501977166357 0.010139824505632156
14 0.35051070007654966 0.17044780188092634 0.011319501977166357 0.010139824505632156
25 0.40066059730108067 0.2664047940872562 0.012945668973360825 0.011811585149293879
14 0.3431438690499104 0.15896399866261768 0.011319501977166269 0.010139824505632156
28 0.3234826264642842 0.12233272997318427 0.011319501977166357 0.010139824505632156
31 0.35918536311841137 0.18829086574289677 0.011319501977166357 0.010139824505632156
30 0.33371978950614595 0.1402850544788164 0.011319501977166357 0.010139824505632156
23 0.3074729658938805 0.09222461289290518 0.011319501977166357 0.010139824505632156
24 0.31986287794715895 0.11502832836402992 0.011319501977166269 0.010139824505632156
24 0.3300363739928263 0.13454315286966206 0.011319501977166357 0.010139824505632156
10 0.29948405235772724 0.07677992935276563 0.011319501977166357 0.010139824505632156
12 0.3271342084795067 0.12885588158233857 0.011319501977166357 0.010139824505632156
13 0.3982067593543592 0.2881705334435945 0.014571835969555025 0.013483345792955603
29 0.3916211783277198 0.2767413605471167 0.009693334980972069 0.008468063861970344
21 0.3683083537268713 0.23358694024852894 0.012882001977166269 0.01024908514929388
11 0.3748621012554133 0.24579736314500672 0.01619800296574958 0.015155106436617416
13 0.3719917692401909 0.23932884185768324 0.014571835969555025 0.013483345792955603
20 0.3550735246773983 0.21229109445557331 0.011319501977166357 0.010139824505632156
23 0.3893410953239142 0.2750149695816241 0.011319501977166269 0.010139824505632156
29 0.3441506121298282 0.19194038962811028 0.011319501977166357 0.010139824505632156
13 0.3106006244871179 0.1308336448238904 0.012945668973360736 0.011811585149293879
12 0.38132034828966377 0.26035153604148453 0.012945668973360825 0.011811585149293879
18 0.30482812695857586 0.11867785224924346 0.01125583498097189 0.008577324505632155
24 0.38197426429727505 0.2635311663633154 0.011319501977166269 0.010139824505632156
21 0.30551387646428424 0.12107623257107432 0.01125583498097198 0.008577324505632155
29 0.32807728456323004 0.16339477254783122 0.012945668973360736 0.011811585149293879
21 0.2880053828900749 0.0892963548471335 0.009629667984777601 0.006905563861970432
18 0.31790378851756274 0.14387994804219906 0.01125583498097198 0.008577324505632155
30 0.38640709631249737 0.2701089482943006 0.011319501977166269 0.010139824505632156
11 0.2814516353615328 0.07708593195065568 0.012945668973360736 0.011811585149293879
27 0.35139010916407865 0.20654919284641898 0.011319501977166357 0.010139824505632156
21 0.2873196333843665 0.08689797452530264 0.009629667984777513 0.006905563861970432
17 0.3208059540308824 0.1495672193295225 0.011319501977166357 0.010139824505632156
22 0.34705277764314785 0.19762766091543377 0.013009335969555114 0.01337408514929388
24 0.32211378604610486 0.15592647997318426 0.011319501977166357 0.010139824505632156
10 0.3324464495822581 0.1715350544788164 0.011319501977166357 0.010139824505632156
10 0.34992310965837026 0.20409618220275724 0.011319501977166357 0.010139824505632156
32 0.3586614396964264 0.22037674606472762 0.013009335969555114 0.01337408514929388
30 0.36449760422116284 0.23097003863937457 0.009693334980971979 0.008468063861970432
29 0.31858953802327117 0.14627832836402993 0.011319501977166269 0.010139824505632156
14 0.39289717684484504 0.2838818711907784 0.012945668973360825 0.011811585149293879
28 0.341934196122217 0.18865149866261768 0.011319501977166357 0.010139824505632156
32 0.3142203730042431 0.1381380464330447 0.012945668973360736 0.011811585149293879
24 0.339749613612703 0.18458135769712508 0.011319501977166269 0.010139824505632156
24 0.362344855209746 0.22611864767388196 0.011319501977166269 0.010139824505632156
14 0.37542051676873295 0.2513207434668376 0.012945668973360825 0.011811585149293879
30 0.32664211855561887 0.1601605119041695 0.011383168973360735 0.011702324505632156
22 0.297365795437645 0.10953779903093475 0.011446835969555202 0.013264824505632156
29 0.29084388140720013 0.09654612613445694 0.009629667984777513 0.006905563861970432
28 0.29299663041861695 0.10139751709994957 0.011319501977166357 0.010139824505632156
10 0.3010173774528674 0.1160609506400891 0.011319501977166357 0.010139824505632156
25 0.33453553159748056 0.177948945444309 0.011319501977166357 0.010139824505632156
24 0.2886274653995889 0.09325723516896436 0.011319501977166357 0.010139824505632156
14 0.30538654247189545 0.12420123257107432 0.011319501977166357 0.010139824505632156
10 0.28354071737675524 0.08349982291614828 0.012945668973360736 0.011811585149293879
18 0.3888490054000265 0.306319599903455 0.014444501977166268 0.010358345792955604
15 0.3903478384038321 0.3079913605471167 0.012882001977166269 0.01024908514929379
13 0.36553618079917777 0.2631651796048672 0.01619800296574958 0.015155106436617416
13 0.39690158593237407 0.3202017834435945 0.01619800296574958 0.015155106436617416
13 0.3428454387078432 0.22397163962811026 0.014508168973360736 0.011920845792955603
11 0.37492842684484506 0.2826253737886685 0.014571835969555025 0.013483345792955603
18 0.39022050441144324 0.31111636054711667 0.01125583498097189 0.008577324505632155
11 0.31584919859367494 0.1750753177203682 0.014571835969555113 0.013483345792955603
27 0.38578767239622086 0.30453857861613143 0.011319501977166269 0.010139824505632156
18 0.3107942840689385 0.1645366554675521 0.012882001977166357 0.01024908514929388
29 0.35230135174970484 0.24186933381191156 0.00969333498097189 0.008468063861970432
14 0.3908425869209573 0.3150772408689475 0.012945668973360825 0.01181158514929379
31 0.38066909087529 0.2955624163633154 0.011319501977166269 0.010139824505632156
29 0.366812179316303 0.2703056902485289 0.012945668973360736 0.011811585149293879
18 0.3063932855518132 0.1571776235365669 0.01125583498097189 0.008577324505632155
14 0.37629992585626193 0.28742213443233017 0.012945668973360825 0.011811585149293879
21 0.3216853631184114 0.18566861029501514 0.014444501977166357 0.010358345792955604
29 0.32605452813743946 0.19380889222600034 0.012945668973360825 0.011811585149293879
21 0.3405971892021348 0.22146399866261768 0.014444501977166357 0.010358345792955604
24 0.3682791788220115 0.2727587008921907 0.012945668973360825 0.011811585149293879
23 0.3551716837649273 0.24833785509923506 0.012945668973360736 0.011811585149293879
14 0.36103968178776097 0.25814989767388197 0.012945668973360646 0.011811585149293879
21 0.3078921185556188 0.15884938418022862 0.009693334980971979 0.008468063861970344
21 0.320999613612703 0.18327022997318426 0.014444501977166268 0.010358345792955604
14 0.35813751627444135 0.2524626263865585 0.012945668973360736 0.011811585149293879
32 0.33101394216788427 0.20669130447881642 0.013009335969555114 0.01337408514929388
24 0.33466552418310674 0.21321445608797074 0.011319501977166357 0.010139824505632156
23 0.344839020228774 0.2327292805936029 0.011319501977166357 0.010139824505632156
29 0.27858396193954776 0.10900792130699392 0.012882001977166357 0.01024908514929388
11 0.47157663927868454 0.46801620659217386 0.014571835969555025 0.013483345792955603
17 0.4859375 0.50390625 0.00625 0.0140625
18 0.26766104939197766 0.08865721647953093 0.012882001977166357 0.01024908514929388
14 0.38285367338480397 0.299632557328808 0.011319501977166269 0.010139824505632156
28 0.2662258833843665 0.08542295583586919 0.014571835969555202 0.013483345792955603
24 0.32377444513363385 0.19208250126050772 0.011319501977166357 0.010139824505632156
24 0.34852243574209363 0.2384711822027572 0.012945668973360736 0.011811585149293879
22 0.29902645452517396 0.14569382031825823 0.013009335969555202 0.01337408514929388
22 0.4606537267311143 0.44766550176471076 0.014571835969555025 0.013483345792955603
30 0.3368501066926207 0.21728459705346337 0.011319501977166357 0.010139824505632156
28 0.32739419365075906 0.19938690286966207 0.011319501977166269 0.010139824505632156
23 0.29387603950614594 0.13749890806544215 0.011319501977166357 0.010139824505632156
23 0.3106351165784525 0.1684429054675521 0.009693334980971979 0.008468063861970432
27 0.28220371045667303 0.11631232291614828 0.009693334980971979 0.008468063861970432
15 0.48359375 0.49296875 0.0109375 0.0109375
29 0.48515625 0.49765625 0.0078125 0.0109375
24 0.2909738739928263 0.13181163677811872 0.012945668973360736 0.011811585149293879
10 0.302614369544202 0.15377947192741254 0.011319501977166357 0.010139824505632156
10 0.3179382806088974 0.18148920868586077 0.011319501977166357 0.010139824505632156
23 0.2727477974148113 0.09841462873234699 0.011319501977166357 0.010139824505632156
14 0.28513770946808986 0.12121834420347177 0.011319501977166357 0.010139824505632156
28 0.2872904584795067 0.12606973516896436 0.011319501977166357 0.010139824505632156
22 0.46867447376536475 0.4623289353048504 0.012945668973360825 0.01181158514929379
28 0.47881613631293496 0.48262500981048256 0.011319501977166269 0.010139824505631978
30 0.279237877947159 0.1121875516288248 0.00969333498097189 0.008468063861970344
10 0.27564996292813093 0.10410190001967048 0.011319501977166357 0.010139824505632156
14 0.4737293882901012 0.4728675975576664 0.012945668973360825 0.01181158514929379
24 0.4832171348300601 0.4899840417414677 0.011319501977166269 0.010139824505632156
14 0.46424164175014243 0.4557511533738651 0.012945668973360825 0.01181158514929379
27 0.476631553803421 0.47855486884498993 0.011319501977166269 0.010139824505632156
16 0.2689688814072001 0.09501647712319268 0.012945668973360736 0.011811585149293879
32 0.2659407460084863 0.3423831500196705 0.019514003954332716 0.020061127723940687
18 0.2527695839552077 0.3195248042267148 0.014508168973360736 0.011920845792955603
13 0.2775175745636676 0.3659134851689643 0.01782416996194396 0.01682686708027923
20 0.24908616844188813 0.3137829026175606 0.01782416996194396 0.01682686708027905
27 0.27308474254844517 0.35933570323797914 0.011319501977166357 0.010139824505632156
10 0.27015074353702834 0.3544296819506556 0.01619800296574958 0.015155106436617416
10 0.12378371539958888 0.08173023726265131 0.013009335969555114 0.01337408514929388
29 0.12740346391671414 0.08903463887180565 0.016198002965749535 0.015155106436617327
22 0.25635749897423576 0.3276104558358692 0.014699169961943958 0.016608345792955604
18 0.24593199353702833 0.35273614197389874 0.017696835969555114 0.013701867080279229
22 0.22829616597043018 0.324081264249958 0.022702670950527092 0.02184214901126431
21 0.25522873908840404 0.37454008615770007 0.01782416996194396 0.01682686708027905
13 0.26690106813787695 0.39572667130699396 0.01619800296574958 0.015155106436617416
29 0.11554279247189544 0.11092606436617354 0.017824169961943914 0.01682686708027905
27 0.2428706605332227 0.3509551206865753 0.014571835969555113 0.013483345792955603
27 0.2749536486702246 0.4096088548471335 0.014571835969555113 0.013483345792955603
10 0.26328131962075174 0.3884222696978396 0.01782416996194396 0.01682686708027905
10 0.23256983049516666 0.33456529618094316 0.01619800296574958 0.015155106436617416
24 0.23840599501990312 0.34515858875559 0.01619800296574958 0.015155106436617416
29 0.24567732555225077 0.3589861419738988 0.014508168973360736 0.011920845792955603
27 0.10367946243383938 0.09442697921687962 0.014571835969555113 0.013483345792955603
19 0.23475441300468064 0.3386354371464358 0.02088550296574958 0.015482888367602499
14 0.2696758996588078 0.40453894259431744 0.014571835969555113 0.013483345792955603
14 0.1378833660841609 0.15871335434293038 0.01619800296574949 0.015155106436617327
24 0.1065497944490618 0.10089550050420311 0.016198002965749535 0.015155106436617327
24 0.13132961855561884 0.1465029314464526 0.016198002965749535 0.015155106436617327
27 0.1342317840689385 0.15219020273377604 0.014571835969555113 0.013483345792955603
14 0.25731782110362644 0.3809539771231926 0.014571835969555202 0.013483345792955603
14 0.11675512399282631 0.11962907500983526 0.016198002965749535 0.015155106436617416
22 0.12184187201565995 0.12938648726265134 0.01619800296574949 0.015155106436617416
25 0.1253024530422992 0.14059713887180564 0.016198002965749535 0.015155106436617327
34 0.2462039075674732 0.36529077229572965 0.019386669961943957 0.016936127723940864
28 0.23628910220681537 0.6278454026175606 0.0503475098858317 0.05026207995351371
18 0.11320306517212742 0.39908162822814397 0.017696835969555114 0.013701867080279229
18 0.1205062292025723 0.4121279314464526 0.017696835969555114 0.01370186708027905
18 0.14163447129390688 0.4512122107795477 0.017696835969555114 0.013701867080279229
29 0.27192817186474816 0.6953660383872731 0.03389483893530461 0.02885697351689629
18 0.13651588977297605 0.4422360485267317 0.017696835969555114 0.013701867080279229
18 0.15836171486811626 0.4829374581816577 0.014444501977166357 0.010358345792955604
21 0.15904746437382467 0.4853358385034886 0.014444501977166357 0.010358345792955604
21 0.16126388038143585 0.4886247294689811 0.012882001977166357 0.01024908514929379
20 0.10577256714929377 0.3891603250098353 0.017824169961943914 0.01682686708027905
21 0.14013563829010128 0.44954045013588606 0.012945668973360736 0.01181158514929379
17 0.15311579935479663 0.47708629592884166 0.019450336958138338 0.018498627723940685
25 0.12846330924062838 0.4283538649865921 0.017824169961943914 0.01682686708027905
17 0.1335818907615592 0.4373300272394083 0.016198002965749535 0.015155106436617416
21 0.13560730578058727 0.4453064182049008 0.014508168973360736 0.011920845792955603
29 0.11669547969686386 0.40951102983729826 0.014508168973360736 0.011920845792955603
23 0.25426051080005285 0.6674924106633322 0.03245967292769336 0.03187271287323483
10 0.2630306743362061 0.6829917245253027 0.030833505931498983 0.03020095222957302
14 0.27578125 0.70703125 0.0296875 0.0234375
27 0.10942414916451622 0.3956834766189896 0.014571835969555113 0.013483345792955603
28 0.14653021832815738 0.4656571230323639 0.01619800296574949 0.015155106436617416
28 0.11298023068544705 0.4045503782281439 0.014571835969555113 0.013483345792955603
14 0.24552218076199672 0.6512118468013618 0.029143671939110227 0.026966691585911206
23 0.12028339471589193 0.41759668144645257 0.014571835969555113 0.013483345792955603
25 0.14056671981103214 0.4581888304577169 0.017824169961943914 0.01682686708027905
29 0.12706263532435175 0.4627288649865921 0.012945668973360736 0.01181158514929379
17 0.1276210508376714 0.468252245308423 0.014571835969555113 0.013483345792955603
18 0.1347650473776303 0.48520479852673165 0.014444501977166357 0.010358345792955604
29 0.15005712494422843 0.5136957852851799 0.014508168973360736 0.011920845792955603
29 0.10268205924062838 0.42655106436617346 0.017696835969555114 0.013701867080279229
18 0.14497037692139478 0.5039383730323638 0.014508168973360736 0.011920845792955603
28 0.08576381467783585 0.3995133169640635 0.021012836958138336 0.0186078883676025
13 0.12951913186431066 0.4793536362739156 0.017824169961943914 0.01682686708027923
29 0.13825746190236674 0.495634200135886 0.014508168973360736 0.011920845792955603
2 0.11494463730151812 0.45247977983729826 0.017824169961943914 0.01682686708027905
8 0.11931380232054616 0.4606200617682834 0.019386669961943916 0.016936127723940687
27 0.10764147327107323 0.4394334766189896 0.012945668973360736 0.01181158514929379
27 0.13962896091378357 0.5004309607795477 0.011319501977166357 0.010139824505632156
12 0.1447475424347144 0.5094071230323639 0.012945668973360736 0.01181158514929379
14 0.08857047969686387 0.40754433825138703 0.01619800296574949 0.015155106436617416
23 0.09219022821398912 0.41484873986054127 0.01619800296574949 0.015155106436617416
28 0.1336972958947555 0.4921814182049008 0.014571835969555113 0.013483345792955603
10 0.09730880973491995 0.42382490211335744 0.01619800296574949 0.015155106436617416
24 0.10311314076155922 0.43519944468800437 0.014571835969555113 0.013483345792955603
2 0.03083623414548816 0.382353314114072 0.02914367193911027 0.026966691585911206
1 0.054898475248239584 0.4263436147344907 0.03233233893530465 0.028747712873234833
0 0.038043897681641445 0.3977433673323806 0.02914367193911027 0.026966691585911206
2 0.046877728213989125 0.411680181194351 0.02914367193911027 0.026966691585911206
6 0.014826573575084401 0.35224519703379287 0.02914367193911027 0.026966691585911206
23 0.0046875 0.33125 0.009375 0.021875
21 0.003125 0.48515625 0.00625 0.0203125
17 0.08897109182669208 0.6669029127570192 0.029143671939110227 0.026966691585911206
29 0.11328125 0.7078125 0.0328125 0.021875
13 0.00625 0.49609375 0.0125 0.0296875
29 0.08085484429815001 0.6545832292168796 0.029080004942915894 0.025404191585911208
19 0.01015625 0.5125 0.0203125 0.025
29 0.02124903403175743 0.5407285428267485 0.03564833992388783 0.0336537341605581
24 0.07351984676960796 0.642318175998571 0.025891337946721472 0.023623170298587758
30 0.02970086258693875 0.5640403566887189 0.025891337946721493 0.023623170298587758
22 0.04071927562880044 0.5820473115161819 0.02933467292769345 0.03165419158591121
27 0.024709615058396684 0.5519391944359029 0.021012836958138315 0.0186078883676025
27 0.10188758589519305 0.6960112585499747 0.02432883794672147 0.023513909654926123
32 0.11796875 0.7140625 0.0328125 0.009375
25 0.04929843817637054 0.6022341253781522 0.02914367193911027 0.026966691585911206
28 0.06256510072394066 0.622748721171108 0.025891337946721472 0.023623170298587758
14 0.09302192186474816 0.6828556946880043 0.027517504942915848 0.025294930942249393
1 0.67578125 0.21796875 0.3734375 0.4046875
1 0.7 0.3203125 0.421875 0.409375
3 0.75625 0.57578125 0.4875 0.2859375
3 0.7765625 0.61328125 0.446875 0.2109375
5 0.73515625 0.38671875 0.4921875 0.4390625
7 0.74140625 0.4734375 0.5046875 0.425
6 0.74453125 0.534375 0.5109375 0.36875
8 0.653125 0.17734375 0.328125 0.3546875
9 0.6328125 0.13828125 0.2875 0.2765625
19 0.24453125 0.859375 0.4890625 0.28125
28 0.74296875 0.859375 0.5078125 0.28125