18 0.43046875 0.41796875 0.0390625 0.0328125
20 0.43125 0.403125 0.0375 0.05
18 0.33828125 0.55390625 0.0453125 0.0109375
13 0.34765625 0.54375 0.0578125 0.03125
29 0.38199266558768175 0.49660599603780026 0.05015650889724856 0.04614141848667046
22 0.41953125 0.4359375 0.0609375 0.05625
14 0.43515625 0.384375 0.0296875 0.05
23 0.36850316855343124 0.5118164078565111 0.04377917490485981 0.04250623545613248
14 0.3567035055115696 0.5300242739175873 0.050220175893442943 0.04770391848667046
18 0.25703125 0.54921875 0.0484375 0.0203125
17 0.29367958208958456 0.5030310813441515 0.05334517589344294 0.047959010001939716
25 0.32223832220375276 0.4536689390702781 0.05340884288963732 0.04952151000193972
22 0.43046875 0.26640625 0.0390625 0.0546875
13 0.37015455737500513 0.37921120194715574 0.05822367688202625 0.053029147274843244
18 0.3621338103407547 0.3939752036141456 0.046713173916276676 0.03807382697140156
29 0.2809076680591397 0.516615220284045 0.04684050790866543 0.04119882697140156
32 0.2421875 0.55390625 0.05 0.0109375
27 0.32931865174751723 0.43506246028210543 0.04046317391627667 0.0375636439408634
23 0.3896247989720482 0.33764558421908947 0.050220175893442943 0.04770391848667064
28 0.3475765618236295 0.40221813831167375 0.04208934091247087 0.03925368969849785
12 0.4028914615196183 0.3169664224003787 0.046967841901054186 0.04432382697140156
14 0.3006007441428631 0.4805183525559789 0.04859400889724856 0.04601387272903601
14 0.33812064878176773 0.4202346857362982 0.050220175893442943 0.04770391848667064
23 0.44453125 0.21953125 0.0109375 0.0421875
14 0.3778569694282837 0.3566347002801658 0.04703150889724857 0.04588632697140156
10 0.43828125 0.23828125 0.0234375 0.0453125
23 0.26015625 0.53984375 0.0453125 0.0390625
34 0.40675129056909115 0.296271285127475 0.05822367688202625 0.053029147274843424
15 0.175 0.5453125 0.05 0.028125
18 0.42890625 0.13984375 0.0421875 0.0390625
18 0.25433589779318455 0.42237088376974585 0.046713173916276676 0.03807382697140156
17 0.33097004056909113 0.30245725437274995 0.055035009885831696 0.051211555759574166
18 0.1671875 0.55078125 0.046875 0.0171875
13 0.40372976684309503 0.18364373936984055 0.05991351087441501 0.056281693032477875
17 0.20876341262193227 0.49663730225641645 0.055035009885831696 0.051211555759574166
29 0.2720353923559771 0.39505908467813144 0.05490767589344294 0.04808655575957417
29 0.3206055435348407 0.3174125746761918 0.04684050790866543 0.04119882697140156
29 0.19843074908577893 0.5123738725598581 0.04521434091247105 0.03950878121376711
20 0.2956983854358949 0.3602058525559789 0.05340884288963732 0.04952151000193972
12 0.4390625 0.09296875 0.021875 0.0484375
22 0.24016065125322567 0.4399888184672739 0.0503475098858317 0.050828918486670635
22 0.3733538587441492 0.22688342740134848 0.053599843878220456 0.054209010001939714
14 0.2149033246752107 0.4741883463470611 0.04859400889724856 0.04601387272903601
10 0.2784299723940332 0.37886012876877595 0.050220175893442943 0.04770391848667046
28 0.25838672783124067 0.4063632464968422 0.04371550790866543 0.04094373545613248
14 0.34023495262236975 0.2797532069481255 0.046967841901054186 0.04432382697140156
23 0.43125 0.1234375 0.0375 0.04375
10 0.38568010380123335 0.20236178846145494 0.0518463428896375 0.04939396424430509
14 0.40990151239447076 0.16197603346048509 0.05184634288963732 0.04939396424430509
14 0.3003394644853678 0.339446942404258 0.04534167490485981 0.04263378121376711
34 0.17416291954201438 0.5323833546820108 0.055035009885831696 0.051211555759574166
34 0.3455936146756482 0.2573680239175874 0.05822367688202625 0.053029147274843244
21 0.27561669570228753 0.2521063101323242 0.04346083992388792 0.03469373545613248
13 0.25276678612046694 0.28767701937565954 0.055035009885831696 0.051211555759574166
11 0.368451500037181 0.10657092740134848 0.05822367688202608 0.053029147274843244
15 0.21162713296443697 0.35531080058942643 0.05165534190105418 0.044706464244305265
29 0.30573793581645575 0.20261662210081627 0.048466674904859806 0.04288887272903601
18 0.41174390220462787 0.0340583275511297 0.04346083992388792 0.03469373545613248
29 0.12182182813525184 0.4982473418051331 0.04684050790866543 0.04119882697140156
22 0.34499675399151375 0.1272978866446838 0.053599843878220456 0.054209010001939714
14 0.15602573178557338 0.43353126650072155 0.04859400889724856 0.04601387272903601
23 0.18976672041686687 0.3766914640751272 0.04371550790866543 0.04094373545613248
27 0.21480121250820156 0.33702318619534016 0.03714717292769336 0.03262105242559432
30 0.23537103908621643 0.3032062955884566 0.04534167490485981 0.04263378121376711
23 0.31634251338305386 0.1743162789185572 0.046967841901054186 0.04432382697140156
27 0.3832979086304185 0.06695044694618586 0.03714717292769336 0.03262105242559432
31 0.16698047783124065 0.41382467331846257 0.050220175893442943 0.04770391848667064
14 0.1772494743711995 0.39652560301502077 0.050220175893442943 0.04770391848667046
14 0.37299707859236236 0.08346826724962764 0.04703150889724857 0.04588632697140156
30 0.2604055311775511 0.2635380177086695 0.04534167490485963 0.04263378121376711
23 0.2914353552841081 0.21710955679834426 0.04534167490485981 0.04263378121376711
23 0.4140625 0.01875 0.046875 0.0375
10 0.4296875 0.00625 0.040625 0.0125
27 0.0796875 0.5484375 0.0375 0.021875
14 0.09559225056865368 0.5278231425637375 0.046967841901054186 0.04432382697140156
12 0.10895441361051539 0.5094877307450266 0.046967841901054186 0.04432382697140156
14 0.2780731922422464 0.23544496861705513 0.04859400889724856 0.04601387272903601
30 0.3272017589344296 0.15226593573629818 0.04371550790866543 0.04094373545613248
28 0.39131865566466895 0.052186445279195935 0.04046317391627667 0.0375636439408634
10 0.22373054353484073 0.3253204116495329 0.04371550790866543 0.0409437354561323
27 0.0875 0.5421875 0.0375 0.034375
21 0.31659056969511373 0.045744868766836345 0.04346083992388792 0.03469373545613248
18 0.18789386121560714 0.25378012255985816 0.046713173916276676 0.03807382697140156
17 0.16804161764139777 0.2859707402879244 0.05822367688202608 0.053029147274843244
18 0.3019205746380297 0.07045782634318173 0.046713173916276676 0.03807382697140156
13 0.10982455243208929 0.37694629771448857 0.055035009885831696 0.051211555759574166
11 0.12980412999868746 0.34788067998642236 0.05822367688202616 0.053029147274843244
29 0.15695953760334164 0.3025523334701834 0.04684050790866543 0.04119882697140156
28 0.21139768680503898 0.2150206404377056 0.05822367688202625 0.053029147274843244
21 0.2679567515200558 0.12182887876877602 0.05340884288963732 0.04952151000193963
29 0.22169851684309502 0.19850282013426385 0.04684050790866543 0.04119882697140156
29 0.334375 0.01796875 0.046875 0.0359375
24 0.0125 0.54375 0.025 0.03125
29 0.02109375 0.53203125 0.0421875 0.0546875
29 0.2399882604173044 0.16643974816383214 0.05015650889724856 0.04614141848667046
10 0.02638199414286304 0.5029026330208397 0.050220175893442943 0.04770391848667046
14 0.1725871961965791 0.26286808013620355 0.04534167490485981 0.04263378121376693
27 0.06162181577796213 0.444372784837611 0.03877333992388783 0.03431109818322895
31 0.08141039235597711 0.41061966710954473 0.04534167490485981 0.04263378121376693
24 0.06889314631030982 0.4304538060494383 0.04534167490485981 0.04263378121376693
14 0.09242880539783882 0.3924755739272857 0.050220175893442943 0.04770391848667064
14 0.27575466406762594 0.10159612710178605 0.04534167490485981 0.04263378121376693
30 0.3375 0.01015625 0.05 0.0203125
10 0.32064139973316985 0.029737231493932724 0.050220175893442943 0.04770391848667064
28 0.304440738174183 0.05535898482791266 0.04853034190105419 0.04445137272903601
27 0.188787857755566 0.2372463268022237 0.04684050790866543 0.04119882697140156
10 0.2248725963868595 0.18021520574017752 0.050220175893442943 0.04770391848667064
14 0.24475667345916605 0.14880583801211128 0.050220175893442943 0.04770391848667064
25 0.042568068249420055 0.4576858568080427 0.055035009885831696 0.051211555759574166
25 0.030895739199947148 0.479018722869119 0.055035009885831696 0.051211555759574166
16 0.282771326615196 0.08142714831361339 0.06310217787060939 0.05809928454774686
34 0.1302842910633828 0.3211906342287878 0.05822367688202608 0.053029147274843244
18 0.03087188148156219 0.3630110855962153 0.046713173916276676 0.03807382697140156
13 0.1464610949039848 0.17956124362190434 0.0581600098858317 0.05146664727484325
11 0.1847304160447923 0.11843255392340639 0.055035009885831696 0.051211555759574166
18 0.16038167345916604 0.15569330892437624 0.04833934091247105 0.03976387272903601
22 0.0234375 0.37890625 0.046875 0.0515625
20 0.04198579501771551 0.3472107424139564 0.05334517589344294 0.047959010001939716
20 0.2200339046760858 0.06146520574017753 0.055035009885831696 0.051211555759574166
29 0.16852975448580532 0.14405430725738627 0.051719008897248564 0.046268964244305176
23 0.08786202771750995 0.2611618010484684 0.04371550790866543 0.04094373545613248
10 0.19327774509426518 0.09735477937759915 0.05184634288963732 0.04939396424430509
14 0.0474717910633828 0.3279505593834182 0.050220175893442943 0.04770391848667046
10 0.07540844866803705 0.28255843998836205 0.05184634288963732 0.04939396424430527
28 0.10556152228030244 0.23385000195685404 0.04371550790866543 0.04094373545613248
23 0.12834776486592867 0.19671679271351872 0.04534167490485981 0.04263378121376693
12 0.06351328513188373 0.2984225560494383 0.046967841901054186 0.04432382697140156
12 0.20345124113993246 0.07771195907415747 0.050220175893442943 0.04770391848667064
14 0.11573501832596977 0.21420718165341227 0.05184634288963732 0.04939396424430509
18 0.13828125 0.01328125 0.0421875 0.0265625
13 0.1222848127750316 0.028684269834701494 0.046967841901054186 0.04432382697140156
21 0.01875 0.19453125 0.0375 0.0328125
15 0.08486040863041847 0.09131168665438212 0.04039950692008221 0.0360011439408634
29 0.04427917098770813 0.15341294498933183 0.03877333992388783 0.03431109818322895
18 0.05014716901054177 0.14352776195879371 0.0419620069200823 0.03612868969849794
29 0.00703125 0.228125 0.0140625 0.034375
23 0.06606132908665394 0.11087475862481382 0.03564833992388783 0.034056006667959784
24 0.055824166044792276 0.12895507892825556 0.03896434091247105 0.03899859818322886
14 0.0210790929268184 0.18038990423266715 0.03564833992388783 0.034056006667959694
12 0.03137992296487448 0.16387208392922545 0.03564833992388783 0.034056006667959694
28 0.13828125 0.0046875 0.0359375 0.009375
14 0.01328125 0.2046875 0.0265625 0.0375
27 0.08741240566466893 0.07699409513911304 0.030769838935304605 0.028985869395056162
10 0.09621440269891943 0.062166320593305804 0.04215300790866543 0.04081618969849785
30 0.10651523273697547 0.04564850028986407 0.03564833992388783 0.034056006667959784
7 0.725 0.2796875 0.55 0.559375
25 0.45 1 0.45 0.559375 0.3781542953125 0.559375 0.30471719531249997 0.619183334375 0.1929519796875 0.7983500937500001 0 0.7162213875 0 0.8863212656249999 0.2972729890625 1 0.45 1
18 0.7779166833449978 0.9245399352772562 0.03708350593149916 0.03105855242559432
21 0.762338104295525 0.9461916657324189 0.03383117193911023 0.02767846091032524
11 0.7390625 0.98203125 0.040625 0.0359375
10 0.7657031848278726 0.9325915513383325 0.03395850593149916 0.030803460910325244
14 0.7442884412536632 0.9649097148240333 0.03402217292769336 0.032365960910325245
27 0.7531222717860109 0.9508631902782261 0.029143671939110227 0.027295823637421536
23 0.7788743468811511 0.9095686395196217 0.029143671939110403 0.027295823637421536
22 0.72109375 0.98984375 0.0390625 0.0203125
17 0.7520943295809456 0.8294505758841397 0.04208934091247087 0.03925368969849785
17 0.7292762534972221 0.865802535127475 0.038837006920082115 0.03587359818322886
17 0.8462687994291587 0.6783188973955295 0.04046317391627667 0.03756364394086335
18 0.7366430845238614 0.8542273063393024 0.0354573389353046 0.02936850666795978
29 0.7637984921285156 0.8088989598230635 0.03714717292769336 0.03262105242559432
21 0.8764537065395214 0.6303917093640214 0.0354573389353046 0.02936850666795978
11 0.65234375 0.98359375 0.0421875 0.0328125
17 0.7726959896570577 0.7964149352772563 0.038773339923887915 0.03431109818322886
17 0.80656431228074 0.7427001328516619 0.04208934091247087 0.03925368969849794
13 0.8248540558549493 0.7106370608812302 0.043651840912470874 0.03938123545613248
29 0.8381525519006165 0.6907391490625194 0.038773339923887915 0.03431109818322886
29 0.6909114318621231 0.924587474825973 0.03714717292769336 0.03262105242559432
29 0.6959026793906651 0.912422314674252 0.03714717292769336 0.03262105242559432
27 0.6678705212917193 0.9554706840693082 0.02908000494291585 0.02573332363742171
32 0.7134748399610689 0.8819855155826376 0.038900673916276676 0.037436098183228864
12 0.7385093320524035 0.8423172377028505 0.030769838935304605 0.028985869395056162
12 0.8665521245242989 0.6374707567886461 0.034022172927693536 0.032365960910325245
27 0.6737703528126502 0.9463667510387701 0.030769838935304605 0.028985869395056162
14 0.8517866289729232 0.6598399643649914 0.03564833992388792 0.034056006667959784
14 0.681854766843095 0.9331652493717801 0.03721083992388792 0.03418355242559432
14 0.7774325692008223 0.7779997751255354 0.038837006920082115 0.03587359818322886
27 0.89664153114037 0.587199818757138 0.03076983893530496 0.028985869395056162
10 0.6582236072612744 0.9687997314939327 0.038837006920082295 0.03587359818322895
10 0.8113645588206989 0.7258474726999411 0.03721083992388792 0.03418355242559432
10 0.8870582841061194 0.6020913661817625 0.03721083992388792 0.03418355242559432
14 0.6328125 0.9953125 0.0375 0.009375
14 0.8782562870718691 0.6169191407275697 0.03721083992388792 0.03418355242559432
34 0.7829503987445867 0.7595208420949973 0.04208934091247105 0.03925368969849785
12 0.6376126769192072 0.9054227577067298 0.04371550790866543 0.04094373545613248
17 0.6487265904553604 0.8896224145244709 0.043651840912470874 0.03938123545613248
17 0.7090327376798914 0.7922055384614549 0.04208934091247087 0.03925368969849794
20 0.6742876645619175 0.8436403637658664 0.04046317391627667 0.0375636439408634
18 0.7789221319386728 0.6798971149738146 0.0354573389353046 0.02936850666795978
13 0.7855713799615064 0.6699481590644591 0.043651840912470874 0.03938123545613248
28 0.6898344101132932 0.8212073833107038 0.04046317391627667 0.0375636439408634
27 0.7492638068435326 0.7215105301265052 0.03395850593149898 0.030803460910325244
23 0.600460186805039 0.9554864016475932 0.030769838935304605 0.028985869395056162
12 0.6630145835352783 0.8555344569481255 0.03395850593149916 0.030803460910325244
30 0.7138011507217531 0.7745716283097341 0.03245967292769336 0.0322384151526907
22 0.7271314802655175 0.7554549664910233 0.04221667490485981 0.04237868969849794
24 0.5916581897707884 0.9703141761934004 0.03245967292769336 0.03223841515269079
28 0.57265625 0.990625 0.0390625 0.01875
28 0.6101071008354838 0.9421573542229688 0.03395850593149898 0.030803460910325244
30 0.654244419999125 0.8711434814939327 0.03245967292769336 0.0322384151526907
12 0.6961971566532521 0.8042271774013485 0.03721083992388792 0.03418355242559432
14 0.7388038093149906 0.734122100429947 0.03721083992388792 0.03418355242559432
28 0.7594373028891999 0.7018677098230635 0.03395850593149916 0.030803460910325244
14 0.6173465978697342 0.9274571254347961 0.03727450692008212 0.035746052425594324
10 0.7675217169196447 0.6886662081560735 0.03721083992388792 0.03418355242559432
25 0.57890625 0.98203125 0.0421875 0.0359375
29 0.5109375 0.9890625 0.04375 0.021875
14 0.5510995153602203 0.9367840701342638 0.04046317391627667 0.0375636439408634
24 0.5783185899610689 0.8930182236180251 0.04371550790866543 0.04094373545613248
11 0.5319648547898165 0.9673484149835128 0.038837006920082295 0.03587359818322895
32 0.5915534190105418 0.8715578117993141 0.05028384288963732 0.04926641848667064
21 0.5422338513297754 0.9500493446800711 0.038837006920082115 0.03587359818322895
23 0.5658013439154016 0.9128523625579185 0.04208934091247105 0.03925368969849785
10 0.521875 0.9828125 0.040625 0.034375
18 0.5253779792769343 0.7672208692258783 0.0354573389353046 0.02936850666795978
21 0.5217582307598091 0.7745709836199646 0.0354573389353046 0.02936850666795978
21 0.5989826225471326 0.6499060813441515 0.0354573389353046 0.02936850666795978
13 0.4546875 0.903125 0.009375 0.0375
21 0.5637109674139362 0.7076546795273804 0.0354573389353046 0.02936850666795978
27 0.4753408285923624 0.8473386749854525 0.04371550790866543 0.04094373545613248
18 0.5872784599995625 0.6704576974052279 0.0354573389353046 0.02936850666795978
11 0.5143277327369755 0.7845837124081373 0.043651840912471054 0.03938123545613248
29 0.6121537846004111 0.6268831695254408 0.038773339923887915 0.03431109818322886
12 0.5295879768054764 0.7551194819529747 0.030769838935304605 0.028985869395056162
29 0.46484375 0.8671875 0.0296875 0.034375
23 0.45703125 0.8859375 0.0140625 0.034375
23 0.5471919708739774 0.7254639328613603 0.03395850593149916 0.030803460910325244
28 0.5891128740300073 0.657766378768776 0.03564833992388792 0.034056006667959784
27 0.6266964456651065 0.5990452119490953 0.030769838935304605 0.028985869395056162
10 0.6023795365775774 0.6370872169500652 0.038837006920082115 0.03587359818322886
24 0.6170813651327588 0.6131555093737198 0.03721083992388792 0.03418355242559432
14 0.4817354086304185 0.8311397190760971 0.03721083992388792 0.03418355242559432
30 0.5008064022046279 0.7990128742268482 0.03721083992388792 0.03418355242559432
14 0.5663266314443811 0.6948995880121113 0.03721083992388792 0.03418355242559432
28 0.632532610189843 0.5883787789185572 0.03395850593149916 0.030803460910325244
10 0.5376405573378241 0.7411367302859848 0.03395850593149916 0.030803460910325244
16 0.5710632109881457 0.6764844278603904 0.04046317391627667 0.0375636439408634
16 0.64140625 0.57109375 0.0421875 0.0234375
25 0.48725323817418287 0.8126607860455589 0.040399506920082116 0.0360011439408634