6 0.45367134741262377 0.43197462432213385 0.05216467787060921 0.053415891490547554
2 0.47293334197541625 0.40607519965409866 0.05210101087441501 0.05185339149054755
2 0.4936623360439173 0.3778229346269841 0.05210101087441501 0.051853391490547907
0 0.48329783900966666 0.39194906714054145 0.05210101087441501 0.051853391490547907
1 0.5032455830781677 0.36370134729296655 0.047286176882026076 0.048701120413308804
1 0.71796875 0.3015625 0.2984375 0.396875
28 0.7421875 0.2578125 0.346875 0.484375
13 0.784375 0.25 0.43125 0.5
35 0.784375 0.25 0.43125 0.5
10 0.8 0.2328125 0.4 0.465625
16 0.83671875 0.1921875 0.3265625 0.384375
5 0.90234375 0.1546875 0.1953125 0.309375
16 0.284375 0.75 0.56875 0.5