24 0.40390625 0.01015625 0.0359375 0.0203125
24 0.2734375 0.015625 0.046875 0.03125
24 0.3519914943853923 0.23580829419758115 0.050439615756780756 0.034656801131468115
24 0.3863580600857032 0.3297264658405541 0.047223610495108835 0.033076120413308985
24 0.3452009810194512 0.45444466470908595 0.047223610495108835 0.033076120413308985
24 0.10156104195220043 0.025828264437939463 0.050439615756780756 0.034656801131468164
24 0.2634350415286774 0.4719316256778662 0.047223610495108835 0.033076120413308985
24 0.17217300469697444 0.46046688485124837 0.050439615756780756 0.03465680113146803
24 0.020254917949976158 0.3596169362773042 0.03913809471009326 0.028343168617910662
23 0.41084503669052863 0.02606565553570377 0.03399556840173403 0.020503397540671965
23 0.28931864718563743 0.05816001716841397 0.04547909997176518 0.029942030054229286
23 0.36029681804879826 0.25772420081343944 0.04547909997176518 0.029942030054229286
23 0.4049407310900383 0.3805986194313503 0.04547909997176518 0.029942030054229286
23 0.4170059045134479 0.6547946435336511 0.047223610495108835 0.033076120413308985
23 0.09296875 0.01015625 0.0453125 0.0203125
23 0.11808068401734033 0.06809757766965605 0.04722361049510866 0.033076120413308985
23 0.3164752834949954 0.6182844509116354 0.047223610495108835 0.033076120413308985
23 0.025210644554801487 0.05584249648395858 0.04869510523343692 0.03152271077238855
23 0.17887032572954445 0.48159245110802706 0.04547909997176518 0.029942030054229286
23 0.025253231090038318 0.37838966217500314 0.03913809471009326 0.028343168617910842
10 0.4156613393072471 0.04171338143340282 0.04226309471009326 0.02836134933607006
10 0.32794777865684654 0.17162761952954614 0.05356461575678075 0.03467498184962743
10 0.18125 0.0109375 0.05 0.021875
10 0.2589394443995097 0.2204282130118837 0.04869510523343692 0.03152271077238851
10 0.28889923116062555 0.30572990875715755 0.050439615756780756 0.03465680113146803
10 0.2801366941171611 0.5173259389095828 0.04869510523343692 0.03152271077238851
10 0.31060471509326126 0.5979446798343965 0.05356461575678075 0.03467498184962743
10 0.3421875 0.68125 0.05 0.015625
10 0.06475753391851832 0.17165839402463057 0.05356461575678066 0.03467498184962743
10 0.04314565735604532 0.4308197705862595 0.04226309471009326 0.02836134933607006
21 0.4248011208772782 0.0511383784083407 0.04153505261671846 0.015861349336070064
21 0.3214478786991988 0.12707364363184706 0.052745568401734035 0.02061248184962743
21 0.3727891127730089 0.2710736285065366 0.052745568401734035 0.02061248184962743
21 0.1511709889825461 0.3814651860809124 0.052745568401734035 0.02061248184962743
21 0.01015625 0.28828125 0.0203125 0.0171875
13 0.42860866033981704 0.06287530912649997 0.04355257892507769 0.023682939695149674
13 0.30212946032569965 0.0769781948615111 0.059905621018452496 0.03627384328594587
13 0.20636963929312965 0.055334478137194235 0.06312162628012441 0.03785452400410509
13 0.40366447035493314 0.6000480561996338 0.0646841262801244 0.03786361436318479
13 0.4140328229575342 0.6305668031745716 0.059905621018452496 0.03627384328594587
13 0.06316202574366189 0.46608055971567514 0.05182010523343701 0.03154089149054773
13 0.08541572831802809 0.5263458940246306 0.05182010523343692 0.03154089149054773
13 0.12478060715840122 0.6390367915653025 0.04869510523343692 0.03152271077238851
19 0.46640625 0.00703125 0.0484375 0.0140625
29 0.4847375629988878 0.0343054024124458 0.04547909997176518 0.029942030054229286
27 0.48491186824644217 0.05070710723290599 0.030688557878390553 0.017360216822512743
27 0.43323524715740264 0.08867473984465919 0.033904563140062294 0.01894089754067192
27 0.30266778661994137 0.09962989968197129 0.04355257892507787 0.023682939695149674
27 0.33607109179690864 0.19041852614540442 0.04355257892507769 0.023682939695149674
27 0.22411785239083953 0.11869754136891082 0.046768584186749604 0.025263620413308985
27 0.2782578627730089 0.2705236617822197 0.04042757892507769 0.023664758976990365
27 0.01484375 0.009375 0.0296875 0.01875
27 0.07283534442774461 0.1896680506404888 0.046768584186749604 0.025263620413308895
27 0.0398463521084909 0.41439988504764014 0.03564907366340595 0.022074987899751618
30 0.48959166297065304 0.06401108313060502 0.03913809471009344 0.028343168617910842
30 0.43782403661994146 0.10041621574235826 0.03399556840173403 0.02050339754067192
30 0.2803230787839034 0.03780206537301587 0.047223610495108835 0.033076120413308895
30 0.23480472340929204 0.15468503834384867 0.04547909997176518 0.029942030054229286
30 0.3145054468891713 0.36991967378427226 0.04869510523343692 0.03152271077238851
30 0.3767687704114028 0.5405367008134394 0.050439615756780756 0.034656801131468205
30 0.10977536035393456 0.04618167105379776 0.04547909997176518 0.029942030054229286
30 0.14992148919430762 0.15887711377400954 0.04400760523343692 0.031495439695149674
30 0.04966096786527156 0.4488203368430382 0.03932010523343692 0.03146816861791084
30 0.1024736966774098 0.5912669120768073 0.03913809471009326 0.028343168617910842
22 0.49858723137238703 0.08436903492600312 0.039502115756780753 0.03459316861791084
22 0.44521160239083957 0.1199838271786767 0.03766659997176518 0.02989657825883123
22 0.30050937827567575 0.5721134328594586 0.05089464206513998 0.042469301131468205
25 0.5007790629283007 0.10859233010554292 0.04547909997176518 0.029942030054229286
25 0.4472669260542455 0.1418633723582165 0.04355257892507787 0.023682939695149674
25 0.2008854787415511 0.08185607152133594 0.055036110495108835 0.03312157220870695
25 0.08979939142985546 0.5747924843837102 0.05182010523343692 0.03154089149054773
14 0.3097368339749881 0.11372876111828978 0.050439615756780756 0.034656801131468205
14 0.3431401391519554 0.20451738758172286 0.05356461575678075 0.03467498184962743
14 0.46624079408892616 0.5480861012809777 0.050439615756780756 0.03465680113146803
14 0.2152587918816133 0.10068333957351268 0.04869510523343692 0.03152271077238851
14 0.24311004707269798 0.17660094495970696 0.050439615756780756 0.034656801131468115
14 0.28311966802056326 0.2869526376799188 0.050439615756780756 0.03465680113146803
14 0.3574958546687396 0.4912225020431034 0.047223610495108835 0.033076120413308985
14 0.12973081555913665 0.10721461982413372 0.050439615756780756 0.034656801131468205
14 0.1665776391519554 0.2034901770057261 0.050439615756780756 0.034656801131468205
14 0.18277105752545442 0.2535674450579028 0.050439615756780756 0.034656801131468115
14 0.2195268758566014 0.34828050223949525 0.050439615756780756 0.03465680113146803
14 0.2448068678935064 0.42027822208707005 0.050439615756780756 0.034656801131468205
14 0.01953125 0.0234375 0.0390625 0.034375
14 0.03190796558737148 0.07696806274073724 0.050439615756780666 0.034656801131468115
14 0.04585634449833176 0.11531749043383437 0.050439615756780756 0.034656801131468115
14 0.11926927062316431 0.3164578096174793 0.050439615756780756 0.03465680113146803
14 0.14904704686093648 0.3986345053627531 0.05356461575678075 0.03467498184962743
14 0.00859375 0.3046875 0.0171875 0.03125
14 0.1136688019108468 0.622571454231285 0.04226309471009326 0.02836134933607006
29 0.4342062129565356 0.0785275802037388 0.04547909997176518 0.029942030054229286
17 0.45060881783703666 0.4808304235878806 0.05816111049510884 0.03313975292686635
17 0.4649212177946843 0.5254298512809776 0.059905621018452496 0.03627384328594587
17 0.21829830482403131 0.3271867522394952 0.06137711575678075 0.034720433645025396
28 0.28669750725722326 0.5361077551663614 0.04869510523343692 0.03152271077238851
28 0.053152905007558 0.13332260187015282 0.04869510523343692 0.03152271077238851
28 0.05966821551678429 0.1513231681269315 0.050439615756780666 0.034656801131468205
28 0.07076939939295039 0.5028311259724538 0.04226309471009326 0.02836134933607006
28 0.08948857828979326 0.5560470295632499 0.04226309471009326 0.02836134933607006
12 0.265625 0.00703125 0.053125 0.0140625
12 0.12395125241907437 0.08843734874689488 0.04547909997176518 0.029942030054229286
12 0.04007678135826955 0.09654021935659554 0.04869510523343692 0.03152271077238851
12 0.15721586263183457 0.41820666197861145 0.04869510523343692 0.03152271077238851
12 0.0109375 0.321875 0.021875 0.021875
28 0.3183606760542455 0.14111341773414807 0.04547909997176518 0.029942030054229286
34 0.36372492591307104 0.28976454117251904 0.06312162628012423 0.03785452400410509
34 0.38841338374910916 0.3516060110200939 0.059905621018452496 0.03627384328594587
34 0.314353528445085 0.39412933342519263 0.06312162628012423 0.03785452400410509
34 0.1683977443853923 0.23474017700572608 0.06312162628012441 0.03785452400410509
34 0.21863921004335102 0.3732668667008758 0.06468412628012424 0.03786361436318479
34 0.3162323597892371 0.6409316105525557 0.06312162628012423 0.03785452400410509
34 0.07075690493697087 0.2076186199223296 0.06312162628012441 0.03785452400410509
29 0.38535700220731284 0.3125389658405541 0.05632559471009344 0.028443162567786652
29 0.44036926785115416 0.46593213143340273 0.04989358418674961 0.02528180113146803
29 0.45849691254713 0.5089917850241991 0.05310958944842135 0.026862481849627428
29 0.301482531146508 0.32064183645025474 0.05632559471009326 0.028443162567786652
29 0.3563127862670056 0.4709100020431034 0.05632559471009326 0.02844316256778647
29 0.3935691335373477 0.5742168092246958 0.05310958944842135 0.026862481849627428
29 0.4296875 0.67890625 0.05 0.0203125
29 0.1638775733810572 0.18394983664664646 0.04989358418674961 0.025281801131468117
29 0.194573107511337 0.26847482757146013 0.05310958944842135 0.026862481849627428
29 0.27454684677623187 0.48839696301188373 0.05310958944842135 0.026862481849627428
29 0.16740990998688118 0.4323237041330891 0.05632559471009326 0.028443162567786652
29 0.01796875 0.334375 0.0359375 0.025
29 0.11193199666329239 0.6061606590517451 0.04337056840173403 0.020557939695149584
18 0.40780042058081206 0.36265259532904925 0.05587056840173403 0.02063066256778647
18 0.4372519731269434 0.4526372458947834 0.05587056840173403 0.020630662567786652
18 0.20247109456891899 0.04203504741903501 0.05587056840173403 0.020630662567786652
18 0.41013427823332355 0.6172673724564124 0.05761507892507787 0.02376475292686635
18 0.16089678654935433 0.17299870110802704 0.054490078925077866 0.02374657220870695
18 0.10487357067963413 0.25701917710392197 0.05587056840173403 0.020630662567786652
18 0.17273444681858416 0.443288475210328 0.05587056840173403 0.020630662567786652
18 0.0203125 0.34453125 0.040625 0.0171875
18 0.07077710466873963 0.4895544211519936 0.044933068401734035 0.020567030054229284
18 0.09101328093474655 0.5419981651018694 0.04153505261671846 0.015861349336070064
16 0.4078228073842801 0.4032639597904299 0.06312162628012441 0.03785452400410509
16 0.2631488022637827 0.25247309855050315 0.06312162628012423 0.03785452400410509
16 0.2498884810194512 0.45389015280522926 0.06312162628012441 0.03785452400410509
16 0.09815313381969633 0.2757237253085239 0.06312162628012441 0.03785452400410509
16 0.10558620222143036 0.2960725867448423 0.06312162628012441 0.03785452400410509
32 0.42535891787938895 0.4361673633812261 0.04924113680346807 0.040897710772388504
31 0.1891975498447082 0.028681074546398056 0.050439615756780756 0.034656801131468164
31 0.3370321652485531 0.4348725080932276 0.04722361049510866 0.033076120413308985
31 0.23737379949177234 0.3999293606507516 0.047223610495108835 0.033076120413308985
16 0.3016946337491092 0.35110149609117514 0.06312162628012423 0.03785452400410509
19 0.3687364625330125 0.5233082941975812 0.06726309471009326 0.028506795081344016
28 0.38263933881313694 0.5608764718906782 0.04869510523343692 0.03152271077238851
26 0.1339856760542455 0.14004075536275318 0.06468412628012424 0.03786361436318479
29 0.20930273642229738 0.3068288004440971 0.06312162628012441 0.03785452400410509
11 0.3396999518684945 0.6684026255796702 0.06312162628012441 0.03785452400410492
27 0.09927601806291567 0.24136690602668312 0.059905621018452496 0.03627384328594587
13 0.13442383376322659 0.33528962284919583 0.06312162628012441 0.03785452400410509
14 0.14488319162749946 0.3673708698241337 0.059905621018452496 0.03627384328594587
15 0.03829155738428014 0.40111408986810027 0.04989358418674961 0.02528180113146803
13 0.23261289185337838 0.13046174316430886 0.06312162628012441 0.03785452400410509
3 0.81484375 0.28984375 0.3703125 0.5796875
10 0.31484375 0.84453125 0.6296875 0.3109375
10 0.81484375 0.84453125 0.3703125 0.3109375