21 0.0359375 0.49453125 0.009375 0.0484375
18 0.075 0.49609375 0.009375 0.0453125
18 0.21796875 0.4984375 0.0109375 0.040625
18 0.0265625 0.49375 0.009375 0.05
16 0.12421875 0.49609375 0.0265625 0.0453125
21 0.29609375 0.5015625 0.0078125 0.034375
21 0.30703125 0.50234375 0.0078125 0.0328125
29 0.33515625 0.50234375 0.0078125 0.0328125
24 0.16953513345872856 0.4975992633316618 0.021776840912471052 0.03664682813030105
22 0.01015625 0.4890625 0.0203125 0.0375
23 0.09137829996063136 0.4940898282151192 0.021776840912471052 0.03664682813030105
14 0.14766013345872855 0.49683537149903 0.021904174904859807 0.03977182813030104
12 0.2625 0.5 0.01875 0.0375
10 0.28125 0.50078125 0.021875 0.0359375
27 0.18834880045492303 0.4998165277596322 0.013837006920082117 0.03324900961864685
10 0.2328125 0.5 0.021875 0.0375
34 0.05053046547395099 0.4872024219545169 0.02397601087441492 0.05232639183263181
16 0.20234375 0.49375 0.0203125 0.05
18 0.11823261862998095 0.42559528855940537 0.008223676882026165 0.04865575480932342
21 0.1276076186299809 0.4259226707733905 0.008223676882026253 0.04865575480932342
29 0.14951445212807818 0.4274678126060225 0.0159088428896375 0.04580357332097762
17 0.1659207021280782 0.4280407314804965 0.02085101087441501 0.05221726442797028
29 0.33082811912427257 0.43535970207640184 0.0159088428896375 0.04580357332097762
29 0.24717070212807818 0.430878044001701 0.0159088428896375 0.04580357332097762
13 0.018200785131883723 0.42132196161023067 0.02397601087441492 0.05232639183263199
31 0.2937910341433005 0.4262649550716267 0.021776840912470875 0.03664682813030105
14 0.049164283649008975 0.4153819856568477 0.021904174904859807 0.03977182813030104
22 0.2133222841433005 0.42345492440158755 0.031151840912470873 0.036974210344286364
24 0.31419903463759213 0.42931803320192774 0.021776840912471052 0.03664682813030105
10 0.10310236714710616 0.4180456833872622 0.018842841901054185 0.04122520072563951
14 0.18675978414330058 0.4225273414619631 0.021904174904859807 0.03977182813030104
22 0.07650803364900902 0.41633685044763774 0.03115184091247105 0.036974210344286364
24 0.2641353676413978 0.4260094947273404 0.021904174904859807 0.03977182813030104
23 0.00234375 0.41171875 0.0046875 0.0359375
18 0.2472715198088446 0.3567684214063627 0.008223676882026253 0.04865575480932342
18 0.20892660281265024 0.35386911069925675 0.00835101087441501 0.051780754809323426
17 0.10264476931455295 0.3493775289407585 0.02397601087441492 0.05232639183263199
21 0.2378965198088446 0.3564410391923776 0.008223676882026253 0.04865575480932342
28 0.00625 0.34140625 0.0125 0.0515625
29 0.019736768820261385 0.3441419027172232 0.01590884288963732 0.04580357332097762
28 0.15423910281265024 0.3519593811176768 0.02397601087441501 0.05232639183263199
29 0.0853299353221642 0.3456523282151192 0.01590884288963732 0.04580357332097762
29 0.27608226931455293 0.3554340998994835 0.016036176882026076 0.04892857332097762
24 0.03510710083548378 0.3384375397405318 0.018651840912471053 0.03653770072563951
28 0.29154810182406693 0.35207348692279206 0.013964340912470874 0.036374009618646855
14 0.12260710083548379 0.34149310707105973 0.021904174904859807 0.03977182813030104
24 0.17429693482787254 0.3464187092479779 0.02190417490485963 0.03977182813030104
10 0.2219850183259698 0.348864152169069 0.02190417490485963 0.03977182813030104
28 0.26026626832596983 0.35020096287617497 0.015526840912470873 0.03642857332097762
12 0.19460943482787255 0.34712803737827896 0.01877917490485963 0.03966270072563951
25 0.058321766348803414 0.3337872452754945 0.02397601087441492 0.05232639183263181
13 0.00625 0.26484375 0.0125 0.0484375
30 0.02433408551244458 0.26550847122887744 0.025538510874414923 0.052380955534962935
14 0.04783525250863896 0.26788942676384025 0.023848676882026076 0.04920139183263199
21 0.11739833600673619 0.2710987615175634 0.023848676882026167 0.04920139183263199
14 0.16118016950483333 0.2734077951828273 0.023848676882026253 0.04920139183263199
27 0.2628063365010277 0.278516935834333 0.025411176882026255 0.04925595553496294
16 0.29486941999912497 0.2804167417321155 0.02866351087441501 0.05249008293962447
24 0.13696141950483334 0.27256205779669906 0.02553851087441501 0.052380955534962935
15 0.18308700300293063 0.2749529370154593 0.017598676882026255 0.048983137023308566
21 0.2206188365010277 0.27704371587139986 0.023848676882026253 0.04920139183263199
15 0.2010557530029306 0.2755804195922642 0.0205963428896375 0.04596726442797028
14 0.2401500865010277 0.2777257621505356 0.02397601087441501 0.05232639183263181
10 0.32146375349722217 0.28212557467174015 0.02840884288963732 0.04624008293962447
16 0.0078125 0.1890625 0.015625 0.05
10 0.02752806969511381 0.1907267260382009 0.025411176882026078 0.04925595553496285
13 0.09321673669130819 0.1945809015360968 0.02397601087441492 0.05232639183263199
29 0.057151902698919434 0.19020093638248717 0.016036176882026076 0.048928573320977706
24 0.07268140220462782 0.18840282340579573 0.018651840912470963 0.03653770072563942
10 0.11565015220462778 0.18990332521989423 0.021967841901054184 0.041334328130301135
34 0.13495856771794745 0.18511662149902994 0.02397601087441501 0.05232639183263199
21 0.15977288391583908 0.10484876814098536 0.006151840912471051 0.03610119110699257
23 0.2723683844101307 0.11112110470880698 0.018651840912470873 0.03653770072563942
0 0.016644966425353135 0.09594993937771204 0.01565417490485981 0.03955357332097771
15 0.0729904669196447 0.10025798266162286 0.010966674904859808 0.039389882213985136
11 0.14649163391583908 0.10438497667117308 0.015526840912471052 0.03642857332097771
34 0.28877463441013074 0.11169402358328098 0.018651840912470873 0.03653770072563933
1 0.051115466919644706 0.09949409082899088 0.014155341901054186 0.04106150961864685
21 0.23093030091203345 0.10889391659703929 0.006279174904859808 0.03922619110699257
29 0.23946038391583907 0.107631516959859 0.010839340912471051 0.03626488221398514
2 0.033927966919644705 0.09889389010335145 0.015526840912470963 0.03642857332097771
2 0.00390625 0.09609375 0.0078125 0.0421875
22 0.11580004942915871 0.09785223447572138 0.023148339923887828 0.032013891832631994
10 0.16898871642535304 0.1012699003549705 0.015335839923887918 0.03174107332097771
31 0.20336371642535306 0.1024703018062493 0.015272172927693362 0.03017857332097771
27 0.08376879942915871 0.09673367857793887 0.01058467292769345 0.03001488221398514
30 0.18773871642535306 0.10192466478294078 0.013773339923887917 0.03168650961864685
24 0.09470629942915872 0.09711562449425486 0.015335839923887828 0.03174107332097762
14 0.21902054992345033 0.10379718882955787 0.015335839923887918 0.03174107332097771
21 0.61875 0.259375 0.465625 0.51875
30 0.16953125 0.759375 0.3390625 0.48125
12 0.34258082968750003 0.51875 0.3390625 0.521751225 0.3390625 0.8956984218749999 0.401018328125 1 0.9992069828125001 1 0.8488546171875001 0.9577070265625001 0.8060078328125 0.820811078125 0.8132094656250001 0.789504846875 0.93934041875 0.756502421875 0.9624239375 0.7260274265625 0.831857125 0.5686987578125 0.7506179140625 0.51875 0.34258082968750003 0.51875