0 0.00390625 0.21015625 0.0078125 0.0140625
0 0.009796787913776672 0.21171875 0.007976132001908987 0.0140625
1 0.6828125 0.36640625 0.184375 0.1859375
2 0.790625 0.38515625 0.190625 0.1484375
3 0.9015625 0.40078125 0.196875 0.1171875
5 0.50703125 0.04296875 0.1984375 0.0859375
6 0.63046875 0.065625 0.2046875 0.13125
7 0.74375 0.08203125 0.215625 0.1640625
8 0.85703125 0.10234375 0.1984375 0.2046875
9 0.93203125 0.1203125 0.1359375 0.240625
35 0.1796875 0.7296875 0.359375 0.540625
35 0.6796875 0.7296875 0.640625 0.540625