23 0.54609375 0.00546875 0.0453125 0.0109375
14 0.55625 0.0109375 0.025 0.021875
17 0.5094357914959714 0.03892629692303835 0.047932888964152195 0.05237472749876275
29 0.5225499451594446 0.0513001441640764 0.03979284034363317 0.04571529172311415
20 0.553125 0.07890625 0.03125 0.0515625
22 0.43984375 0.0078125 0.0484375 0.015625
10 0.56171875 0.096875 0.0140625 0.05
14 0.48945416214275783 0.029308957483916487 0.042917840343632996 0.04587906603337366
14 0.5431457281761313 0.07263623360319826 0.03962906603337366 0.042590291723113974
34 0.46796875 0.0234375 0.0484375 0.046875
21 0.4596714868825586 0.0854018272261916 0.033297178878243724 0.040700243102595124
13 0.49136854420950493 0.11043612675122176 0.047932888964152195 0.05237472749876275
15 0.54921875 0.15625 0.0390625 0.05
29 0.4142428002023987 0.05107773688255861 0.04143722749876275 0.04735967887824373
22 0.3453125 0.01484375 0.05 0.0296875
23 0.56015625 0.178125 0.0171875 0.040625
27 0.5363844730877487 0.15175052351728996 0.029844630257724703 0.034286468792335614
30 0.5047693029159321 0.1282787239922598 0.03962906603337366 0.04259029172311415
23 0.38858770296136064 0.03726754240048251 0.042917840343633176 0.04587906603337366
30 0.4690022212787264 0.09991470657940535 0.03962906603337366 0.04259029172311415
23 0.4282610345985665 0.06583627770116145 0.03962906603337366 0.04259029172311415
14 0.4438417689947342 0.08067670567489413 0.042917840343632996 0.04587906603337348
30 0.3684422992978876 0.024525202961360647 0.03962906603337366 0.04259029172311415
10 0.5249556501569701 0.14180231343138167 0.03962906603337366 0.04259029172311415
21 0.2678248236081471 0.02236848145549164 0.033297178878243724 0.040700243102595124
18 0.45537681252687057 0.16698269787297804 0.033379066033373664 0.042262743102595125
17 0.4846072891211223 0.18955041666531355 0.049659163274411534 0.05558161465389251
18 0.2905186951594446 0.039139901627308224 0.033379066033373664 0.042262743102595125
13 0.5546875 0.253125 0.028125 0.053125
11 0.5398613551544958 0.2329595799397252 0.04965916327441171 0.055581614653892684
29 0.5000242492070305 0.20126584463904623 0.03979284034363317 0.04571529172311415
28 0.4205138116223594 0.14100337403768837 0.049659163274411534 0.05558161465389251
21 0.33537084972742887 0.07732929839337643 0.04793288896415202 0.05237472749876275
29 0.40509685153645114 0.12928794606395577 0.03979284034363317 0.04571529172311415
29 0.2390625 0.01171875 0.040625 0.0234375
29 0.37677045567489414 0.10910492084918513 0.04464411465389251 0.04908595318850324
14 0.4631859905006032 0.18219494007106185 0.03962906603337348 0.04259029172311415
14 0.56328125 0.271875 0.0109375 0.046875
14 0.3176920267966503 0.06705353968694912 0.03962906603337366 0.042590291723113974
30 0.22265625 0.009375 0.0453125 0.01875
10 0.25234375 0.0203125 0.0453125 0.040625
28 0.2762514772716202 0.03449666723114042 0.041355340343633085 0.04579717887824373
27 0.440410231794176 0.16386101989924545 0.03971095318850324 0.04415279172311415
10 0.38844494007106184 0.12374063093509333 0.04456222749876275 0.04752345318850324
14 0.35999571347681025 0.1012138557203226 0.04456222749876275 0.04752345318850324
16 0.2993138410210016 0.05829933740295701 0.05294793758467105 0.0588703889641522
34 0.5162191372666713 0.22782502261277884 0.04965916327441171 0.05558161465389251
18 0.5485989473071511 0.32535179782754947 0.033379066033373664 0.042262743102595125
13 0.38369988636216024 0.19672775158187966 0.04965916327441171 0.055581614653892684
11 0.3284867639063515 0.15409983830746815 0.047932888964152195 0.05237472749876275
18 0.3618282083884276 0.18077852498762806 0.03658595318850324 0.04398901741285464
22 0.55390625 0.33046875 0.0296875 0.0390625
20 0.5347444872212429 0.3137182570089466 0.04628850180902226 0.050730340343633176
20 0.2765214721832375 0.11397944934331612 0.04793288896415202 0.05237472749876275
29 0.35122157903521395 0.17165250847928473 0.04308161465389251 0.049004066033373664
23 0.4571650418346557 0.26056892356271855 0.03798467887824373 0.04094590456798421
10 0.3092044973980082 0.14296094244591107 0.04456222749876275 0.04752345318850324
14 0.517188495023159 0.3057862483025193 0.04456222749876275 0.04752345318850324
10 0.47582983265325857 0.2747918758467106 0.04456222749876275 0.04752345318850324
28 0.43196364597309866 0.2405496726582074 0.03798467887824373 0.04094590456798421
23 0.3994853386461523 0.21547442955561227 0.03962906603337366 0.04259029172311415
12 0.4898071234718614 0.28876916666531355 0.042917840343633176 0.04587906603337348
12 0.2914437873120999 0.13112268373948383 0.04456222749876275 0.04752345318850324
14 0.4142438794647553 0.22949266395178008 0.04456222749876275 0.04752345318850324
18 0.222516724896771 0.18360587460351532 0.03321529172311406 0.03913774310259512
13 0.1886396918800842 0.16157374434579044 0.042917840343632996 0.04587906603337366
13 0.23982373360319825 0.20165318973237767 0.042917840343633086 0.04587906603337366
21 0.39008708446228085 0.3186027515818797 0.029926517412854636 0.03584896879233561
15 0.296558412481442 0.24358174016191897 0.03477779172311415 0.0392196302577247
29 0.3518943656699454 0.2885534034363305 0.033051517412854635 0.03601274310259513
18 0.3437543170494264 0.2818939676606817 0.033297178878243724 0.040700243102595124
18 0.17716992537174084 0.15084428425988214 0.030008404567984304 0.03741146879233561
13 0.09445260063193998 0.08885553934826484 0.04464411465389251 0.04908595318850324
29 0.41953125 0.33671875 0.0328125 0.0265625
29 0.12125744007106194 0.10973792740790582 0.036504066033373486 0.042426517412854636
23 0.31394730834299905 0.2631915552907813 0.033051517412854635 0.03601274310259513
24 0.3301455184289074 0.27494792684207886 0.036258404567984216 0.03773901741285446
30 0.43203125 0.34375 0.0328125 0.0125
14 0.3757379794193268 0.3123970171857119 0.033051517412854635 0.03601274310259513
12 0.36192446291098346 0.30154472636710905 0.03132524310259512 0.03280585594746519
28 0.20919453131920612 0.1821285837849123 0.02984463025772479 0.034286468792335614
28 0.16216240106148133 0.14694135628614954 0.033051517412854545 0.03601274310259513
14 0.10522300429541316 0.10110655585660826 0.03790279172311406 0.03938340456798421
14 0.39921310097062435 0.32920938093509333 0.036258404567984216 0.03773901741285446
27 0.2830724445936177 0.2389794493433161 0.02811835594746519 0.03107958163720568
10 0.2700811216628392 0.22894935210227807 0.03790279172311406 0.03938340456798421
30 0.2546641615769309 0.21723392412854547 0.033051517412854545 0.03601274310259513
30 0.13293192446722965 0.12437363749381394 0.03305151741285446 0.03601274310259513
25 0.1460870217082677 0.137528734734852 0.042917840343632996 0.04587906603337366
18 0.07174652023792967 0.3097102719354103 0.030008404567984304 0.03741146879233561
29 0.13359375 0.34140625 0.0390625 0.0171875
11 0.01484375 0.2609375 0.0296875 0.04375
29 0.0790234317033189 0.3147662641334941 0.02984463025772479 0.034286468792335614
23 0.05965927803984576 0.30206486827193724 0.02984463025772479 0.034286468792335614
32 0.1171875 0.33984375 0.0375 0.0203125
14 0.08745008536679207 0.3268944499091429 0.02984463025772479 0.034286468792335614
14 0.10078125 0.33359375 0.0359375 0.0328125
10 0.02405597071289951 0.27682585085908257 0.036258404567984306 0.03773901741285464
24 0.00625 0.2546875 0.0125 0.0375
16 0.04370672941932678 0.29499599672063964 0.03971095318850333 0.04415279172311397
5 0.75234375 0.0953125 0.3671875 0.190625
0 0.8 0.175 0.4 0.35
11 0.56875 1 0.56875 0.54313249375 0.43904870156250003 0.4466786375 0.38533150156249996 0.4340920953125 0.2820979078125 0.4606138296875 0.21218162031249999 0.542030528125 0.19396088125 0.5957160874999999 0.1980041828125 0.67635144375 0.224626528125 0.7260555203125 0.11251881875 0.73600923125 0.029055103125 0.8359846921875 0.00834020625 0.9361741890624999 0.0239472609375 1 0.56875 1
21 0.784375 0.675 0.43125 0.65