6 0.19322680708820847 0.343346940762223 0.02987868969849785 0.04093408267027243
1 0.10945758496799556 0.31578446741722355 0.0300062354561323 0.04249658267027243
2 0.16052587739165017 0.3320185420909958 0.028316189698497852 0.04091590133672725
2 0.12626244769509185 0.3206719620862234 0.029751143940863402 0.03937158267027243
3 0.3368493902685278 0.38489973611549466 0.0281886439408634 0.039353401336727246
0 0.1429397646645537 0.3271219567552233 0.028316189698497852 0.04091590133672725
5 0.37801652420745135 0.3978906321212216 0.02024859818322895 0.03769999466899989
4 0.3535267072379897 0.39134973078449453 0.02987868969849785 0.04093408267027243
11 0.5328125 0.3328125 0.20625 0.171875
20 0.884375 0.37265625 0.23125 0.0921875
23 0.54921875 0.0984375 0.2390625 0.196875
18 0.7021378742268481 0.1743305747135433 0.2639661315230277 0.2122476507001803
34 0.8867843280101717 0.2976879007399512 0.21635780788560605 0.18359539202736244
12 0.7296875 0.05703125 0.290625 0.1140625
15 0.95703125 0.13203125 0.0859375 0.1921875
29 0.21484375 0.709375 0.4296875 0.58125
23 0.48828125 0.8078125 0.1171875 0.296875
33 0.6515474271114844 0.6189810980664969 0.3307387854658309 0.30356354137490715
21 0.64921875 0.49296875 0.4390625 0.1484375
27 0.86796875 0.5515625 0.2640625 0.265625
11 0.75546875 0.828125 0.4890625 0.3125
28 0.80546875 0.95390625 0.3796875 0.0921875