24 0.4984375 0.0046875 0.05 0.009375
24 0.4674648008376714 0.12907878007742468 0.05002917490485981 0.04103617688202625
24 0.382502210419492 0.1660787143738247 0.05002917490485981 0.04103617688202625
24 0.5010944070360005 0.41395118718778734 0.05002917490485981 0.04103617688202625
24 0.28621745943090876 0.17468173463977976 0.05165534190105418 0.04266234387822045
24 0.11902464224443401 0.1050589372249684 0.0403995069200823 0.03440417490485981
24 0.01171875 0.453125 0.0234375 0.0125
23 0.5234375696207516 0.03788343570491257 0.04833934091247087 0.0378475098858317
23 0.557099009317178 0.32197459281527524 0.05002917490485981 0.04103617688202608
23 0.606930571560737 0.41977808144656875 0.04996550790866543 0.03947367688202626
23 0.45008234676960795 0.30683636555268823 0.05002917490485981 0.04103617688202625
23 0.29473295498228447 0.19539348266261342 0.04833934091247087 0.0378475098858317
23 0.1261049717881985 0.12270935224399651 0.04039950692008221 0.03440417490485963
10 0.5952264090131669 0.40075616741612385 0.04996550790866543 0.039473676882026076
10 0.40337578452604905 0.20890554292900596 0.04996550790866543 0.03947367688202626
10 0.44156685121823225 0.2861246175298547 0.05484400889724857 0.04435217787060921
10 0.48312299844276313 0.37646577464021724 0.05165534190105418 0.04266234387822045
10 0.14900396091378357 0.17325318030488618 0.04358817391627658 0.036094008897248564
10 0.00546875 0.43203125 0.0109375 0.0359375
21 0.4983341629674996 0.3859853546782734 0.054398339923887915 0.03341467787060921
21 0.5026396609903333 0.3951693536896902 0.054398339923887915 0.03341467787060939
21 0.2574013927387256 0.09708065806176477 0.05439833992388774 0.03341467787060921
21 0.0922021570731816 0.03595611015266185 0.044832338935304694 0.02834517589344294
13 0.5398597711801761 0.26652043026770517 0.06759867688202625 0.051111513840164415
13 0.5534301812562884 0.2971655938038584 0.0612213428896375 0.04773184585538672
13 0.17341637049560416 0.20579642486767877 0.054716674904859805 0.04122717787060921
13 0.20146577464021725 0.2639299184418881 0.05315417490485981 0.04116351087441501
13 0.25085166791041547 0.3726709070731816 0.04996550790866543 0.03947367688202626
27 0.14420371437382468 0.1570697647915665 0.03864600593149907 0.02965300790866543
30 0.42868348513407134 0.04720403897467325 0.04996550790866543 0.03947367688202626
30 0.5070273665412715 0.21092168768207903 0.05165534190105418 0.04266234387822045
30 0.15764679045754804 0.19083992832771984 0.04202567391627667 0.03603034190105418
30 0.22382359429815 0.32775499650277784 0.04039950692008221 0.03440417490485981
22 0.42849118965924526 0.2624788704956041 0.05509867688202626 0.05060217787060921
25 0.2095846807619967 0.3135160829666246 0.05315417490485981 0.04116351087441501
14 0.6003144515222434 0.19932100140851272 0.05165534190105418 0.04266234387822045
14 0.48162545992520034 0.1643796101154808 0.05002917490485963 0.04103617688202608
14 0.32731198612265455 0.04665489372730871 0.05165534190105418 0.04266234387822045
14 0.3587901377958097 0.11634796981103213 0.05165534190105418 0.04266234387822045
14 0.21850998908840405 0.037049083460916156 0.05165534190105418 0.04266234387822045
14 0.25666922228249006 0.11504940806176478 0.05484400889724857 0.04435217787060921
14 0.07936657604654233 0.02555977962031415 0.04358817391627658 0.036094008897248564
14 0.0923149036131405 0.052330526654564655 0.04202567391627667 0.03603034190105418
14 0.23817525437426218 0.35836832654083395 0.04358817391627658 0.036094008897248564
17 0.5796782993547966 0.13152600635142858 0.061094008897248565 0.044606845855386726
17 0.5981762899632564 0.17522958540090147 0.06122134288963732 0.0477318458553869
17 0.323515824069376 0.024970894715891933 0.06272017589344295 0.04623301285158128
28 0.41198678057171634 0.2272735409518397 0.04996550790866543 0.03947367688202626
28 0.5140625 0.4421875 0.046875 0.034375
28 0.18360711258693874 0.24281892239622085 0.043588173916276673 0.036094008897248744
28 0.20803676821442663 0.29408033346091617 0.04358817391627658 0.036094008897248564
12 0.26681088483006016 0.13413498908840404 0.04996550790866543 0.039473676882026076
12 0.10020831665500216 0.06916785817549549 0.038646005931498986 0.02965300790866543
34 0.50390625 0.0171875 0.0609375 0.034375
34 0.4299767296968639 0.07288978848038168 0.0644100098858317 0.04942167984777566
34 0.32779214718734984 0.07315372673111434 0.06759867688202607 0.051111513840164415
34 0.45143925832859483 0.33095961505839666 0.0644100098858317 0.04942167984777566
29 0.5669700523205462 0.11800467581908088 0.053026840912470875 0.03803851087441501
29 0.5894379599252003 0.15998658737806776 0.05458934091247088 0.03810217787060921
29 0.41015625 0.009375 0.0578125 0.01875
29 0.4793599643738247 0.14341319410786965 0.05777800790866543 0.03979201186299797
29 0.5275653596211892 0.24284284973535755 0.05458934091247105 0.03810217787060921
29 0.574862170876165 0.3454293388609425 0.053026840912470875 0.03803851087441501
29 0.6188257350968903 0.43411249547701375 0.05458934091247105 0.03810217787060921
29 0.3959598739556453 0.18034946140807512 0.05458934091247088 0.03810217787060921
29 0.5138344875683483 0.42669126772013505 0.05458934091247105 0.03810217787060921
29 0.27876971536240785 0.14690690311884894 0.05777800790866543 0.03979201186299797
29 0.071875 0.009375 0.046875 0.01875
29 0.11070014768164142 0.07965968920213476 0.0482120069200823 0.0347225098858317
29 0.2342199248304977 0.34059057752941707 0.044896005931499075 0.029907675893442943
18 0.5250146570731816 0.018320352206815382 0.05758700692008212 0.03510451186299814
18 0.5636049717881985 0.10488259330956691 0.0575870069200823 0.03510451186299797
18 0.5477531842220379 0.283357761788636 0.059276840912471054 0.03829317885919252
18 0.2853871298871443 0.15677665163597415 0.0575870069200823 0.03510451186299814
18 0.11734939570447507 0.08874818771926005 0.044832338935304604 0.02834517589344294
18 0.18183636555268828 0.22885192289051243 0.04652217292769345 0.03153384288963732
18 0.20864160467827336 0.2792365834609162 0.04320617193911023 0.026719008897248563
16 0.5279831481759331 0.06031685121823225 0.0659725098858317 0.04948534684397003
16 0.3675775473776303 0.14952788433576858 0.0644100098858317 0.04942167984777566
16 0.19296875 0.0109375 0.0640625 0.021875
16 0.20234375 0.02109375 0.0640625 0.0421875
32 0.5485848082520451 0.09067551327151069 0.05509867688202626 0.05060217787060921
32 0.5860888309522772 0.3761700028913874 0.055035009885831696 0.04903967787060939
31 0.45576063829010127 0.11005686604697988 0.05002917490485981 0.04103617688202625
31 0.34942972524823956 0.09723055528629568 0.05002917490485963 0.04103617688202608
16 0.41222815559030684 0.029935625932811582 0.0644100098858317 0.04942167984777566
19 0.4967583700013126 0.19496110665543967 0.06721667490485964 0.041736513840164594
28 0.5140121955907444 0.23091585270110696 0.04996550790866543 0.03947367688202626
29 0.31171875 0.015625 0.0671875 0.03125
11 0.4785774198875818 0.3540323591268977 0.0644100098858317 0.04942167984777566
13 0.23659148562836294 0.05269132950658344 0.06441000988583179 0.04942167984777566
14 0.25016189570447506 0.08333649304273676 0.06122134288963732 0.0477318458553869
15 0.14158805034337982 0.14469709878395537 0.051400673916276673 0.036412343878220454
11 0.01484375 0.440625 0.0296875 0.0375
7 0.8900083042977126 0.11122672969686391 0.09712435079830276 0.08663251977166339
8 0.9273916046782734 0.265694053803421 0.09894151878308044 0.09294618676785796
9 0.9609375 0.41640625 0.078125 0.0859375
15 0.3546875 0.7296875 0.709375 0.540625
27 0.8546875 0.7296875 0.290625 0.540625