24 0.03672917287342274 0.4087245682352371 0.04883991439185813 0.04437073821317572
24 0.09821679053226857 0.3325109786981538 0.04727741439185813 0.04429796360606986
24 0.09900665674337228 0.19788126757328328 0.04727741439185813 0.04429796360606986
24 0.02916934574233627 0.15078363564641392 0.04727741439185813 0.04429796360606986
23 0.05088371815869301 0.39059315239563686 0.045569365177646405 0.04110018899896399
23 0.13146809222767963 0.290997720840271 0.045569365177646405 0.04110018899896399
23 0.2279600643108049 0.034771299623987284 0.04727741439185813 0.04429796360606986
23 0.1239446524001461 0.03227553825144778 0.04727741439185813 0.04429796360606986
10 0.01171875 0.31796875 0.0234375 0.0453125
10 0.0574784363128769 0.11452080396721342 0.04720463978475244 0.042735463606069855
10 0.11142538172198169 0.048917228698153806 0.05211046360606986 0.04764128742738745
21 0.06690897849777526 0.38272714846669553 0.04691354135632882 0.03648546360606986
13 0.19832391418697037 0.08271649399963477 0.06341183664159918 0.0559632096771284
13 0.21831108250776995 0.05702728928490508 0.05850601282028158 0.0510573858558109
27 0.0140625 0.43828125 0.028125 0.0234375
30 0.044096524816502836 0.26735470553879004 0.04720463978475227 0.042735463606069855
30 0.15469803867024173 0.1284442169113295 0.04883991439185813 0.04437073821317572
22 0.09403667452605262 0.06924684532354233 0.053818512820281585 0.05083906203449331
14 0.021875 0.43046875 0.04375 0.0390625
14 0.24039794417075983 0.15435820760570468 0.04883991439185813 0.04437073821317572
14 0.00546875 0.33359375 0.0109375 0.0453125
14 0.12073826158193653 0.16835858746565951 0.04727741439185813 0.04429796360606986
14 0.009375 0.1921875 0.01875 0.04375
17 0.20478362179718418 0.21298619085648163 0.05687073821317572 0.049422111248705033
17 0.23238423697483057 0.1751244718737283 0.05850601282028158 0.0510573858558109
28 0.06992493238393545 0.0994416135205074 0.04720463978475227 0.042735463606069855
34 0.06476643569370433 0.3614878492524838 0.060141287427387446 0.05269266046291676
34 0.10623049772819763 0.3117447144301302 0.05850601282028158 0.0510573858558109
34 0.0522193939230907 0.24424469127076645 0.060141287427387446 0.05269266046291676
34 0.1296875 0.01796875 0.059375 0.0359375
29 0.09123904446120994 0.3478448802697304 0.05189213978475227 0.04295378742738727
29 0.1902116995474432 0.22326871939252896 0.04705909057054054 0.03961046360606986
29 0.22079176551087798 0.18867754962398725 0.0502568651776464 0.04131851282028158
29 0.02109375 0.30859375 0.0421875 0.0421875
29 0.11439621629666626 0.18685387634078898 0.05189213978475245 0.042953787427387445
29 0.18175284429459423 0.10230124792857617 0.0502568651776464 0.04131851282028158
29 0.2484375 0.0171875 0.046875 0.034375
29 0.044558905295630245 0.13975624441391954 0.0502568651776464 0.04131851282028158
18 0.1275061842459623 0.30882092162605923 0.05018409057054072 0.039756012820281586
18 0.18337950269059639 0.2354776209641055 0.05018409057054072 0.039756012820281586
18 0.20991638565092305 0.06916341624937576 0.051819365177646404 0.041391287427387444
16 0.1394817994236087 0.2702314565722473 0.060141287427387446 0.05269266046291676
16 0.01953125 0.16328125 0.0390625 0.0515625
32 0.1672086931373024 0.24646862489304694 0.05225601282028158 0.05076628742738727
32 0.26640625 0.00625 0.0515625 0.0125
31 0.0849612733687608 0.21366893341288354 0.04727741439185813 0.04429796360606986
16 0.02734375 0.2796875 0.0546875 0.053125
19 0.14232431720628905 0.14196090735803563 0.06155823821317572 0.04964043507002262
28 0.16643605934840613 0.11176613916107056 0.04720463978475227 0.042735463606069855
11 0.1609375 0.009375 0.059375 0.01875
15 0.7046875 0.225 0.590625 0.45
12 0.409375 0.45 0.1699055546875 0.45 0.0986996359375 0.48866114375 0 0.624807353125 0 0.8916302343750001 0.061475528125 0.9948493984375 0.0679122 1 0.24120464843749997 1 0.1524709625 0.9205332593750001 0.08712824218750001 0.8051903890624998 0.0781674015625 0.7244547828125001 0.114061075 0.627065040625 0.1871159625 0.5489022515624999 0.2998923015625 0.5130337359375 0.409375 0.5462246203125 0.409375 0.45
30 0.5078125 0.6375 0.196875 0.375
12 0.5921875 0.50078125 0.328125 0.1015625
14 0.55703125 0.8640625 0.2953125 0.271875
16 0.6999570347413003 0.7339985500382721 0.3141182737785364 0.31709772456432467
33 0.8046875 0.56796875 0.3 0.2359375
23 0.8703125 0.815625 0.259375 0.36875
20 0.740625 0.93203125 0.4375 0.1359375