16 0.81484375 0.159375 0.3703125 0.31875
0 0.19900825184671173 0.9017878310387946 0.015706813231716587 0.015155106436617416
0 0.19662814041039328 0.8957017220042871 0.01570681323171641 0.015155106436617416
8 0.2021787036421098 0.909381809751471 0.01884999394987581 0.018498627723940862
0 0.29484344749378977 0.9849666817754287 0.015706813231716587 0.015155106436617416
0 0.29800026375056843 0.9902169104881052 0.01570681323171641 0.015155106436617416
8 0.3 0.99453125 0.01875 0.0109375
2 0.36645482708048077 0.9346281921669888 0.014135222872636887 0.013483345792955603
2 0.36248948974646333 0.9247450937761432 0.01570681323171641 0.015155106436617416
0 0.3608815379510652 0.917041854419805 0.015706813231716587 0.015155106436617416
0 0.3656417608237022 0.9292140724888197 0.014135222872636887 0.013483345792955603
11 1 0.31875 0.8621364421875001 0.31875 0.8340584218749999 0.33973461718750003 0.7887437359375 0.4240789796875 0.8260074765625 0.44670685624999995 0.8154378015624999 0.5353704734375 0.653294421875 0.51521395625 0.6296875 0.5328570171875 0.6296875 0.984705278125 0.6406079796874999 1 0.9637117640625 1 1 0.9728793296875 1 0.31875