8 0.052382715840554095 0.3453125 0.04861930718159235 0.03125
2 0.06547761347942194 0.31328125 0.04861930718159231 0.03125
2 0.07544751111828976 0.28125 0.04861930718159235 0.03125
0 0.07006966470908596 0.296875 0.04704771682251274 0.0296875
1 0.08237876716841397 0.2640625 0.047038626463433084 0.028125
10 0.7359375 0.21953125 0.528125 0.4390625
21 0.234375 0.71953125 0.46875 0.5609375
8 0.6922537369177929 0.9375 0.10517837939029935 0.084375
8 0.7368844599868216 0.8203125 0.10832156010845857 0.0875
6 0.7854077975172309 0.70078125 0.1114647408266178 0.090625
3 0.8370924964839587 0.5875 0.11775110226293642 0.096875
4 0.88203125 0.4765625 0.1140625 0.075