7 0.06015625 0.2328125 0.1203125 0.384375
8 0.15229492107174442 0.32131230541495553 0.30184825304411583 0.37985028163641915
9 0.2765625 0.37890625 0.165625 0.3421875
28 0.6796875 0.275 0.640625 0.55
16 0.1796875 0.775 0.359375 0.45
11 0.95703125 0.68515625 0.0859375 0.2171875
20 0.6390625 0.609375 0.309375 0.11875
23 0.9484375 0.9078125 0.103125 0.184375
18 0.8680783862341335 0.8283671341986718 0.2578436772806622 0.22214478949430205
34 0.6870520425928325 0.6891847020241333 0.21167030788560623 0.19041960049533807
13 0.5072051748647664 0.6597946468140656 0.24288835697722053 0.2105523180303493
12 0.84921875 0.93359375 0.2796875 0.1328125
15 0.560313683658758 0.824150399295265 0.2280605824314133 0.2005223465663967
33 0.5875 0.9515625 0.271875 0.096875
32 0.44921875 0.85390625 0.1796875 0.2046875
28 0.425 0.93828125 0.13125 0.1234375