1 0.3140625 0.353125 0.35 0.39375
2 0.10234375 0.19765625 0.2046875 0.3953125
17 0.7172946765624999 0 0.4890625 0.36114750624999997 0.4890625 0.55 0.5686181359375 0.55 0.68410590625 0.367255740625 0.7095600578125 0.3719405734375 0.8924006609374999 0.4872835359375 0.852766121875 0.55 1 0.55 1 0.3170216828125 0.9247734015625 0.436057915625 0.7187971281250001 0.3273489921875 0.8852855125 0.06390294375 0.9778404843749999 0.06732248125 0.8610098828125 0 0.7172946765624999 0
2 0.05078125 0.9296875 0.1015625 0.140625
3 0.39765625 0.95546875 0.1828125 0.0890625
4 0.24375 0.9078125 0.21875 0.184375
4 0.09921875 0.828125 0.1984375 0.2125
5 0.44140625 0.8671875 0.0953125 0.215625
6 0.3371808988854894 0.7724918349437908 0.22537679735218488 0.21816104547482595
6 0.17919292452605257 0.6822382025480076 0.22068929735218487 0.21797004448624283
8 0.40703125 0.63984375 0.1640625 0.1796875
8 0.27109375 0.59375 0.2109375 0.0875
33 0.74453125 0.775 0.5109375 0.45