1 0.3057586910817081 0.048567422964874485 0.02831067029858776 0.02608233893530465
0 0.29049432400142905 0.06518191999912495 0.03510697351689647 0.03414950692008221
3 0.2669647168085071 0.3008329185162502 0.023404649011264312 0.02276633794672147
6 0.39450983464509076 0.06785327524605198 0.023404649011264312 0.02276633794672147
2 0.3725584249901647 0.09046310429552491 0.0217328883676025 0.021140170950527094
2 0.3512243743697461 0.11544851684309503 0.0217328883676025 0.021140170950527094
0 0.36230933984087094 0.10258110231835857 0.0217328883676025 0.021140170950527094
1 0.3419204301859448 0.12525459836402586 0.016717606436617415 0.016261669961943958
1 0.4349273850134079 0.11729220113949497 0.01838936708027905 0.017887836958138337
7 0.4248421908296066 0.12706644916232862 0.0217328883676025 0.021140170950527094
7 0.2550985013373823 0.31366849954288945 0.021732888367602586 0.021140170950527094
2 0.24406816618808844 0.32575466406762593 0.021732888367602586 0.021140170950527094
6 0.3151294291775387 0.41874993037924824 0.023404649011264312 0.02276633794672147
18 0.59258686875 0 0.6328061093749999 0.022447778125 1 0.36263031875 1 0.1880340484375 0.7914402609375 0 0.59258686875 0
25 1 1 1 0.9051038453124999 0.5365482828125 0.7123522203125 0.5010737875 0.6803689953125 0.5278428749999999 0.62728435625 0.5 0.6021816765625 0.5 1 0.6622901999999999 1 0.7218281765625 0.93455411875 0.8847466468749999 1 1 1