3 0.39658226788653134 0.14731056574229182 0.025873019237293703 0.02543637662320535
2 0.57890625 0.00546875 0.0265625 0.0109375
2 0.5602950822218343 0.025873716715226446 0.025873019237293703 0.025436376623205526
0 0.5701338736916466 0.012756107948928452 0.025873019237293703 0.02543637662320535
1 0.5528818863055184 0.036688485789949966 0.019295637023308564 0.01595228246740419
7 0.3858803808632228 0.1627582877391145 0.025873019237293703 0.02543637662320535
2 0.37606887124457594 0.17509464650541257 0.025873019237293703 0.02543637662320535
6 0.2675495323145016 0.1262968620094135 0.025873019237293703 0.02543637662320535
15 0.8046875 0.16953125 0.390625 0.3390625
14 0.48046875 0.86484375 0.2578125 0.2703125
30 0.27421875 0.96484375 0.2921875 0.0703125
19 0.365250422333035 0.7612349236978109 0.31794647966639805 0.3850058400953163
25 0.51796875 0.56875 0.1828125 0.325
15 0.4046875 0.48125 0.384375 0.284375
21 0.17578125 0.68125 0.3515625 0.3875
32 0.0625 0.63828125 0.125 0.4359375
26 0.8046875 0.66953125 0.390625 0.6609375