14 0.4186491023908395 0.06370532071643646 0.014790542093374803 0.01315497146395277
14 0.3568393471291677 0.05926822373575513 0.016353042093374803 0.013227746071058633
14 0.49379258653523683 0.13654781533975296 0.014790542093374803 0.01315497146395277
14 0.43129258653523683 0.1336368310555187 0.014790542093374803 0.01315497146395277
14 0.4140595839044009 0.1320550603773542 0.014790542093374803 0.01315497146395277
14 0.23336332075022134 0.11974334325662772 0.01488154735504672 0.014717471463952681
14 0.5340220153614925 0.265419832088976 0.01488154735504672 0.014717471463952591
14 0.40732300746898475 0.25718133891340156 0.014608531570031147 0.010029971463952769
14 0.46075111533325774 0.29161415094789483 0.01488154735504672 0.01471747146395277
14 0.4867444679358588 0.32321090735803565 0.01488154735504672 0.01471747146395277
14 0.31234370741251494 0.3119715386657325 0.01488154735504672 0.01471747146395277
14 0.16615895215084323 0.30360461290133484 0.01488154735504672 0.014717471463952591
14 0.46621913630935785 0.3721192882514478 0.014608531570031147 0.010029971463952592
14 0.37159688104768607 0.36615392452154333 0.01644404735504672 0.014790246071058633
14 0.3199433757860142 0.3621898624870501 0.014790542093374803 0.01315497146395277
14 0.11668186789350643 0.3503854135632887 0.014790542093374803 0.013154971463952591
14 0.5068287257577794 0.4005011534290942 0.014790542093374803 0.01315497146395277
14 0.3489252204961074 0.39158841811140255 0.01644404735504672 0.014790246071058633
14 0.2550387126035997 0.3848781916850511 0.014790542093374803 0.013154971463952591
14 0.1947914573419279 0.3805138693114756 0.01644404735504672 0.014790246071058633
14 0.1510414573419278 0.3784761803125116 0.016353042093374803 0.013227746071058633
14 0.065012952080256 0.3729110769216895 0.01644404735504663 0.014790246071058633
14 0.04860670208025599 0.372146943547078 0.014790542093374803 0.013154971463952591
27 0.4037143471291677 0.06145146194893085 0.009921031570031148 0.00981164764263518
27 0.5191782653614926 0.2647284733214703 0.010103042093374804 0.01293664764263518
27 0.3924337548381488 0.25570873014589585 0.009921031570031148 0.00981164764263518
27 0.3814962548381488 0.25519930789615486 0.009921031570031148 0.00981164764263518
27 0.44668861533325765 0.2909591794839422 0.009921031570031148 0.00981164764263518
27 0.43418861533325764 0.29037698262709527 0.009921031570031148 0.00981164764263518
27 0.4726819679358587 0.32255593589408293 0.009921031570031148 0.00981164764263518
27 0.4513753863093578 0.37142792948394215 0.009921031570031148 0.00981164764263518
27 0.18072895734192782 0.3798588978475229 0.010103042093374804 0.01293664764263518
22 0.46049351009982065 0.26043692555500064 0.02242103157003115 0.010393844499482085
22 0.5123591179640936 0.29479696298238806 0.02242103157003115 0.010393844499482085
22 0.4255031310476861 0.3686646484666955 0.022603042093374624 0.013518844499482086
34 0.06171875 0.00234375 0.0265625 0.0046875
34 0.30502476009982066 0.25319585214796786 0.01809755261671846 0.01642552067816432
34 0.39823497575777933 0.39544331823523715 0.01497255261671846 0.016279971463952592
24 0.19375 0.0046875 0.021875 0.009375
24 0.5211818391660727 0.1386026209641055 0.016353042093374803 0.013227746071058633
24 0.44018101009982064 0.2594908556626246 0.017915542093374804 0.013300520678164318
24 0.5676157653614926 0.26698448614175196 0.017915542093374627 0.013300520678164318
24 0.5757313732257654 0.2993068345701754 0.016171031570031146 0.010102746071058632
24 0.4920466179640936 0.293850893090012 0.01800654735504672 0.014863020678164317
24 0.3294857047816791 0.3119908093438969 0.016353042093374803 0.013227746071058633
24 0.22475270215084323 0.30633366066780443 0.017915542093374627 0.013300520678164318
24 0.28322462578601415 0.3604796592200625 0.01644404735504672 0.014790246071058633
24 0.2535371257860142 0.3590969416850511 0.01488154735504672 0.014717471463952591
24 0.050139110000998646 0.34494874276128973 0.014790542093374803 0.013154971463952591
24 0.5404679783886153 0.40284705748187016 0.014790542093374982 0.013154971463952591
24 0.4544394731269434 0.39728195409104805 0.014608531570031147 0.010029971463952592
24 0.3824734678652716 0.3923718221641785 0.014790542093374803 0.013154971463952591
24 0.3246154652344357 0.3888979117012618 0.01488154735504672 0.01471747146395277
24 0.10563795208025599 0.3748032167064418 0.017915542093374804 0.013300520678164496
28 0.38818732864272903 0.1292917793601076 0.014790542093374803 0.01315497146395268
28 0.21773832075022134 0.11901559718556917 0.01488154735504672 0.01471747146395277
28 0.5512095153614925 0.2662203527671404 0.014790542093374626 0.01315497146395277
28 0.42290250483814884 0.25712783498446007 0.016353042093374803 0.013227746071058633
28 0.4764216179640936 0.29312314701895337 0.014790542093374803 0.01315497146395277
28 0.2560482047816791 0.3085704028099217 0.016353042093374803 0.013227746071058633
28 0.1494943678935064 0.35191368031251163 0.01488154735504672 0.01471747146395277
28 0.07362211263183456 0.3468216118678775 0.014790542093374803 0.013154971463952591
28 0.080637952080256 0.37363882299274803 0.014881547355046631 0.01471747146395277
19 0.47611851009982065 0.2611646716260593 0.007342063140062294 0.019041098428423452
19 0.5280296205949295 0.2963059590534467 0.007524073663405772 0.02216609842842345
19 0.34203120741251497 0.3133542562007438 0.007342063140062294 0.019041098428423452
18 0.5593959287556686 0.01883808457017535 0.007706084186749606 0.025291098428423454
18 0.48747542612483263 0.014709202643305908 0.007706084186749606 0.025291098428423454
18 0.35546875 0.009375 0.0078125 0.01875
18 0.4521518471291677 0.06370747476921243 0.007160052616718459 0.015916098428423453
18 0.2606615681193854 0.12023564888098023 0.007160052616718459 0.015916098428423453
18 0.21207069162749947 0.3026264638109576 0.007160052616718459 0.015916098428423453
18 0.21819886526267052 0.35433451302516933 0.007160052616718459 0.015916098428423453
18 0.23380845471109196 0.38155198448912203 0.007160052616718459 0.015916098428423453
21 0.36484375 0.00859375 0.0078125 0.0171875
21 0.3005339521508432 0.30986322911243863 0.00403505261671846 0.015770549214211727
21 0.27219612052434233 0.35840773697032147 0.00394404735504672 0.014208049214211727
21 0.26516487052434234 0.3580802512383451 0.00403505261671846 0.015770549214211727
13 0.5766289313865045 0.02041985524833976 0.023331084186749607 0.026018844499482087
13 0.38869337578601415 0.3653919451997078 0.016626057878390377 0.017915246071058634
23 0.5416091892790122 0.021126176588457966 0.0228760578783902 0.018206344499481997
23 0.4696886866481763 0.016997294661588568 0.019751057878390377 0.01806079528527036
23 0.2796875 0.00703125 0.021875 0.0140625
23 0.1824741968891713 0.3028062462759463 0.01488154735504672 0.014717471463952591
23 0.5828125 0.4046875 0.0125 0.0125
23 0.49042247575777936 0.3997370200544827 0.014790542093374803 0.013154971463952591
23 0.41376897049610745 0.39460856430629565 0.016171031570031146 0.010102746071058632
23 0.3660672178652716 0.39160768878956703 0.014608531570031147 0.010029971463952769
23 0.3066467152344356 0.3880610037195444 0.014790542093374803 0.013154971463952591
23 0.22296195997276377 0.38260506223938107 0.01488154735504672 0.01471747146395277
23 0.16822895734192783 0.3792767009906761 0.014790542093374803 0.013154971463952591
16 0.517572449802356 0.023123170178317175 0.023331084186749607 0.026018844499481997
16 0.288170460043351 0.3116247822555917 0.01653505261671846 0.016352746071058633
16 0.1997982047816791 0.3059505169541108 0.01653505261671846 0.016352746071058633
16 0.19099162315517831 0.3554047074008169 0.0166260578783902 0.017915246071058634
25 0.4323251945406841 0.017594454091047984 0.023331084186749607 0.026018844499481997
25 0.13313362052434236 0.35193079693790014 0.01497255261671846 0.016279971463952592
25 0.5233714836502872 0.40360903680370563 0.01497255261671846 0.016279971463952592
11 0.38203125 0.01015625 0.0234375 0.0203125
13 0.25546875 0.00625 0.0234375 0.0125
11 0.3395608418674959 0.056905203057590635 0.01653505261671846 0.016352746071058633
12 0.33828125 0.00859375 0.0234375 0.0171875
12 0.24033219952000717 0.30628015673886305 0.01488154735504672 0.01471747146395277
17 0.21640625 0.0046875 0.0234375 0.009375
17 0.33547737052434234 0.36135510855810865 0.01497255261671846 0.016279971463952592
17 0.0046875 0.340625 0.009375 0.015625
17 0.270481702080256 0.3824809377561097 0.01488154735504672 0.01471747146395277
10 0.3046875 0.0078125 0.021875 0.015625
10 0.32051325220731286 0.25157984821902646 0.016353042093374626 0.013227746071058633
10 0.2708919547816791 0.3092617615774273 0.01800654735504672 0.014863020678164317
10 0.40601738367852197 0.36853621587787233 0.01488154735504672 0.014717471463952591
10 0.16438362052434236 0.35338628908001724 0.01488154735504672 0.014717471463952591
10 0.4310019731269435 0.3961903349844601 0.01644404735504672 0.014790246071058633
29 0.4443848497600037 0.06412485173368312 0.01019404735504672 0.01449914764263518
29 0.4326205971291676 0.06279779218038914 0.01019404735504672 0.01449914764263518
29 0.506982831273565 0.13560389950015272 0.01019404735504672 0.01449914764263518
29 0.4014230760118931 0.1291291135205074 0.01019404735504672 0.01449914764263518
29 0.5859375 0.29765625 0.00625 0.0171875
29 0.35041212578601416 0.36360896732561426 0.01019404735504672 0.01449914764263518
29 0.08607661000099864 0.3466225587247244 0.01028505261671846 0.01606164764263518
29 0.01649985737016273 0.34260283870851377 0.010194047355046632 0.01449914764263518
29 0.5724537257577793 0.40355768692754024 0.01019404735504672 0.01449914764263518
29 0.46919221786527154 0.3964108128585536 0.01331904735504672 0.014644696856846906
29 0.2854164573419279 0.3847347965236153 0.01019404735504672 0.01449914764263518
29 0.20958970471109187 0.3804239780789812 0.01019404735504672 0.01449914764263518
29 0.1384049494494201 0.37555023345566474 0.01028505261671846 0.01606164764263518
29 0.11731119944942008 0.37456777625973564 0.010194047355046632 0.01449914764263518
20 0.2481615681193854 0.11965345202413333 0.01497255261671846 0.01627997146395277
12 0.09944886526267052 0.34880364288512417 0.01488154735504672 0.014717471463952591
15 0.5100909626741869 0.3227400264646235 0.01028505261671846 0.01606164764263518
15 0.49915346267418687 0.3222306042148825 0.010376057878390377 0.01762414764263518
15 0.4895656310476861 0.3716484073580356 0.01028505261671846 0.01606164764263518
15 0.4786281310476861 0.3711389851082946 0.01019404735504672 0.01449914764263518
15 0.29719612052434236 0.35957213068401517 0.01028505261671846 0.01606164764263518
15 0.03598560473932677 0.342731271297337 0.01028505261671846 0.01606164764263518
30 0.40944143138650446 0.012632972288013055 0.022876057878390376 0.018206344499481997
32 0.16484375 0.003125 0.0328125 0.00625
29 0.48500984976000366 0.06601699151843539 0.01809755261671846 0.016425520678164496
32 0.4679133550216755 0.06677897084027098 0.022603042093374805 0.013518844499481996
32 0.37871434712916774 0.060287068235237086 0.02591005261671846 0.016789393713693722
10 0.3137340892366599 0.054923172040344026 0.01809755261671846 0.016425520678164406
25 0.2943848497600037 0.05713848945152078 0.01497255261671846 0.01627997146395277
25 0.2779330971291677 0.0555931060769093 0.01497255261671846 0.01627997146395277
3 0.58203125 0.13984375 0.0140625 0.0171875
26 0.5571193391660728 0.14027643692754022 0.019751057878390554 0.01806079528527027
30 0.5368068391660727 0.13933036703516405 0.014790542093374626 0.01315497146395277
29 0.467920331273565 0.1337845343225063 0.01653505261671846 0.016352746071058633
32 0.4492613365352368 0.13447373903723606 0.02269404735504672 0.015081344499481997
3 0.31539457075022126 0.12356401012968524 0.01653505261671846 0.016352746071058542
21 0.2715990681193854 0.1207450711307212 0.01497255261671846 0.01627997146395277
22 0.5828125 0.26640625 0.0125 0.0171875
22 0.339998999576477 0.2517082808078497 0.02278505261671846 0.016643844499482086
2 0.2797517443148051 0.2473439584342742 0.0166260578783902 0.017915246071058634
11 0.5413864653050228 0.3249767686067406 0.01488154735504672 0.014717471463952591
30 0.5235087205666946 0.3257023606250232 0.01644404735504672 0.014790246071058633
12 0.436607960043351 0.3185383699306481 0.01966005261671846 0.01649829528527036
14 0.41859370741251506 0.3169202119489308 0.01653505261671846 0.016352746071058633
24 0.39984370741251507 0.3160469166636606 0.02278505261671846 0.016643844499482086
11 0.520906636309358 0.3746663995001528 0.01653505261671846 0.016352746071058633
30 0.5021566363093578 0.37379310421488243 0.01488154735504672 0.014717471463952591
32 0.23235237052434235 0.356551984489122 0.022603042093374805 0.013518844499482086
23 0.20657112052434234 0.3553512034718754 0.01488154735504672 0.014717471463952591
33 0.79453125 0.21484375 0.4109375 0.4296875
21 0.31875 0.71484375 0.540625 0.5703125
11 0.5890625 0.4296875 0.5890625 1 1 1 1 0.6492186421875 0.9223409703125001 0.4296875 0.5890625 0.4296875