3 0.24284695408972318 0.34488653833221206 0.023710220003181702 0.024665807326946166
7 0.00703125 0.35234375 0.0140625 0.0234375
7 0.26160604475649585 0.34468514247065496 0.02369203866963616 0.023103307326946165
2 0.27801229475649586 0.3438253273417926 0.02369203866963616 0.023103307326946165
6 0.30159415073995116 0.2206401328597166 0.023710220003181702 0.024665807326946343
2 0.003125 0.12421875 0.00625 0.0234375
0 0.012003844724679169 0.12324831298115582 0.022129538669636163 0.023021420171816586
1 0.026856685391451852 0.12325163500742313 0.015824994668999892 0.018006371551297563
3 0.04248168539145185 0.12243276345612567 0.022147720003181704 0.024583920171816587
32 0.709375 0.20625 0.58125 0.3875
13 0.209375 0.7 0.41875 0.6
2 0.71328125 0.7 0.5734375 0.6