19 0.12734375 0.02734375 0.015625 0.015625
14 0.1421875 0.02890625 0.015625 0.0125
14 0.16953125 0.02890625 0.0140625 0.0109375
14 0.28515625 0.02890625 0.0140625 0.0125
14 0.20859375 0.0515625 0.0125 0.0109375
14 0.3625 0.10703125 0.01875 0.015625
14 0.6296875 0.1078125 0.0203125 0.015625
14 0.7921875 0.1078125 0.0203125 0.0171875
14 0.11640625 0.1390625 0.0203125 0.015625
14 0.46484375 0.13984375 0.01875 0.0171875
14 0.53046875 0.13984375 0.0203125 0.015625
14 0.0578125 0.203125 0.021875 0.015625
14 0.0921875 0.203125 0.0203125 0.015625
14 0.15859375 0.203125 0.01875 0.015625
14 0.2265625 0.203125 0.021875 0.0171875
14 0.33203125 0.203125 0.01875 0.015625
14 0.39765625 0.203125 0.01875 0.015625
14 0.52421875 0.203125 0.0203125 0.01875
14 0.771875 0.203125 0.01875 0.015625
14 0.0515625 0.23515625 0.0203125 0.0171875
14 0.128125 0.23515625 0.01875 0.015625
14 0.67890625 0.23515625 0.021875 0.015625
14 0.38203125 0.2796875 0.0125 0.0109375
14 0.4375 0.2796875 0.0140625 0.0109375
14 0.09140625 0.3421875 0.0140625 0.0125
14 0.13515625 0.34140625 0.0140625 0.0109375
14 0.14921875 0.34140625 0.0140625 0.0125
14 0.3171875 0.34140625 0.0125 0.0109375
14 0.3734375 0.3421875 0.0125 0.0109375
14 0.38828125 0.3421875 0.0125 0.0109375
14 0.55078125 0.34140625 0.0125 0.0125
14 0.14296875 0.45546875 0.0140625 0.0125
14 0.1703125 0.45546875 0.015625 0.0125
14 0.28515625 0.45546875 0.0125 0.0125
14 0.39921875 0.45546875 0.0125 0.009375
14 0.14296875 0.484375 0.0125 0.0109375
14 0.35234375 0.48359375 0.0125 0.0125
14 0.33046875 0.51015625 0.0125 0.0125
14 0.48671875 0.51015625 0.0125 0.0125
14 0.61875 0.5109375 0.0125 0.0125
14 0.35078125 0.55625 0.0125 0.009375
14 0.4359375 0.55625 0.0140625 0.0125
14 0.48203125 0.55546875 0.0125 0.0109375
14 0.66484375 0.55625 0.0125 0.0109375
14 0.78203125 0.55625 0.0125 0.0109375
14 0.22890625 0.57890625 0.0140625 0.0109375
14 0.31484375 0.57890625 0.0125 0.0109375
14 0.45703125 0.5796875 0.0140625 0.0125
14 0.54140625 0.57890625 0.0125 0.0109375
14 0.5953125 0.57890625 0.0140625 0.0125
14 0.634375 0.5796875 0.0140625 0.0109375
14 0.71171875 0.5796875 0.0140625 0.0125
14 0.7265625 0.5796875 0.0125 0.0109375
14 0.2140625 0.625 0.0125 0.0109375
14 0.26640625 0.625 0.0140625 0.0125
14 0.18203125 0.64765625 0.0125 0.0125
14 0.25859375 0.64765625 0.0125 0.0109375
14 0.2921875 0.6484375 0.0125 0.0125
14 0.57265625 0.7171875 0.0125 0.0109375
14 0.67109375 0.7171875 0.0140625 0.0109375
14 0.75859375 0.7171875 0.0140625 0.0109375
14 0.77265625 0.7171875 0.0140625 0.0109375
14 0.26640625 0.759375 0.0078125 0.0078125
14 0.6453125 0.81171875 0.0125 0.0109375
27 0.1578125 0.02890625 0.0125 0.009375
27 0.2984375 0.02890625 0.009375 0.0109375
27 0.22109375 0.0515625 0.0078125 0.009375
27 0.23125 0.0515625 0.009375 0.009375
27 0.6125 0.10703125 0.0125 0.015625
27 0.81171875 0.10703125 0.0125 0.015625
27 0.08046875 0.1390625 0.0125 0.015625
27 0.2234375 0.1390625 0.0125 0.015625
27 0.27109375 0.1390625 0.0125 0.015625
27 0.4484375 0.1390625 0.0125 0.015625
27 0.6234375 0.13984375 0.0125 0.0140625
27 0.67109375 0.1390625 0.0125 0.015625
27 0.07578125 0.203125 0.0125 0.015625
27 0.1421875 0.203125 0.0125 0.015625
27 0.3953125 0.27890625 0.0078125 0.009375
27 0.15703125 0.45546875 0.009375 0.0109375
27 0.2984375 0.45546875 0.009375 0.0109375
27 0.4125 0.4546875 0.009375 0.009375
27 0.42265625 0.4546875 0.0078125 0.009375
27 0.36484375 0.48359375 0.0078125 0.009375
27 0.37578125 0.48359375 0.0078125 0.009375
27 0.34296875 0.51015625 0.0078125 0.009375
27 0.3640625 0.55625 0.0078125 0.009375
27 0.8015625 0.55625 0.009375 0.0109375
27 0.13515625 0.57890625 0.0078125 0.0109375
27 0.2171875 0.57890625 0.0078125 0.009375
27 0.6078125 0.57890625 0.009375 0.0109375
27 0.19609375 0.625 0.009375 0.009375
27 0.2328125 0.64765625 0.0109375 0.0109375
27 0.3046875 0.64765625 0.0078125 0.009375
27 0.1609375 0.67109375 0.009375 0.009375
27 0.2484375 0.67109375 0.009375 0.0109375
27 0.303125 0.7171875 0.0078125 0.009375
27 0.58515625 0.7171875 0.0078125 0.009375
27 0.27421875 0.759375 0.0046875 0.00625
27 0.44140625 0.8109375 0.009375 0.009375
27 0.525 0.8109375 0.009375 0.009375
27 0.6265625 0.8109375 0.009375 0.009375
22 0.1890625 0.02890625 0.0234375 0.0109375
22 0.16171875 0.0515625 0.0203125 0.009375
22 0.76484375 0.10703125 0.03125 0.015625
22 0.03515625 0.13984375 0.0296875 0.015625
22 0.46484375 0.203125 0.0296875 0.015625
22 0.6703125 0.203125 0.03125 0.015625
22 0.1890625 0.45546875 0.021875 0.0109375
22 0.3515625 0.45546875 0.0203125 0.009375
22 0.30546875 0.48359375 0.0203125 0.009375
22 0.16484375 0.5109375 0.0203125 0.0109375
22 0.3875 0.55546875 0.01875 0.0109375
22 0.8546875 0.55625 0.0203125 0.009375
22 0.30859375 0.6703125 0.0203125 0.009375
22 0.55390625 0.7171875 0.01875 0.009375
22 0.6890625 0.7171875 0.01875 0.009375
34 0.20859375 0.03046875 0.0125 0.0140625
34 0.4453125 0.11015625 0.0203125 0.021875
34 0.1609375 0.14140625 0.021875 0.021875
34 0.5609375 0.14140625 0.0203125 0.021875
34 0.70078125 0.23671875 0.021875 0.0203125
34 0.18828125 0.28125 0.0125 0.015625
34 0.1796875 0.48515625 0.0125 0.0140625
34 0.20859375 0.45703125 0.0140625 0.0140625
34 0.49140625 0.4578125 0.015625 0.0140625
34 0.22734375 0.5125 0.0125 0.0140625
34 0.9171875 0.5578125 0.0140625 0.0125
34 0.4125 0.58046875 0.0125 0.0140625
34 0.328125 0.6265625 0.015625 0.015625
34 0.16640625 0.71875 0.0140625 0.0140625
34 0.74375 0.71875 0.0125 0.015625
22 0.23515625 0.0265625 0.0203125 0.0140625
24 0.2546875 0.02890625 0.015625 0.0109375
24 0.1796875 0.05234375 0.0140625 0.0109375
24 0.46640625 0.10703125 0.021875 0.015625
24 0.7375 0.10703125 0.0203125 0.015625
24 0.1828125 0.1390625 0.0203125 0.015625
24 0.58203125 0.1390625 0.0203125 0.015625
24 0.6875 0.1390625 0.0203125 0.0171875
24 0.6421875 0.203125 0.021875 0.015625
24 0.07421875 0.23515625 0.021875 0.015625
24 0.58203125 0.23515625 0.0203125 0.015625
24 0.7546875 0.234375 0.0203125 0.015625
24 0.2921875 0.34140625 0.0140625 0.0109375
24 0.36953125 0.45546875 0.015625 0.0109375
24 0.2546875 0.4546875 0.015625 0.0109375
24 0.2484375 0.48359375 0.0140625 0.009375
24 0.32421875 0.48359375 0.015625 0.0125
24 0.1453125 0.51015625 0.0140625 0.0125
24 0.471875 0.509375 0.0140625 0.0109375
24 0.565625 0.51015625 0.015625 0.0109375
24 0.14609375 0.55546875 0.0140625 0.0109375
24 0.51484375 0.55625 0.0140625 0.0125
24 0.5421875 0.55625 0.0125 0.0125
24 0.725 0.55546875 0.0125 0.0109375
24 0.8359375 0.55546875 0.0140625 0.0109375
24 0.284375 0.57890625 0.0125 0.0109375
24 0.36171875 0.57890625 0.0125 0.009375
24 0.4265625 0.57890625 0.0125 0.0109375
24 0.47890625 0.57890625 0.0125 0.0125
24 0.67578125 0.57890625 0.015625 0.0109375
24 0.21875 0.64765625 0.0140625 0.0109375
24 0.171875 0.67109375 0.0140625 0.0125
24 0.259375 0.6703125 0.0125 0.0109375
24 0.2046875 0.7171875 0.015625 0.0109375
24 0.43515625 0.71640625 0.015625 0.0109375
24 0.53515625 0.7171875 0.0140625 0.0125
24 0.7296875 0.7171875 0.0140625 0.0109375
28 0.26953125 0.028125 0.0125 0.0125
28 0.19453125 0.0515625 0.0125 0.0125
28 0.415625 0.10703125 0.01875 0.015625
28 0.70390625 0.10703125 0.015625 0.0171875
28 0.8265625 0.10703125 0.01875 0.0171875
28 0.353125 0.203125 0.0171875 0.015625
28 0.5453125 0.20234375 0.01875 0.0171875
28 0.7921875 0.203125 0.01875 0.015625
28 0.1734375 0.34140625 0.0125 0.0125
28 0.41171875 0.340625 0.0125 0.0109375
28 0.56484375 0.34140625 0.0125 0.0125
28 0.26953125 0.45546875 0.0125 0.0109375
28 0.38515625 0.4546875 0.0140625 0.0109375
28 0.33828125 0.48359375 0.0125 0.0109375
28 0.5375 0.51015625 0.0140625 0.0109375
28 0.63515625 0.55625 0.0125 0.0125
28 0.70390625 0.55546875 0.0125 0.0109375
28 0.17578125 0.57890625 0.0125 0.0109375
28 0.69765625 0.57890625 0.0125 0.0125
28 0.22890625 0.625 0.0125 0.0125
28 0.19609375 0.64765625 0.0125 0.0109375
28 0.315625 0.6484375 0.0125 0.0125
28 0.35703125 0.67109375 0.0140625 0.0125
28 0.3296875 0.7171875 0.0125 0.0125
28 0.51171875 0.7171875 0.0125 0.0125
28 0.596875 0.7171875 0.0125 0.0109375
28 0.7875 0.7171875 0.0125 0.0109375
28 0.48203125 0.81015625 0.0125 0.0109375
28 0.578125 0.8109375 0.0125 0.009375
28 0.65859375 0.8109375 0.0125 0.009375
19 0.14609375 0.0515625 0.0046875 0.01875
19 0.3375 0.4546875 0.0046875 0.0171875
19 0.29140625 0.48359375 0.00625 0.01875
19 0.46015625 0.509375 0.00625 0.0171875
11 0.03203125 0.1046875 0.021875 0.0203125
30 0.0546875 0.10703125 0.01875 0.015625
30 0.2453125 0.10703125 0.01875 0.015625
30 0.48828125 0.1078125 0.01875 0.015625
30 0.58515625 0.10703125 0.01875 0.015625
30 0.6828125 0.10703125 0.01875 0.015625
30 0.20390625 0.1390625 0.0171875 0.015625
30 0.60390625 0.1390625 0.01875 0.015625
30 0.7328125 0.13984375 0.01875 0.0140625
18 0.06953125 0.10390625 0.0046875 0.0203125
18 0.1109375 0.1046875 0.0046875 0.021875
18 0.175 0.1046875 0.0046875 0.021875
18 0.29296875 0.1046875 0.0046875 0.021875
18 0.60078125 0.10390625 0.00625 0.021875
18 0.4921875 0.13671875 0.00625 0.0203125
18 0.7578125 0.19921875 0.00625 0.021875
18 0.21328125 0.23125 0.0046875 0.021875
18 0.25390625 0.23125 0.00625 0.021875
18 0.31796875 0.23203125 0.0046875 0.021875
18 0.43671875 0.23203125 0.0046875 0.021875
18 0.78046875 0.23203125 0.0046875 0.021875
18 0.35234375 0.278125 0.0046875 0.0140625
18 0.5265625 0.33984375 0.0046875 0.0140625
18 0.190625 0.48203125 0.0046875 0.0140625
18 0.57734375 0.5078125 0.0046875 0.0140625
18 0.5734375 0.55390625 0.0046875 0.0140625
18 0.79296875 0.5546875 0.0046875 0.0140625
18 0.56015625 0.578125 0.0046875 0.0140625
18 0.2046875 0.62265625 0.0046875 0.0140625
18 0.30859375 0.62265625 0.0046875 0.0140625
18 0.2546875 0.71484375 0.0046875 0.015625
18 0.3765625 0.71484375 0.0046875 0.0140625
18 0.634375 0.809375 0.00625 0.0140625
21 0.078125 0.10546875 0.0046875 0.021875
21 0.284375 0.1046875 0.0046875 0.021875
21 0.378125 0.10390625 0.0046875 0.0203125
21 0.5078125 0.2 0.0046875 0.0203125
21 0.1125 0.23125 0.00625 0.021875
21 0.221875 0.23203125 0.0046875 0.0203125
21 0.428125 0.23203125 0.0046875 0.0203125
21 0.16953125 0.48125 0.0046875 0.0140625
21 0.49765625 0.50859375 0.003125 0.0140625
21 0.525 0.5546875 0.003125 0.0125
21 0.53125 0.5546875 0.003125 0.0140625
21 0.17265625 0.62265625 0.0015625 0.0125
21 0.24765625 0.646875 0.003125 0.0125
21 0.26171875 0.71484375 0.003125 0.0140625
21 0.71796875 0.71484375 0.003125 0.0140625
21 0.603125 0.809375 0.003125 0.0125
13 0.0953125 0.1046875 0.01875 0.021875
13 0.33125 0.13671875 0.0203125 0.021875
13 0.41796875 0.13671875 0.01875 0.021875
13 0.709375 0.13671875 0.0203125 0.021875
13 0.88125 0.2 0.01875 0.021875
13 0.23828125 0.23203125 0.01875 0.021875
13 0.73203125 0.23203125 0.01875 0.021875
13 0.4203125 0.55390625 0.0140625 0.015625
13 0.18828125 0.66875 0.0140625 0.0140625
13 0.28984375 0.66953125 0.0140625 0.0125
13 0.271875 0.71484375 0.0140625 0.0140625
13 0.64765625 0.71484375 0.0140625 0.0140625
23 0.1265625 0.1078125 0.01875 0.015625
23 0.30859375 0.1390625 0.01875 0.015625
23 0.3953125 0.1390625 0.01875 0.015625
23 0.50859375 0.1390625 0.01875 0.015625
23 0.74140625 0.203125 0.01875 0.015625
23 0.85859375 0.203125 0.01875 0.015625
23 0.26953125 0.234375 0.01875 0.015625
23 0.334375 0.234375 0.0171875 0.015625
23 0.5046875 0.234375 0.01875 0.015625
23 0.21328125 0.51015625 0.0125 0.0109375
23 0.60390625 0.509375 0.0125 0.0125
23 0.203125 0.55546875 0.0125 0.0109375
23 0.90234375 0.55625 0.0125 0.0109375
23 0.16171875 0.57890625 0.0125 0.009375
23 0.24453125 0.57890625 0.0125 0.0109375
23 0.3296875 0.57890625 0.0125 0.0109375
23 0.3984375 0.57890625 0.0140625 0.009375
23 0.44140625 0.57890625 0.0125 0.009375
23 0.49453125 0.57890625 0.0125 0.0109375
23 0.5703125 0.57890625 0.0125 0.0125
23 0.61953125 0.57890625 0.0125 0.0109375
23 0.15390625 0.64765625 0.0125 0.0125
23 0.6328125 0.7171875 0.0125 0.0109375
23 0.46796875 0.8109375 0.0140625 0.009375
23 0.55 0.8109375 0.0140625 0.009375
16 0.1484375 0.109375 0.0203125 0.021875
16 0.29140625 0.2375 0.0203125 0.021875
16 0.50859375 0.51171875 0.0140625 0.0140625
16 0.58828125 0.51171875 0.0140625 0.0140625
16 0.5984375 0.55703125 0.0140625 0.015625
16 0.21640625 0.48515625 0.015625 0.0140625
23 0.190625 0.10703125 0.01875 0.015625
25 0.2234375 0.11015625 0.01875 0.021875
25 0.6515625 0.14140625 0.0203125 0.021875
25 0.6984375 0.20546875 0.01875 0.0203125
25 0.4921875 0.2046875 0.01875 0.0203125
25 0.03046875 0.2375 0.0203125 0.0203125
25 0.096875 0.2375 0.01875 0.0203125
25 0.36796875 0.2375 0.0203125 0.021875
25 0.15859375 0.48515625 0.0125 0.0140625
25 0.18359375 0.51171875 0.0140625 0.0140625
25 0.65 0.55703125 0.0125 0.0140625
25 0.87265625 0.55703125 0.0125 0.0140625
25 0.18984375 0.58046875 0.0125 0.0125
25 0.3 0.58046875 0.0125 0.0140625
25 0.3421875 0.671875 0.0140625 0.0140625
25 0.70859375 0.71875 0.0125 0.0140625
25 0.496875 0.81328125 0.0140625 0.0140625
11 0.26875 0.1046875 0.0203125 0.021875
11 0.2515625 0.13671875 0.0203125 0.021875
11 0.3109375 0.2 0.0203125 0.021875
11 0.175 0.23125 0.0203125 0.0234375
11 0.4125 0.23203125 0.0203125 0.021875
13 0.5265625 0.23203125 0.0203125 0.021875
11 0.453125 0.278125 0.0140625 0.0140625
12 0.30859375 0.10703125 0.0203125 0.015625
12 0.54140625 0.10703125 0.01875 0.0171875
12 0.66171875 0.10703125 0.0203125 0.015625
12 0.62109375 0.203125 0.01875 0.015625
12 0.4515625 0.234375 0.0203125 0.015625
12 0.5515625 0.509375 0.0125 0.0125
12 0.821875 0.55625 0.0125 0.0125
12 0.21875 0.67109375 0.0125 0.0109375
12 0.48203125 0.7171875 0.0140625 0.0125
17 0.340625 0.10390625 0.01875 0.0203125
17 0.2046875 0.2 0.01875 0.0203125
17 0.5609375 0.23203125 0.01875 0.021875
17 0.65703125 0.23203125 0.01875 0.0203125
17 0.46796875 0.55390625 0.0125 0.0140625
17 0.7671875 0.5546875 0.0125 0.0140625
17 0.52734375 0.5765625 0.0125 0.0125
17 0.15234375 0.71484375 0.0125 0.0140625
17 0.396875 0.71484375 0.0125 0.0140625
17 0.46015625 0.71484375 0.0125 0.0140625
25 0.39453125 0.11015625 0.01875 0.0203125
10 0.51953125 0.1078125 0.01875 0.015625
10 0.06171875 0.13984375 0.01875 0.0171875
10 0.2875 0.1390625 0.0171875 0.015625
10 0.37421875 0.1390625 0.0203125 0.0171875
10 0.12421875 0.203125 0.0203125 0.0171875
10 0.43671875 0.203125 0.01875 0.0171875
10 0.7203125 0.203125 0.01875 0.015625
10 0.8375 0.20390625 0.01875 0.0171875
10 0.48203125 0.23515625 0.01875 0.0171875
10 0.17421875 0.2796875 0.0125 0.0109375
10 0.47734375 0.45546875 0.0140625 0.0109375
10 0.1984375 0.5109375 0.0125 0.0125
10 0.52421875 0.51015625 0.015625 0.0125
10 0.4046875 0.55625 0.0125 0.0125
10 0.621875 0.55625 0.0125 0.0125
10 0.88828125 0.55703125 0.0140625 0.0125
10 0.146875 0.5796875 0.015625 0.0125
10 0.2046875 0.57890625 0.0140625 0.0125
10 0.3828125 0.57890625 0.0140625 0.0125
10 0.16171875 0.62578125 0.0140625 0.0125
10 0.18359375 0.625 0.0125 0.0109375
10 0.275 0.67109375 0.0125 0.0125
10 0.6171875 0.7171875 0.0125 0.0125
10 0.453125 0.8109375 0.0125 0.0125
10 0.51171875 0.81171875 0.0140625 0.0125
10 0.5921875 0.8109375 0.0140625 0.0125
10 0.6140625 0.8109375 0.0140625 0.0125
26 0.5625 0.11015625 0.0203125 0.021875
26 0.28125 0.6265625 0.0125 0.0125
29 0.7203125 0.10546875 0.0125 0.0203125
29 0.13359375 0.1375 0.0125 0.0203125
29 0.771875 0.1375 0.0125 0.0203125
29 0.1859375 0.20078125 0.0125 0.0203125
29 0.36953125 0.20078125 0.0125 0.0203125
29 0.63828125 0.2328125 0.0125 0.0203125
29 0.79140625 0.23359375 0.0125 0.0203125
29 0.359375 0.27890625 0.009375 0.0125
29 0.36953125 0.278125 0.0078125 0.0125
29 0.103125 0.33984375 0.0078125 0.0125
29 0.16171875 0.33984375 0.009375 0.0125
29 0.3046875 0.33984375 0.009375 0.0125
29 0.4 0.33984375 0.0078125 0.0125
29 0.2375 0.48203125 0.0078125 0.0140625
29 0.4546875 0.5546875 0.0078125 0.0125
29 0.6921875 0.5546875 0.0078125 0.0140625
29 0.7546875 0.55546875 0.0078125 0.0125
29 0.12421875 0.578125 0.0078125 0.0125
29 0.25546875 0.578125 0.0078125 0.0125
29 0.3484375 0.578125 0.0109375 0.0125
29 0.5140625 0.578125 0.009375 0.0125
29 0.58203125 0.578125 0.0078125 0.0125
29 0.64609375 0.578125 0.009375 0.0140625
29 0.66484375 0.578125 0.0078125 0.0125
29 0.315625 0.6234375 0.0078125 0.0125
29 0.20703125 0.646875 0.0078125 0.0125
29 0.27109375 0.646875 0.0078125 0.0125
29 0.28046875 0.646875 0.00625 0.0125
29 0.23125 0.66953125 0.00625 0.0125
29 0.19296875 0.715625 0.009375 0.0125
29 0.2921875 0.715625 0.0078125 0.0125
29 0.340625 0.715625 0.0078125 0.0125
29 0.384375 0.715625 0.0078125 0.0125
29 0.44765625 0.715625 0.0078125 0.0125
29 0.52265625 0.71484375 0.0078125 0.0140625
29 0.56171875 0.809375 0.0078125 0.0125
20 0.0984375 0.13671875 0.01875 0.021875
20 0.5375 0.33984375 0.0125 0.0140625
12 0.68046875 0.55625 0.0125 0.0125
14 0.5359375 0.8109375 0.0125 0.009375
29 0.4296875 0.809375 0.0140625 0.0125
15 0.48203125 0.1359375 0.015625 0.021875
15 0.309375 0.50859375 0.0078125 0.0140625
15 0.31875 0.50859375 0.0078125 0.015625
15 0.3296875 0.55390625 0.0078125 0.0140625
15 0.3390625 0.55390625 0.0078125 0.0125
15 0.50234375 0.55390625 0.009375 0.0140625
15 0.7375 0.55390625 0.0078125 0.0140625
10 0.3265625 0.67109375 0.0125 0.0109375
15 0.2546875 0.75859375 0.0046875 0.0078125
15 0.26015625 0.75859375 0.0046875 0.0078125
12 0.75390625 0.1390625 0.01875 0.015625
17 0.0328125 0.20078125 0.0234375 0.021875
33 0.4171875 0.203125 0.01875 0.015625
24 0.575 0.203125 0.0203125 0.015625
15 0.59296875 0.2 0.0140625 0.021875
30 0.1984375 0.234375 0.01875 0.015625
30 0.38828125 0.234375 0.01875 0.015625
32 0.6078125 0.23515625 0.028125 0.015625
5 0.0265625 0.278125 0.015625 0.0140625
10 0.09140625 0.278125 0.0140625 0.0140625
22 0.11015625 0.278125 0.01875 0.0140625
22 0.15625 0.278125 0.0203125 0.0140625
2 0.2109375 0.278125 0.015625 0.015625
29 0.32265625 0.278125 0.015625 0.0140625
32 0.33828125 0.2796875 0.0203125 0.0109375
32 0.41796875 0.27890625 0.0234375 0.0140625
10 0.4765625 0.278125 0.015625 0.0140625
25 0.49375 0.28125 0.0125 0.0140625
25 0.50859375 0.28125 0.0125 0.0140625
2 0.03359375 0.33984375 0.015625 0.0140625
1 0.0515625 0.33984375 0.0140625 0.0140625
27 0.0765625 0.33984375 0.0140625 0.0140625
32 0.1171875 0.34140625 0.0203125 0.0109375
3 0.23515625 0.33984375 0.015625 0.0140625
26 0.26015625 0.340625 0.0171875 0.015625
30 0.278125 0.34140625 0.0125 0.0109375
29 0.33984375 0.33984375 0.0140625 0.0140625
32 0.35703125 0.3421875 0.0203125 0.0125
3 0.47734375 0.33984375 0.0140625 0.0140625
21 0.51640625 0.33984375 0.0125 0.0140625
19 0.12734375 0.45390625 0.0125 0.0140625
22 0.234375 0.45390625 0.021875 0.015625
22 0.459375 0.45390625 0.0203125 0.0140625
2 0.5140625 0.45390625 0.0140625 0.015625
27 0.128125 0.48203125 0.0140625 0.0140625
23 0.2015625 0.48359375 0.0125 0.0125
12 0.12890625 0.50859375 0.0171875 0.0140625
11 0.28125 0.50859375 0.0125 0.0125
30 0.296875 0.51015625 0.0140625 0.0125
12 0.375 0.50859375 0.0171875 0.0140625
14 0.39140625 0.50859375 0.0140625 0.0140625
24 0.40859375 0.50859375 0.01875 0.0140625
17 0.12890625 0.5546875 0.01875 0.0140625
32 0.16328125 0.55625 0.0171875 0.0109375
18 0.1921875 0.5546875 0.0046875 0.0140625
11 0.3015625 0.5546875 0.0140625 0.0140625
30 0.31796875 0.55546875 0.0125 0.0125
32 0.5609375 0.55546875 0.01875 0.0109375
23 0.584375 0.55546875 0.0125 0.0125
28 0.14765625 0.6234375 0.0140625 0.015625
30 0.29765625 0.625 0.0125 0.0109375
18 0.14296875 0.646875 0.00625 0.0125
31 0.16796875 0.64765625 0.0140625 0.0125
25 0.1484375 0.6703125 0.015625 0.0140625
30 0.2046875 0.67109375 0.0125 0.0109375
32 0.13203125 0.71484375 0.021875 0.0125
11 0.22890625 0.71484375 0.0125 0.0140625
30 0.24453125 0.7171875 0.0125 0.0109375
30 0.315625 0.7171875 0.0125 0.0109375
32 0.3625 0.7171875 0.0203125 0.0125
11 0.41953125 0.71484375 0.0140625 0.015625
30 0.49765625 0.7171875 0.0125 0.0125
11 0.2375 0.75859375 0.0109375 0.009375
30 0.246875 0.759375 0.0078125 0.0078125