14 0.484375 0.0890625 0.009375 0.028125
14 0.45897930061541103 0.029203268257353976 0.02869368506293455 0.028588650162155817
14 0.4702216860886196 0.1905498713416091 0.02869368506293455 0.028588650162155817
14 0.4008582246806835 0.0735611943940921 0.03193708423309758 0.030205697240056485
14 0.4053886688671803 0.251218590092021 0.020170790041956366 0.019077282467404012
14 0.37486164189747856 0.19983732223511358 0.020289189212119398 0.020639782467404187
14 0.4796875 0.51640625 0.01875 0.0203125
14 0.4729859528858519 0.5050760215037648 0.021851689212119395 0.020667056006354302
14 0.3808012207319912 0.3485748311635673 0.020170790041956366 0.01907728246740419
14 0.3494929437622895 0.2971799265371846 0.020170790041956366 0.019077282467404012
14 0.34190558670867527 0.28374867207295773 0.020170790041956366 0.019077282467404012
14 0.2524906570443255 0.13198952881066078 0.020170790041956366 0.01907728246740419
14 0.3672435931329453 0.5791117650109431 0.021851689212119395 0.020667056006354302
14 0.3526725302704721 0.5546066428519646 0.023532588382282428 0.02225682954530477
14 0.2896299238415577 0.447115696829724 0.020170790041956366 0.01907728246740419
14 0.2264689182424803 0.34118725080748363 0.016927390871793336 0.01746023538950343
14 0.3393195026760704 0.5966168648487873 0.020170790041956366 0.01907728246740419
14 0.22497635060612237 0.4021792978853843 0.020170790041956366 0.019077282467404012
14 0.21125647010729126 0.4387071331127319 0.020170790041956366 0.019077282467404012
14 0.12527419376228952 0.29326617369781083 0.020170790041956366 0.019077282467404012
14 0.05241887944992385 0.17074056290291803 0.020170790041956366 0.01907728246740419
14 0.15585857508631323 0.44712755924947 0.016927390871793336 0.01746023538950343
14 0.10865353359446442 0.36807525892515847 0.021851689212119395 0.02066705600635448
14 0.08456576077394758 0.32462922199352756 0.020170790041956366 0.01907728246740419
14 0.2009557423031083 0.574644633112732 0.020289189212119398 0.020639782467404187
14 0.1538690999814225 0.4940298327884204 0.020170790041956366 0.01907728246740419
14 0.0746337311049535 0.362787741068251 0.021851689212119395 0.020667056006354302
14 0.029772439613104627 0.2837763510523649 0.020170790041956276 0.01907728246740419
14 0.0046875 0.23203125 0.009375 0.0203125
14 0.1650056642937881 0.6154781387947746 0.020170790041956366 0.01907728246740419
14 0.13586353856884176 0.5664678944768177 0.021851689212119395 0.020667056006354302
14 0.16012798752922341 0.6592008652558246 0.020170790041956366 0.01907728246740419
14 0.11779970018655953 0.588056522317839 0.020170790041956366 0.01907728246740419
14 0.09901473400473844 0.5572195795420095 0.020170790041956366 0.01907728246740419
14 0.00625 0.646875 0.0125 0.0125
27 0.3993046122284844 0.23859585916674445 0.013447193361304243 0.012718188311602674
27 0.35965623607933084 0.5656805105467162 0.016690592531467274 0.014335235389503254
27 0.28192416761778033 0.43524694236549716 0.016690592531467274 0.014335235389503254
27 0.21960361160378455 0.3285508831127319 0.013447193361304243 0.012718188311602674
27 0.21406400662476263 0.3190667889569306 0.013447193361304243 0.012718188311602674
27 0.218051844382345 0.3903241801906326 0.013447193361304243 0.012718188311602674
27 0.2117901889884047 0.380045199265356 0.013447193361304243 0.012718188311602674
27 0.204331963883514 0.4268520154179802 0.013447193361304243 0.012718188311602674
27 0.1482120184476173 0.43447755478524314 0.013447193361304243 0.012718188311602674
27 0.2523154875292234 0.6608100040538945 0.016690592531467274 0.014335235389503254
27 0.2072173976970486 0.5849236140380084 0.013447193361304243 0.012718188311602674
27 0.17469997300707635 0.6320753035674272 0.013447193361304243 0.01271818831160303
27 0.13242996263411405 0.6117803944768176 0.018489890871793334 0.017487508928453722
27 0.09287147778096116 0.5453780986167329 0.013447193361304243 0.012718188311602674
27 0.10112076304903264 0.6120161736978108 0.016690592531467274 0.014335235389503254
27 0.02627505101639649 0.5880235202892441 0.013447193361304243 0.012718188311602674
27 0.003125 0.640625 0.00625 0.009375
22 0.4334922033100591 0.12810837255942512 0.035654080083912555 0.03807274431795715
22 0.34231537072734686 0.536433341309837 0.02713118506293437 0.028561376623205348
22 0.25284124147791565 0.38545544804754 0.022088487552445458 0.0237920560063543
22 0.2506266234266392 0.44565260835596554 0.02208848755244528 0.0237920560063543
22 0.301334250601478 0.592042413144504 0.023769386722608487 0.025381829545304768
22 0.13652915724481823 0.41315197970416523 0.023769386722608487 0.025381829545304768
22 0.06860518358981996 0.5559064955324778 0.022088487552445458 0.0237920560063543
34 0.43984375 0.00859375 0.0359375 0.0171875
34 0.3184275848345754 0.5626140117645322 0.021851689212119395 0.020667056006354302
34 0.32955526159914006 0.5190003794592839 0.023532588382282428 0.02225682954530477
34 0.17342827384620207 0.25655710632737067 0.023650987552445456 0.023819329545304767
34 0.2656936711422654 0.5358781879012703 0.021851689212119395 0.020667056006354302
34 0.09889910268071489 0.4038900279998819 0.021851689212119395 0.020667056006354302
34 0.10016375952454766 0.511084919233584 0.025213487552445457 0.02384660308425506
24 0.3385600568391885 0.038835592527652986 0.02869368506293437 0.028588650162155817
24 0.39465023317954595 0.3722850665530707 0.020289189212119398 0.020639782467404187
24 0.24314693276462745 0.3688582832748876 0.021970088382282427 0.0222295560063543
24 0.30630793836370473 0.47478672929712823 0.021970088382282427 0.0222295560063543
24 0.282597751226178 0.49862364975182344 0.018608290041956365 0.01905000892845372
24 0.24026946388351397 0.427479306813838 0.023532588382282428 0.02225682954530477
24 0.31325391014460313 0.610242988225582 0.021851689212119395 0.020667056006354302
24 0.13442405081590375 0.306724701700988 0.020289189212119398 0.020639782467404187
24 0.08156100517487008 0.2197508072208752 0.021970088382282427 0.0222295560063543
24 0.2689944246667503 0.6368503526739226 0.020289189212119398 0.020639782467404187
24 0.06572159500704497 0.29457352921769786 0.021851689212119395 0.020667056006354302
24 0.05042848172965338 0.2692735202892441 0.02017079004195619 0.01907728246740419
24 0.17048791491848797 0.5224821152558243 0.020170790041956366 0.01907728246740419
24 0.12821882716090566 0.45055652231783905 0.016927390871793336 0.017460235389503254
24 0.09209299562710047 0.39047241030513025 0.020170790041956366 0.01907728246740419
24 0.06373211990215424 0.34147580275664835 0.020170790041956366 0.01907728246740419
24 0.1400173196877285 0.6252116489410444 0.020289189212119398 0.020639782467404187
24 0.1421875 0.67578125 0.021875 0.0078125
24 0.09569955724017376 0.6009695795420095 0.020170790041956366 0.01907728246740419
24 0.0796875 0.6734375 0.021875 0.0125
28 0.484375 0.23125 0.009375 0.025
28 0.3906786638928027 0.05304414285196453 0.030256185062934548 0.028615923701106105
28 0.4598589908532157 0.48216067288373665 0.020170790041956366 0.019077282467404012
28 0.33040032426112054 0.26007934699187985 0.020170790041956366 0.01907728246740419
28 0.24490329999071125 0.11855827434643396 0.020170790041956366 0.0190772824674041
28 0.297880131725009 0.4621230880634261 0.020170790041956366 0.019077282467404012
28 0.23489672488117605 0.3538508920411857 0.020289189212119398 0.020639782467404187
28 0.2326229072448182 0.41482930234961113 0.020170790041956366 0.019077282467404012
28 0.09757616886718026 0.24584570291880398 0.020289189212119398 0.020639782467404187
28 0.0046875 0.1828125 0.009375 0.01875
28 0.23009786802805454 0.6236548774306889 0.020170790041956366 0.01907728246740419
28 0.15663705724017377 0.6020332475610728 0.020170790041956366 0.01907728246740419
28 0.1525406304756091 0.6457696107915976 0.020170790041956366 0.01907728246740419
28 0.08576937280193934 0.5358667309219811 0.020170790041956366 0.01907728246740419
28 0.04151080993946614 0.5108434115229462 0.02185168921211931 0.020667056006354302
28 0.012426038568841858 0.5643132848997408 0.020170790041956366 0.01907728246740419
19 0.2612690481166114 0.3981190892812421 0.019933991701630304 0.01595228246740401
19 0.25827318006533506 0.45830261282019247 0.023177390871793335 0.017569329545304768
19 0.14062650662476264 0.31778493262626456 0.019933991701630304 0.01595228246740419
18 0.4796875 0.06171875 0.01875 0.0171875
18 0.48125 0.28125 0.015625 0.01875
18 0.42158327654549443 0.17170836809519816 0.026420790041956365 0.019186376623205346
18 0.4236883829744088 0.2781356460983754 0.018253092531467275 0.014362508928453721
18 0.26807976824712476 0.15338328773911458 0.018253092531467275 0.014362508928453721
18 0.31535012902571663 0.5516083279171564 0.018253092531467275 0.014362508928453721
18 0.07854274895109281 0.20796387337349928 0.018253092531467275 0.014362508928453721
18 0.03549056596275082 0.23928601136079042 0.018253092531467185 0.014362508928453721
18 0.019415280069979435 0.2656030495102374 0.018253092531467275 0.014362508928453721
18 0.17228536802805455 0.6226457564895265 0.018253092531467275 0.014362508928453721
18 0.11538601782291744 0.5269962913925624 0.018253092531467275 0.014362508928453721
18 0.05577237425183181 0.6323462646072013 0.018253092531467275 0.014362508928453721
21 0.41319228131937924 0.08629301947516996 0.023177390871793335 0.017569329545304768
21 0.4264600306946793 0.17961632548152445 0.023177390871793335 0.017569329545304768
21 0.3279918389837603 0.5706037897677094 0.018253092531467275 0.014362508928453721
21 0.12141548795343074 0.28224685308095976 0.014891294191141213 0.011182961850553142
21 0.06180368961310467 0.2843354586008468 0.014891294191141213 0.011182961850553142
21 0.058311836708675194 0.278798524753471 0.014891294191141213 0.011182961850553142
21 0.18956703379495696 0.6526741757264057 0.013210395020978183 0.009593188311602673
21 0.12568305516558134 0.5975815267820659 0.014891294191141213 0.011182961850553142
21 0.05155847093248389 0.6260144439903502 0.014891294191141125 0.011182961850553142
13 0.11942509023316017 0.38077981046728604 0.025095088382282426 0.022284103084255234
13 0.13693894126348988 0.6658366489410446 0.023532588382282428 0.02225682954530477
13 0.07986199230310831 0.5725309338440805 0.021851689212119395 0.020667056006354302
13 0.04601886595346203 0.6165303498345489 0.023532588382282338 0.02225682954530477
23 0.47156181098837335 0.04897998010790703 0.02869368506293455 0.028588650162155817
23 0.47529842716554993 0.2680845361142614 0.026894386722608486 0.02543637662320535
23 0.38161039459677093 0.11077482223511356 0.02869368506293455 0.028588650162155817
23 0.2757431773660427 0.5477878526739227 0.020170790041956366 0.01907728246740419
23 0.06156873650353818 0.18419909090609518 0.02017079004195619 0.019077282467404012
23 0.23780454686721164 0.58389294804754 0.020170790041956366 0.01907728246740419
23 0.2377444246667503 0.636304881894916 0.016927390871793336 0.017460235389503254
23 0.19198348400473844 0.5588423551095548 0.020170790041956366 0.01907728246740419
23 0.1455004929278081 0.48058494155471826 0.020170790041956366 0.01907728246740419
23 0.10732690931941065 0.41655366923358395 0.018608290041956365 0.01905000892845372
23 0.08378358815856775 0.37624626907142816 0.016927390871793336 0.017460235389503254
23 0.05464146243362147 0.327236024753471 0.020170790041956276 0.01907728246740419
23 0.013816475505876058 0.2569002053544359 0.020170790041956276 0.01907728246740419
23 0.17421875 0.67734375 0.0203125 0.0046875
16 0.48359375 0.309375 0.0109375 0.034375
16 0.11191043338932731 0.2734758250777826 0.023532588382282248 0.02225682954530477
16 0.06819724480190796 0.1999604586008469 0.023532588382282428 0.02225682954530477
16 0.01912020475995164 0.21787861566286146 0.02509508838228234 0.022284103084255234
16 0.2983169169930804 0.5286247954497523 0.023650987552445456 0.023819329545304767
25 0.417358640447586 0.10357597686149615 0.0319370842330974 0.030205697240056395
25 0.45405131181356595 0.23876918303000635 0.035298882573423465 0.033385244317957155
25 0.3302288452075377 0.5823770868456102 0.021851689212119395 0.020667056006354302
25 0.29085869188818975 0.5754316116023764 0.023532588382282248 0.02225682954530477
25 0.22088881138935862 0.6109775994275118 0.020170790041956366 0.01907728246740419
25 0.16055680786487372 0.509009950483172 0.021851689212119395 0.020667056006354302
25 0.04903896740799896 0.525055915987173 0.023532588382282248 0.02225682954530477
11 0.4347694381632121 0.19384246671522645 0.035298882573423465 0.033385244317957155
13 0.3723304829790532 0.08870890746246114 0.035298882573423465 0.033385244317957155
11 0.3681739340140272 0.18485720454036186 0.023532588382282428 0.02225682954530477
12 0.47890625 0.00625 0.0203125 0.0125
12 0.41075252032171716 0.15978506655307073 0.02869368506293455 0.028588650162155817
12 0.08998881181356602 0.2324144484545771 0.020170790041956366 0.01907728246740419
12 0.1170767271562612 0.6388923193957396 0.020170790041956366 0.01907728246740419
17 0.35366391596739516 0.05630946468663156 0.03529888257342364 0.033385244317957155
17 0.09377481741264333 0.3373064999967047 0.021851689212119395 0.02066705600635448
17 0.039040695836881946 0.2956723790555421 0.020170790041956276 0.019077282467404012
10 0.48515625 0.01875 0.0078125 0.028125
10 0.4487261170023692 0.15418963148787884 0.03025618506293437 0.028615923701106105
10 0.39329325579957003 0.1321003973161914 0.030256185062934548 0.028615923701106105
10 0.18347778006997933 0.26846677110002304 0.020289189212119398 0.020639782467404187
10 0.2832713348345754 0.5620003571381496 0.020170790041956366 0.01907728246740419
10 0.10444147550587601 0.25848207061355577 0.023532588382282428 0.02225682954530477
10 0.12605359853152986 0.3965411781620377 0.020170790041956366 0.01907728246740419
10 0.0078125 0.1953125 0.015625 0.01875
10 0.24527258213528302 0.6505173863591429 0.023532588382282428 0.02225682954530477
10 0.21414190392082588 0.5967787317327602 0.021851689212119395 0.020667056006354302
10 0.11641756678794338 0.4307934472367611 0.021851689212119395 0.020667056006354302
10 0.1925260904336529 0.6652423595737815 0.021851689212119395 0.020667056006354302
10 0.18162447923085362 0.6439304212621788 0.020170790041956366 0.01907728246740419
10 0.08660889977164103 0.5867298015388321 0.020170790041956366 0.01907728246740419
26 0.12587323193014602 0.5537769797041652 0.020170790041956366 0.01907728246740419
29 0.48125 0.21484375 0.015625 0.0234375
29 0.41863403006997935 0.2725714387120492 0.018371491701630306 0.01592500892845372
29 0.41393487467603907 0.262319731325723 0.018371491701630306 0.01592500892845372
29 0.46846439624715613 0.4924805641174387 0.018371491701630306 0.01592500892845372
29 0.39018787612593153 0.35890835916674446 0.018371491701630306 0.01592500892845372
29 0.33738403006997936 0.27115321468663156 0.018371491701630306 0.01592500892845372
29 0.2897590557902813 0.5073537674465751 0.020052390871793335 0.017514782467404188
29 0.10064012405133908 0.34994286769145644 0.018371491701630306 0.01592500892845372
29 0.2593583929231638 0.6711026217486461 0.018371491701630306 0.01592500892845372
29 0.18728432861079813 0.5485906477232285 0.018371491701630306 0.01592500892845372
29 0.13592458338468294 0.4624252767820659 0.020170790041956366 0.01907728246740419
29 0.04512475247557779 0.3082951099808186 0.018371491701630306 0.01592500892845372
29 0.0078125 0.2453125 0.015625 0.015625
29 0.11039086450356947 0.5206508340062364 0.018371491701630306 0.01592500892845372
29 0.14784147508166878 0.6355179034052714 0.018371491701630306 0.01592500892845372
29 0.11249689354786377 0.5754474281620376 0.018371491701630306 0.01592500892845372
29 0.10689808898376026 0.5667445840062364 0.016572193361304242 0.012772735389503253
29 0.11177392051756545 0.6262832252399384 0.016572193361304242 0.012772735389503253
29 0.034158405995418306 0.597548524753471 0.018371491701630306 0.01592500892845372
29 0.0078125 0.5515625 0.015625 0.015625
20 0.2618181128531843 0.1431043068138381 0.021851689212119395 0.020667056006354302
15 0.48125 0.07109375 0.015625 0.0296875
15 0.2247978292354981 0.4561537317327602 0.020052390871793335 0.017514782467404188
15 0.21992107508631326 0.4482457743464339 0.020052390871793335 0.017514782467404188
15 0.16934073462943838 0.46535540786949825 0.020052390871793335 0.017514782467404188
15 0.16374193006533505 0.45665256371369695 0.018371491701630306 0.01592500892845372
15 0.07432700040098528 0.30489342045139994 0.020052390871793335 0.01751478246740401
10 0.05812962487653177 0.5392956939903503 0.020170790041956366 0.01907728246740419
15 0.013134588359060385 0.6581996525944923 0.011766294191141214 0.011128414772652206
15 0.010364785869549475 0.6534576055165917 0.011766294191141214 0.011128414772652206
33 0.45980532696041293 0.17315781979948158 0.02869368506293455 0.028588650162155817
24 0.37316019978557424 0.026140723615085282 0.02869368506293455 0.028588650162155817
15 0.365625 0.01015625 0.03125 0.0203125
30 0.44543425102568523 0.21827940502682922 0.02869368506293455 0.028588650162155817
32 0.3234375 0.015625 0.034375 0.03125
29 0.43958514749655586 0.30579304179630434 0.023650987552445456 0.023819329545304767
32 0.42971324002802314 0.291539627023652 0.023769386722608487 0.025381829545304768
32 0.38678130144060374 0.21803789731619147 0.0288120842330974 0.030151150162155815
10 0.35498777239630963 0.16272310592033357 0.023650987552445456 0.023819329545304767
25 0.3427721149277767 0.14842878083925565 0.021851689212119395 0.020667056006354302
25 0.334462707459244 0.13420263960555365 0.021851689212119395 0.02066705600635448
32 0.48359375 0.534375 0.0109375 0.025
3 0.4282430605641661 0.42450213148787885 0.023650987552445456 0.023819329545304767
26 0.4136127981166114 0.40077825932890027 0.026894386722608486 0.02543637662320535
30 0.40301884023316015 0.38572995778677266 0.020170790041956366 0.01907728246740419
29 0.37074005911427366 0.32649527962143965 0.023532588382282428 0.02225682954530477
32 0.35852440164574073 0.31220095454036184 0.02545028589277152 0.026971603084255058
3 0.2951741418974786 0.1984463717486462 0.023532588382282428 0.02225682954530477
21 0.2736193732261466 0.16286738189491592 0.021851689212119395 0.02066705600635448
19 0.3771747001865595 0.5925839297835955 0.021851689212119395 0.020667056006354302
22 0.3189496483217485 0.4937821911476812 0.030374584233097402 0.030178423701106283
22 0.1947937883683492 0.28430995941162573 0.027012785892771517 0.026998876623205346
2 0.164988811813566 0.2337235783241935 0.025095088382282426 0.022284103084255057
27 0.3493098093147662 0.6093077796214397 0.023532588382282428 0.02225682954530477
23 0.3074667740466948 0.5420833234529294 0.020170790041956366 0.01907728246740419
12 0.32390706761313603 0.6245100397677096 0.02533188672260849 0.025409103084255237
11 0.2400317429278081 0.4822349906612139 0.020170790041956366 0.01907728246740419
30 0.22926018628911232 0.4695304391190863 0.021851689212119395 0.020667056006354302
12 0.1887311972867744 0.3952883697200513 0.02533188672260849 0.025409103084255057
14 0.1796997394033232 0.3802673417168741 0.023532588382282428 0.02225682954530477
24 0.1707274811049535 0.3644650637136969 0.027012785892771517 0.026998876623205346
17 0.2788071325502015 0.6518850174465751 0.027012785892771517 0.026998876623205346
32 0.2591817167832991 0.6218156879012703 0.021970088382282427 0.0222295560063543
18 0.24484745226115195 0.5941855657422919 0.018253092531467275 0.014362508928453721
11 0.18451544873666706 0.492217916797952 0.023532588382282428 0.02225682954530477
30 0.17470274085321566 0.4771832520252996 0.020170790041956366 0.019077282467404012
32 0.04079337260144662 0.2518951055165918 0.0237693867226084 0.025381829545304768
23 0.028388460983728957 0.22977464366603878 0.020170790041956276 0.01907728246740419
28 0.2015625 0.671875 0.025 0.015625
30 0.11924472363177632 0.5380156120094135 0.020170790041956366 0.01907728246740419
31 0.1671875 0.6703125 0.021875 0.01875
30 0.12544533420987544 0.6523372106294417 0.020170790041956366 0.01907728246740419
11 0.06962138669938636 0.6560564999967047 0.021851689212119395 0.020667056006354302
30 0.05890902964577212 0.6425706984545773 0.020170790041956366 0.01907728246740419
30 0.020072595207537614 0.5769632893639678 0.020170790041956366 0.01907728246740419
32 0.003125 0.5328125 0.00625 0.028125
11 0.021875 0.67265625 0.015625 0.0140625
30 0.016448842508245277 0.6660803364418684 0.013447193361304155 0.012718188311602674
32 0.74453125 0.33984375 0.5109375 0.6796875
26 0.24453125 0.83984375 0.4890625 0.3203125
29 0.74453125 0.83984375 0.5109375 0.3203125