5 0.35 0.11484375 0.159375 0.1953125
5 0.378125 0.29140625 0.103125 0.1953125
7 0.2134620767026357 0.14685812198013 0.18463191882984215 0.20854530788560605
7 0.2673252366040241 0.3275658591032524 0.18147964529089178 0.206727716370337
8 0.32265625 0.446875 0.1796875 0.065625
9 0.07421875 0.17578125 0.1484375 0.1953125
9 0.1173758295420095 0.36291394349151973 0.1750114569792891 0.19371753333979883
7 0.71484375 0.23984375 0.5703125 0.4796875
2 0.1171875 0.4859375 0.0375 0.0125
1 0.1203125 0.490625 0.03125 0.021875
1 0.028241191554718315 0.6919641015172088 0.0347841030842551 0.026243506667959694
4 0.03335143140844858 0.7165654887901123 0.03645569724005646 0.03262105242559432
0 0.03598155356742716 0.7331630574265642 0.03327615016215577 0.029240960910325242
9 0.03940656249588089 0.7506056489418332 0.03330342370110613 0.030803460910325244
9 0.71484375 0.73984375 0.5703125 0.5203125