1 0.19921875 0.196875 0.109375 0.134375
1 0.38515625 0.1859375 0.1125 0.13125
2 0.57265625 0.1765625 0.1640625 0.1546875
2 0.75859375 0.17109375 0.153125 0.15
3 0.21640625 0.3546875 0.1484375 0.140625
3 0.4046875 0.346875 0.140625 0.1328125
4 0.584375 0.33203125 0.1546875 0.1390625
4 0.76171875 0.32578125 0.1625 0.134375
5 0.2296875 0.5125 0.1515625 0.1453125
5 0.40703125 0.50234375 0.153125 0.146875
6 0.59453125 0.49140625 0.1578125 0.1453125
6 0.77109375 0.48203125 0.153125 0.15
7 0.23671875 0.66484375 0.1625 0.1453125
7 0.41640625 0.65859375 0.1625 0.1421875
8 0.60078125 0.65 0.146875 0.1453125
8 0.7796875 0.6390625 0.14375 0.14375
9 0.2390625 0.8234375 0.1515625 0.1453125
9 0.4265625 0.81328125 0.1515625 0.140625
0 0.60390625 0.80390625 0.153125 0.146875
0 0.78828125 0.7984375 0.1515625 0.1421875