1 0.14765625 0.4609375 0.1453125 0.05625
1 0.14936453080784967 0.3005929671207265 0.14459337014004517 0.1252269400324213
2 0.15035118031251163 0.1041910020669146 0.16894270678164433 0.1793707845319034
3 0.31484375 0.4546875 0.1546875 0.06875
3 0.3187866188971909 0.30614526199171205 0.14746581306795062 0.15342471463952717
4 0.3146320041338292 0.11651983581302963 0.15288105913900907 0.16926803846084476
5 0.48125 0.45859375 0.159375 0.0609375
5 0.4819415903611436 0.3277763211307212 0.1621832845319034 0.16814218610347992
6 0.4821469898658055 0.13133796877335638 0.15934938296032683 0.1742466368892682
7 0.6203125 0.46484375 0.11875 0.0484375
7 0.6234375 0.34140625 0.1125 0.1796875
8 0.62421875 0.1484375 0.1109375 0.1625
15 0.83984375 0.246875 0.3203125 0.484375
26 0.33984375 0.74453125 0.6796875 0.5109375
14 0.78559128125 0.4890625 0.7558889859375 0.5271996999999999 0.6796875 0.5265693796875001 0.6796875 0.63676439375 1 0.776553603125 1 0.669281715625 0.8539726999999999 0.60224650625 0.8502739890625 0.4890625 0.78559128125 0.4890625