2 0.3799163344099782 0.4655592839630541 0.03974433847375849 0.03928975897699054
1 0.37073224918263054 0.4765513261175318 0.0381545649348082 0.03771816861791066
6 0.5188543291349724 0.3233303564663488 0.03974433847375849 0.039289758976990365
6 0.49042536606660336 0.3508422781093216 0.03974433847375849 0.03928975897699054
7 0.5295872775928447 0.3115479739527915 0.03974433847375849 0.03928975897699054
3 0.3960225754815244 0.44827633519271826 0.04133411201270896 0.040861349336070066
2 0.5073264939076247 0.3343360341594459 0.03974433847375849 0.039289758976990365
1 0.6262480434211574 0.5088552868899204 0.02543637662320535 0.025145445745273953
1 0.6684667711000231 0.46563655201523096 0.02543637662320535 0.025145445745273776
8 0.6369946286485051 0.49785415437636316 0.028615923701106105 0.028288626463433175
3 0.6477412138758527 0.48685302186280577 0.028615923701106105 0.028288626463433175
3 0.6784457430968459 0.4554212146812134 0.028615923701106105 0.028288626463433175
3 0.5703125 0.40703125 0.021875 0.0265625
9 0.6592554123337251 0.47506609416970863 0.028615923701106105 0.028288626463433175
9 0.6891923283241935 0.4444200821676561 0.027026150162155815 0.026717036104353477
5 0.7014605032431156 0.4310661092950191 0.027026150162155815 0.026717036104353477
5 0.5640625 0.41953125 0.009375 0.0265625
1 0.6184750848203105 0.0635427868899204 0.025436376623205526 0.025145445745273866
1 0.626932467125559 0.05568028991498251 0.02543637662320535 0.025145445745273866
6 0.3667833145244758 0.9499883052366848 0.04292388555165907 0.04243293969514959
6 0.33596969114768116 0.9751701124182771 0.04451365909060954 0.04400453005422929
7 0.4776332654179802 0.8548025493829524 0.04451365909060954 0.04400453005422929
2 0.4930264403369023 0.8414303957921561 0.04133411201270896 0.040861349336070066
7 0.3791060365212986 0.9397593323640479 0.04451365909060954 0.04400453005422929
4 0.4645429301906326 0.865817317435129 0.04133411201270896 0.040861349336070066
2 0.354460592527653 0.9602172781093217 0.04292388555165925 0.04243293969514959
12 1 0.7410436265625 0.9788894718750001 0.751815721875 0.824402715625 0.763764165625 0.713531575 0.7423098625 0.6133232718749999 0.698694196875 0.559375 0.6517819109375 0.559375 0.8070347234374999 0.6156375078125 0.8312767171875001 0.8699468609375 0.840846853125 1 0.8074311234374999 1 0.7410436265625