7 0.24235413190480184 0.4865357944118808 0.044568206168510115 0.04865767589344294
2 0.2288001465152984 0.502701963879533 0.03979888555165907 0.04377917490485998
4 0.2558399334469293 0.47427587494422846 0.042978432629560005 0.04703150889724857
24 0.66171875 0.57578125 0.3546875 0.1859375
27 0.47265625 0.546875 0.3078125 0.24375
26 0.403125 0.2734375 0.16875 0.378125
22 0.559375 0.1 0.359375 0.2
34 0.7026929829571668 0.3559105355146322 0.3115137930174157 0.31404123125410077
29 0.8053248794658746 0.20105459775819115 0.32573993425111764 0.32398923421985026
10 0.0640625 0.9390625 0.128125 0.121875
17 0.11328125 0.8234375 0.2265625 0.2625
14 0.08984375 0.71796875 0.1796875 0.0984375