0 0.978125 0.290625 0.04375 0.140625
1 0.9069423894833811 0.19792512502424583 0.1083246285298145 0.13354556576151388
2 0.7903519345479586 0.1140128974440211 0.12091555674305994 0.1376909318225902
3 0.675 0.05390625 0.125 0.1078125
17 0 1 0.19947393125 1 0.1434290046875 0.9643923796875 0.289039315625 0.720212696875 0.326581459375 0.7074000843749999 0.3899864 0.7309091406249999 0.4153992421875 0.6909795875 0.2034806421875 0.5489434734375 0.12486655937499999 0.5425262625 0.11794770937500001 0.5580719015625 0.1686462296875 0.6015457328125 0.1696733046875 0.6307152359375 0 0.9067429421875 0 1
1 0.8283818173009152 0.8966335630557538 0.029079746239076342 0.035108323637421536
1 0.8192568698873398 0.8872745385099468 0.03068771034569906 0.036798369395056166
1 0.7620497751393316 0.8348353225986515 0.03068771034569906 0.036798369395056166
1 0.6697008022572204 0.7521188042617621 0.02742631802583091 0.031855777879787085
1 0.6231811549227875 0.7091661586539088 0.029079746239076342 0.035108323637421536
0 0.94609375 0.99296875 0.0296875 0.0140625
2 0.9328125 0.98671875 0.03125 0.0265625
2 0.7963194750601893 0.8681738521454285 0.029034282132453626 0.033545823637421535
2 0.7719332404995956 0.8450393700232761 0.029079746239076342 0.035108323637421536
2 0.9096749328986059 0.8210433738162978 0.0338581744523216 0.038615960910325244
0 0.7841604558598595 0.8554347360843522 0.03068771034569906 0.036798369395056166
8 0.6590360868969565 0.7418509839583204 0.03068771034569906 0.036798369395056166
3 0.6452691035900038 0.7305468221396095 0.03068771034569906 0.036798369395056166
3 0.6117124575092121 0.6996158154716499 0.029034282132453626 0.033545823637421535
3 0.7189315756141854 0.6480689041119809 0.033858174452321775 0.038615960910325244
9 0.6338686023363627 0.7186527289573506 0.033858174452321775 0.038615960910325244
9 0.5995307062555708 0.6876579494105736 0.03068771034569906 0.03679836939505634
5 0.5857637229486183 0.6763537875918627 0.029079746239076342 0.03510832363742171
5 0.7327212909744493 0.6585918159306917 0.03068771034569906 0.036798369395056166