1 0.3073127045502478 0.38179940334256984 0.038236385551659424 0.04502908008391256
0 0.28683656331654567 0.38963521413045055 0.05092730032431163 0.056913773445216795
1 0.21650033847705394 0.11676455396262533 0.03026024431795733 0.035062084233097576
1 0.20468613109072767 0.12134531018640268 0.03185001785690744 0.03674298340326043
1 0.13378725000329528 0.1496110975290666 0.03185001785690744 0.03674298340326061
1 0.021867902601083067 0.19745475644749194 0.028670470779006862 0.03338118506293455
2 0.334375 0.06328125 0.009375 0.0359375
2 0.1778645324706994 0.13417627429363127 0.031822744317957154 0.03518048340326061
2 0.14717759415909662 0.14436749047545233 0.030232970779006864 0.03349958423309758
2 0.1765625 0.0125 0.034375 0.025
0 0.1613628250843732 0.13840183300691952 0.03185001785690744 0.03674298340326043
8 0.0109375 0.20078125 0.021875 0.0359375
3 0.0046875 0.20859375 0.009375 0.0390625
30 0.66953125 0.3046875 0.6609375 0.609375
0 0.21484375 0.86640625 0.2484375 0.2671875