1 0.2953125 0.1359375 0.01875 0.0359375
0 0.3171875 0.13984375 0.028125 0.040625
1 0.04296875 0.35546875 0.0109375 0.025
1 0.23046875 0.3859375 0.0140625 0.028125
1 0.2421875 0.38828125 0.015625 0.0296875
1 0.31484375 0.40078125 0.0140625 0.0296875
1 0.43046875 0.4171875 0.0140625 0.025
1 0.48984375 0.42734375 0.0140625 0.028125
0 0.05703125 0.35859375 0.0171875 0.025
0 0.08046875 0.3625 0.015625 0.0265625
2 0.096875 0.36484375 0.0171875 0.028125
2 0.2703125 0.39140625 0.0171875 0.025
2 0.3015625 0.39765625 0.015625 0.0265625
2 0.20390625 0.49296875 0.0203125 0.028125
0 0.28671875 0.3953125 0.0171875 0.0265625
8 0.44453125 0.4203125 0.0171875 0.0265625
3 0.4609375 0.421875 0.01875 0.028125
3 0.50390625 0.42890625 0.0171875 0.025
3 0.44453125 0.53046875 0.0203125 0.028125
9 0.4765625 0.425 0.0203125 0.028125
9 0.51953125 0.43203125 0.0171875 0.0265625
9 0.03515625 0.46640625 0.0203125 0.028125
5 0.53671875 0.43359375 0.015625 0.0265625
5 0.428125 0.5296875 0.01875 0.028125
1 0.6921875 0.77734375 0.0140625 0.025
1 0.703125 0.778125 0.0140625 0.0265625