1 0.05519305669061305 0.1821112188534919 0.020494307181592397 0.03243306840173403
1 0.1178294120768073 0.20190850838661795 0.022074987899751618 0.03564907366340595
8 0.0700731681269315 0.18749666886760935 0.02362839754067192 0.03417757892507769
3 0.08729248438371018 0.19196436098921899 0.02832498789975162 0.036013094710093264
3 0.13270043315404614 0.2057314584007354 0.023619307181592396 0.03261507892507778
3 0.047331080596522315 0.30839299779268714 0.02832498789975162 0.03601309471009344
9 0.10373964099956848 0.19804005574166456 0.02832498789975162 0.036013094710093264
9 0.14914758976990444 0.21180715315318102 0.02362839754067192 0.03417757892507769
5 0.16792940602668302 0.2161838400131188 0.0220658975406721 0.03408657366340595
5 0.03012085469882324 0.3054878056710774 0.02832498789975162 0.036013094710093264
16 0.65 0.2296875 0.7 0.459375
14 0 0.459375 0 0.80851815 0.0224287375 0.6882256 0.0983895921875 0.7074840390625 0.150614771875 0.7592309921875 0.17473544531250002 0.9143047078125001 0.2661629734375 0.47135618125 0.24892196875 0.4690116953125 0.2154442921875 0.5537497124999999 0.1388641046875 0.6326265140625 0.0822700875 0.65171780625 0.0235502375 0.6348038546875 0.060840790624999995 0.459375 0 0.459375
23 0.65 0.7234375 0.7 0.528125