2 0.19864062965506707 0.075 0.14012419396136266 0.1234375
3 0.2624226856937043 0.1984375 0.14012419396136266 0.1234375
5 0.31252323139325944 0.33046875 0.12896837014004525 0.11875
0 0.36569527316387307 0.446875 0.1257705955329392 0.1171875
24 0.953125 0.25390625 0.09375 0.3734375
27 0.89140625 0.39453125 0.2171875 0.2296875
26 0.61796875 0.4359375 0.2984375 0.146875
22 0.5171875 0.22890625 0.096875 0.3546875
34 0.778125 0.1578125 0.321875 0.315625
29 0.64765625 0.0953125 0.3265625 0.190625
8 0.734375 0.7546875 0.53125 0.490625