2 0.1421875 0.209375 0.271875 0.359375
0 0.41875 0.115625 0.18125 0.23125
24 1 0 0.5913674765625 0 0.578966103125 0.0220612859375 0.549298884375 0.1481010359375 0.5583579000000001 0.26121442031250003 0.5945012578125 0.3383570046875 0.6609442203125 0.3890625 0.926929615625 0.3890625 1 0.3566060421875 1 0
3 0.28851509407530535 0.40276283521705925 0.019951554595791877 0.01940476442797028
1 0.0438033713732013 0.4207043364830036 0.013501295496493171 0.01606150961864685
7 0.05854699182355203 0.4186234813108605 0.018288925046142525 0.01778770072563942
7 0.30643377930048077 0.4013541026402544 0.018288925046142525 0.017787700725639333
2 0.3220087145256561 0.4000272156169459 0.018288925046142525 0.01778770072563942
6 0.3552496159745305 0.5155331645284867 0.019951554595791877 0.01940476442797028
2 0.07110275832410631 0.6389905450131914 0.016626295496493172 0.016170637023308565
0 0.08745894354928163 0.6376363761387174 0.016626295496493172 0.016170637023308565
1 0.10147137877445696 0.6363640528177397 0.010276165946843907 0.014389882213985138
3 0.11631512877445696 0.6358456976455965 0.018288925046142525 0.01778770072563951
26 0.821875 0.69453125 0.35625 0.6109375