25 0.6240942311281754 0.2057120844622809 0.036979781743586494 0.03617651741285455
25 0.4463808603776066 0.04777235244096232 0.03709818091374952 0.0377390174128545
25 0.4745687504242072 0.2554586996820003 0.023532588382282428 0.023021420171816586
25 0.46202120623306603 0.24390704601852717 0.02533188672260849 0.026228307326946254
25 0.43166381308618773 0.5107769634768102 0.02533188672260849 0.026228307326946164
25 0.4588667757435238 0.5822358836486268 0.028575285892771342 0.027954581637205676
25 0.08441826972023918 0.292594693011738 0.02533188672260831 0.026228307326946164
25 0.0890278724241759 0.5690786278828757 0.023532588382282338 0.023021420171816586
14 0.616480795440541 0.08470022161741064 0.03361798340326043 0.032887743102595034
14 0.5684147614218693 0.33352282394683125 0.023532588382282428 0.023021420171816586
14 0.5227228305081197 0.29533342718076316 0.021851689212119395 0.02137703301668683
14 0.5727964533332811 0.44269310605900697 0.021851689212119395 0.021377033016686652
14 0.5268677240792055 0.40137870929293873 0.021851689212119395 0.02137703301668683
14 0.5143201798880643 0.3898270556294657 0.023532588382282428 0.023021420171816586
14 0.3791737400512451 0.26991294606395577 0.021851689212119395 0.021377033016686652
14 0.4183350188950465 0.49918436623577217 0.021851689212119395 0.021377033016686652
14 0.3830953359067045 0.46543348597804746 0.021851689212119395 0.021377033016686652
14 0.44698208238221965 0.5691626735627185 0.021851689212119395 0.02137703301668683
14 0.41029829856404065 0.536892406149864 0.021851689212119395 0.02137703301668683
14 0.43984375 0.59765625 0.0234375 0.0046875
14 0.3863522357015675 0.5597600180902231 0.023532588382282428 0.023021420171816586
14 0.17850107905822732 0.37378381727656895 0.02185168921211931 0.02137703301668683
14 0.12764805146382568 0.3290987590451115 0.02185168921211931 0.021377033016686652
14 0.03669024212583749 0.24807340909054004 0.018489890871793247 0.01808825870642732
14 0.3677565236689313 0.5813517350735363 0.021851689212119395 0.021377033016686652
14 0.2593860713845575 0.4861853199901024 0.021851689212119395 0.021377033016686652
14 0.2293666846619491 0.45971135119776696 0.02185168921211931 0.021377033016686652
14 0.09169889606988532 0.3373306608995623 0.02185168921211931 0.021377033016686652
14 0.34609375 0.5953125 0.0234375 0.009375
14 0.25838060105355154 0.524261852102278 0.023532588382282428 0.023021420171816586
14 0.20326612594866086 0.4746845759829963 0.02185168921211931 0.021377033016686652
14 0.15655614669458523 0.4333292356393631 0.021851689212119395 0.021377033016686652
14 0.09147467573887944 0.3754481365893028 0.023532588382282338 0.023021420171816586
14 0.04185687449876836 0.562715763228983 0.02185168921211931 0.021377033016686652
23 0.5304374742796981 0.11987640377501481 0.03361798340326043 0.032887743102595034
23 0.40813122470390545 0.4877555433049937 0.018489890871793334 0.01808825870642732
23 0.4352157881910784 0.5576519634768102 0.021851689212119395 0.021377033016686652
23 0.2469443483542592 0.4349536906368888 0.018489890871793247 0.01808825870642732
23 0.1668531840372492 0.36383560719066066 0.018489890871793247 0.018088258706427142
23 0.1908244029183626 0.42345294662978256 0.018489890871793334 0.018088258706427142
23 0.11571673652676014 0.3564867746489438 0.018489890871793334 0.01808825870642732
23 0.21575447055472052 0.4854549796464694 0.02185168921211931 0.02137703301668683
23 0.11230831661067268 0.39365922602842474 0.018489890871793247 0.01808825870642732
23 0.1234375 0.59296875 0.01875 0.0140625
23 0.00546875 0.525 0.0109375 0.021875
12 0.39558368051276427 0.47620388964152055 0.021851689212119395 0.021377033016686652
12 0.4227866431701003 0.5476628098133371 0.018489890871793334 0.018088258706427142
12 0.10915816059203243 0.31101050033868427 0.02185168921211931 0.02137703301668683
12 0.38359375 0.5921875 0.0234375 0.015625
12 0.334375 0.590625 0.021875 0.01875
12 0.3041909311374642 0.5640137488683463 0.023532588382282428 0.023021420171816586
27 0.5864022091328511 0.05744500282507512 0.02533188672260831 0.026228307326946254
27 0.4335965178461393 0.03309569877748917 0.02533188672260849 0.026228307326946254
27 0.5561040155710544 0.3250961702833582 0.018489890871793334 0.01808825870642732
27 0.525 0.59140625 0.01875 0.0171875
27 0.37306914047080786 0.4563484130472689 0.016808991701630305 0.016443871551297562
27 0.3572189975244223 0.44228923507353635 0.016927390871793336 0.018006371551297563
27 0.4002721031281441 0.5278073332190856 0.016808991701630305 0.016443871551297562
27 0.38442196018175834 0.5137481552453529 0.016808991701630305 0.016443871551297562
27 0.4234375 0.59140625 0.01875 0.0171875
27 0.28272848300227515 0.46562051447217845 0.016808991701630305 0.016443871551297562
27 0.1375558477295593 0.33662133197589006 0.016927390871793336 0.018006371551297563
27 0.014956952083881214 0.2282588760738533 0.016808991701630215 0.016443871551297562
27 0.34451993321205665 0.5622365649017198 0.016927390871793336 0.018006371551297563
27 0.2794384622563507 0.5043554658516595 0.016927390871793336 0.018006371551297563
27 0.13570992781347185 0.37387567051050075 0.016808991701630215 0.016443871551297562
27 0.0522569651561358 0.29946881275401316 0.016808991701630215 0.016443871551297562
27 0.08200827781811623 0.5585948292623566 0.015128092531467274 0.014799484396167628
27 0.020182784041893553 0.5436824802122964 0.016927390871793246 0.018006371551297563
34 0.6310644363123343 0.10258376243601353 0.04034158008391273 0.03946529172311397
34 0.5127138261584423 0.5842797405006033 0.028575285892771342 0.027954581637205857
34 0.3457487012586887 0.43468477498762803 0.02533188672260849 0.026228307326946164
34 0.3729516639160247 0.5061436951594447 0.02533188672260849 0.026228307326946164
34 0.00625 0.215625 0.0125 0.028125
34 0.05145701744515403 0.5764473925821967 0.025331886722608398 0.026228307326946164
28 0.65078125 0.12265625 0.0171875 0.0328125
28 0.497511188186434 0.3733831840781681 0.021851689212119395 0.02137703301668683
28 0.36830709503026693 0.26000567955561227 0.021851689212119395 0.021377033016686652
28 0.4440337585220844 0.5199848671402834 0.021851689212119395 0.02137703301668683
28 0.471875 0.590625 0.01875 0.01875
28 0.3980001307225457 0.5697082281761313 0.018489890871793334 0.018088258706427142
28 0.3379021576922474 0.5159790405914603 0.023532588382282428 0.023021420171816586
28 0.2702527164055356 0.4960925864984459 0.021851689212119395 0.021377033016686652
28 0.22000334005588945 0.4491047218445533 0.02185168921211931 0.02137703301668683
28 0.08083225104890719 0.327423394391219 0.023532588382282338 0.023021420171816586
28 0.042289969305320654 0.2911649898232347 0.02185168921211931 0.02137703301668683
28 0.2458330568624104 0.5127101984388049 0.018489890871793247 0.01808825870642732
28 0.1907185817575197 0.463132922319523 0.02185168921211931 0.021377033016686652
15 0.40703125 0.01015625 0.0328125 0.0203125
15 0.36610874544982985 0.4466458644267499 0.023532588382282428 0.023021420171816586
15 0.3949334076922474 0.5189679217536962 0.023532588382282428 0.023021420171816586
15 0.20744321785542813 0.3963105924913396 0.021970088382282336 0.02293953301668683
15 0.32226642491368673 0.5766332575747735 0.021970088382282427 0.02293953301668683
15 0.06189668736124147 0.5396434334007996 0.021970088382282336 0.02293953301668683
24 0.6071668402563821 0.18770571291098337 0.03361798340326043 0.032887743102595034
24 0.5011993375570898 0.09344337856024412 0.03361798340326043 0.032887743102595034
24 0.41858682448483525 0.019858714381321408 0.03361798340326061 0.032887743102595034
24 0.5936300942050743 0.46090419549812883 0.021851689212119395 0.021377033016686652
24 0.2719210375663785 0.4564944979638351 0.021851689212119395 0.021377033016686652
24 0.2160845120465693 0.4076575282669884 0.018489890871793247 0.01808825870642732
24 0.3203836935850187 0.5415179511523384 0.021851689212119395 0.02137703301668683
24 0.30363390146847014 0.5258553296010409 0.023532588382282428 0.023021420171816586
24 0.1584020666106727 0.3960748971047524 0.02185168921211931 0.021377033016686652
24 0.22746156516078017 0.4961844397323777 0.018489890871793247 0.018088258706427142
24 0.05299159358037442 0.3399709820213186 0.02185168921211931 0.021377033016686652
24 0.07198208238221962 0.5495097563315781 0.018489890871793247 0.018088258706427142
13 0.5908431006293443 0.16739653493725073 0.03709818091374952 0.03773901741285455
13 0.23578170540787352 0.4211401741285455 0.025331886722608398 0.026228307326946164
13 0.3752487923402633 0.5467277515818797 0.02857528589277152 0.027954581637205676
18 0.5782955564382032 0.1558448812737776 0.027012785892771517 0.02787269448207601
18 0.5449735709603502 0.12686338817118256 0.027012785892771517 0.02787269448207601
18 0.39921875 0.00546875 0.0296875 0.0109375
18 0.5940543014638257 0.3535420748513425 0.020170790041956366 0.019732645861557076
18 0.3997705825827122 0.28499903550307765 0.020170790041956366 0.019732645861557076
18 0.4068898786479533 0.574064857529345 0.016927390871793336 0.018006371551297563
18 0.07806152594401645 0.2805893379687839 0.020170790041956366 0.019732645861557076
18 0.1240028332074122 0.3631462104245925 0.020170790041956276 0.019732645861557076
18 0.32730912242417587 0.5815664190401627 0.020170790041956366 0.019732645861557076
18 0.31482077781811635 0.5707960153766896 0.020170790041956366 0.019732645861557076
18 0.2738755464894481 0.5336335300760107 0.020170790041956366 0.019732645861557076
18 0.027718906442847534 0.31452392469437224 0.020170790041956276 0.019732645861557076
18 0.13125 0.5953125 0.01875 0.009375
18 0.0551730906805894 0.5330658847802805 0.020170790041956276 0.019732645861557076
18 0.01854850644749193 0.5015768673674261 0.021970088382282336 0.022939533016686654
18 0.0078125 0.48984375 0.015625 0.0203125
18 0.009375 0.53046875 0.01875 0.0203125
10 0.6006898520792369 0.071422293643678 0.03361798340326061 0.032887743102595034
10 0.5638186593426326 0.14963914687760985 0.03361798340326061 0.032887743102595034
10 0.4744825495897259 0.0694769340781681 0.03361798340326043 0.032887743102595034
10 0.4154719732540128 0.5846305433049938 0.023532588382282428 0.023021420171816586
10 0.35459275022371467 0.5308604121427578 0.023532588382282428 0.023021420171816586
10 0.30872322055472046 0.4903272653766896 0.023532588382282428 0.023021420171816586
10 0.09756946515613577 0.30184354025277604 0.021851689212119395 0.021377033016686652
10 0.060826481752875285 0.26879202283992143 0.023532588382282338 0.023021420171816586
10 0.024142697934696346 0.23652175542706694 0.02185168921211931 0.021377033016686742
10 0.3545461286479533 0.5713216378324983 0.021851689212119395 0.02137703301668683
10 0.20096899752442227 0.43410051956056106 0.02185168921211931 0.021377033016686652
24 0.06312361017711395 0.30937607926235666 0.02185168921211931 0.021377033016686652
10 0.00703125 0.2578125 0.0140625 0.021875
10 0.12323416121673234 0.4043477425367682 0.023532588382282338 0.023021420171816586
10 0.038778496074529725 0.522090763228983 0.02185168921211931 0.021377033016686652
10 0.02942772947779022 0.5527266095655099 0.025331886722608398 0.026228307326946344
17 0.017857731752875305 0.26654012607385325 0.025331886722608398 0.026228307326946164
17 0.036904652293662646 0.322786804047586 0.025331886722608398 0.026228307326946164
17 0.071875 0.58671875 0.025 0.0265625
29 0.5183751821631495 0.10445944368910651 0.03037458423309758 0.03116146879233552
29 0.5875675031234996 0.35008952623082346 0.020289189212119398 0.021295145861557074
29 0.5783817572726845 0.3418266468776098 0.021970088382282427 0.022939533016686654
29 0.5834854995990147 0.4502566225673503 0.020289189212119398 0.021295145861557074
29 0.5057972848670861 0.3800426198538169 0.021970088382282427 0.022939533016686654
29 0.157430639846108 0.3524477278374471 0.020170790041956276 0.019732645861557076
29 0.33173559068058933 0.5475599112382467 0.020170790041956366 0.019732645861557076
29 0.07225015644284753 0.3168577086155702 0.020289189212119307 0.021295145861557074
29 0.028061525944016473 0.27796894900463176 0.020289189212119307 0.021295145861557074
29 0.003125 0.2484375 0.00625 0.021875
29 0.23815061142651378 0.503747956240721 0.020170790041956276 0.019732645861557076
29 0.10300417158969455 0.3838338466752111 0.020289189212119307 0.021295145861557074
29 0.02117290851743998 0.3102901260738532 0.020170790041956276 0.019732645861557076
29 0.04856789317010031 0.5280508361597616 0.020170790041956276 0.019732645861557076
29 0.0046875 0.48515625 0.009375 0.0203125
29 0.08203125 0.59375 0.0203125 0.0125
11 0.5122822379766527 0.2807796042499847 0.02857528589277152 0.027954581637205676
29 0.07061587884844589 0.2747520957707 0.020170790041956276 0.019732645861557076
11 0.02683460312814403 0.5082363031430748 0.025331886722608398 0.026228307326946344
21 0.299464774494124 0.38868287822155984 0.018608290041956365 0.019650758706427317
21 0.3017036259486609 0.47984346675617057 0.020170790041956366 0.019732645861557076
21 0.2967201280232533 0.47569155529078133 0.020170790041956366 0.019732645861557076
21 0.05302563714681567 0.2582672806418376 0.020170790041956276 0.019732645861557076
21 0.010458706233066106 0.22024165818602892 0.020170790041956276 0.019732645861557076
21 0.3767054711794204 0.58648961442675 0.016927390871793336 0.018006371551297563
21 0.2523664767784979 0.47570152136958344 0.018608290041956365 0.019650758706427317
21 0.26973249814912215 0.5303038121881863 0.020170790041956366 0.019732645861557076
29 0.06452108943118953 0.34835669210722686 0.020170790041956276 0.019732645861557076
21 0.14570392491368683 0.5673800090451115 0.01860829004195628 0.01965075870642714
21 0.012665359351921346 0.49582151232447186 0.020170790041956276 0.019732645861557076
32 0.6043172952400484 0.36575214778212095 0.02677598755244546 0.0247476944820761
32 0.5402557178554281 0.4137525565339768 0.028575285892771342 0.027954581637205676
32 0.17150664047080796 0.4457849700355309 0.028575285892771342 0.027954581637205676
32 0.1373442054078735 0.415981283355371 0.02677598755244537 0.0247476944820761
30 0.605337188811134 0.47163365558403714 0.023532588382282428 0.023021420171816586
30 0.26021394296031886 0.4457650378779269 0.02185168921211922 0.021377033016686652
30 0.14680079316545594 0.3456654613291037 0.02185168921211931 0.02137703301668683
30 0.29030510727732894 0.5142627323600028 0.021851689212119395 0.021377033016686652
30 0.14591372200461303 0.3853044934412793 0.02185168921211931 0.02137703301668683
30 0.15176467076450195 0.5754791140880657 0.018489890871793247 0.018088258706427142
22 0.32289246433094315 0.5027420561952924 0.02677598755244546 0.0247476944820761
22 0.28335729026567086 0.5458026594292243 0.02677598755244546 0.0247476944820761
13 0.1797209595570584 0.41042068012143923 0.025331886722608398 0.026228307326946344
13 0.08031203279249373 0.3616346200809595 0.025331886722608398 0.026228307326946344
2 0.65234375 0.4140625 0.0140625 0.028125
0 0.64609375 0.4015625 0.0265625 0.028125
29 0.617586889846108 0.376563495023159 0.028575285892771342 0.027954581637205676
32 0.5391174251141795 0.3063085487320606 0.036979781743586494 0.03617651741285464
10 0.49156699627502237 0.26413101481086265 0.03025618506293437 0.02959896879233561
2 0.646875 0.50859375 0.025 0.0296875
1 0.6409437247039054 0.4999567294193268 0.023532588382282248 0.023021420171816586
26 0.6202284830022752 0.48330813998020494 0.03361798340326043 0.032887743102595124
29 0.5565319132913247 0.4231651780852744 0.02857528589277152 0.027954581637205676
5 0.45566630768760297 0.33461725519992436 0.02857528589277152 0.027954581637205676
8 0.4407158139113803 0.3221615208037566 0.03361798340326043 0.032887743102595124
8 0.4273278201351577 0.3097876735627185 0.030256185062934548 0.02959896879233561
21 0.4082342780186089 0.29400222127872644 0.023532588382282428 0.023021420171816586
20 0.39142528631697876 0.2775583497274289 0.02533188672260849 0.026228307326946344
15 0.5375 0.59375 0.025 0.0125
19 0.3201800161957542 0.40533146766068173 0.02533188672260831 0.026228307326946164
30 0.30636596993002063 0.3976041768420789 0.018489890871793334 0.01808825870642732
1 0.2869172303029828 0.3771312245580868 0.021970088382282427 0.022939533016686654
3 0.2744288856969231 0.3663608208946136 0.02533188672260849 0.026228307326946344
2 0.25011504731464085 0.3432984571452321 0.02533188672260831 0.026228307326946164
2 0.2250199589323585 0.32019514981828595 0.028575285892771342 0.027954581637205676
0 0.23756750312349967 0.33174680348175906 0.025331886722608398 0.026228307326946344
0 0.21169116474121727 0.3086025525772479 0.028575285892771342 0.027954581637205676
31 0.19098942366428698 0.38455422094004205 0.02185168921211931 0.021377033016686652
31 0.10485009150578195 0.34657950814060035 0.018489890871793334 0.01808825870642732
31 0.24257707968292724 0.4697414484388049 0.018489890871793247 0.01808825870642732
2 0.09789154171556343 0.4395925237444326 0.023532588382282338 0.023021420171816586
2 0.08702489669458524 0.42968525723608925 0.023532588382282338 0.023021420171816586
19 0.1658155153705616 0.5863314049066686 0.025331886722608398 0.026228307326946164
1 0.1315938807225457 0.5557464682265086 0.021970088382282336 0.02293953301668683
3 0.11988678611648602 0.5450170081406004 0.02857528589277143 0.027954581637205676
2 0.09569134690436672 0.523517144391219 0.02533188672260831 0.026228307326946344
2 0.06975580893700287 0.49959164348670787 0.025331886722608398 0.026228307326946164
0 0.08152210312814404 0.5111023535726161 0.025331886722608398 0.026228307326946164
0 0.05648621433094321 0.4887802962456698 0.02857528589277143 0.027954581637205857
16 0.109375 0.58671875 0.025 0.0265625
5 0.0921875 0.59609375 0.025 0.0078125
33 0.8296875 0.3 0.340625 0.6
17 0.3296875 0.8 0.659375 0.4
26 0.8296875 0.8 0.340625 0.4