2 0.559375 0.16015625 0.01875 0.0234375
2 0.5490123047645961 0.19520337951768205 0.025213487552445457 0.025350686364518003
0 0.55625 0.1765625 0.025 0.025
0 0.5415783130629658 0.2113385625482202 0.025095088382282426 0.023788186364518005
2 0.49579406161307327 0.11880011830779438 0.02677598755244546 0.025478232122152545
1 0.49015936825176903 0.131682755580698 0.024858290041956367 0.020663186364518006
5 0.3854914885781307 0.36538781800823195 0.02677598755244546 0.02547823212215263
8 0.37637659770633736 0.3832130467964047 0.026894386722608486 0.027040732122152633
8 0.3687650072494625 0.4016919798269428 0.02677598755244546 0.02547823212215263
1 0.1976712572494626 0.4156582402879245 0.023058991701630303 0.017410640606883375
3 0.19029646513291384 0.43101217331846253 0.026657588382282337 0.023915732122152634
2 0.1786126813147349 0.4622461978642697 0.026657588382282337 0.023915732122152634
2 0.16218219791147437 0.49464410968298067 0.026775987552445278 0.02547823212215263
0 0.17111949002802312 0.4791626308948079 0.02509508838228234 0.023788186364518182
0 0.15468900662476265 0.5115605427135187 0.02509508838228234 0.023788186364518005
5 0.27265625 0.003125 0.0265625 0.00625
16 0.784375 0.26484375 0.43125 0.5296875
11 0 0.5296875 0 1 0.56875 1 0.56875 0.7203539937500001 0.23868846875 0.62507553125 0.0704795203125 0.5632620515625 0.062117268749999996 0.5296875 0 0.5296875
12 0.9164457593750001 0.5296875 0.9357612218749999 0.5951116859375001 0.9226265171874999 0.7044448453125 0.8815194578125001 0.7767150468749999 0.7815995625 0.821225615625 0.6808485625 0.8276701828125 0.6553695187499999 0.904805221875 0.7805581234375 1 0.8277404265625 1 0.8959415578125001 0.9040781703124999 0.9736253453125 0.7297720609375 1 0.59518286875 1 0.5718759375 0.995724084375 0.5296875 0.9164457593750001 0.5296875