1 0.6005626945850444 0.3859375 0.015008569892376044 0.0203125
3 0.5872086699779386 0.3875 0.019696069892376045 0.0203125
2 0.5571572969424092 0.3953125 0.018133569892376043 0.0203125
2 0.5263974485139858 0.4015625 0.019696069892376045 0.0203125
0 0.5422043850317506 0.39765625 0.018133569892376043 0.0203125
0 0.5098456492997742 0.4046875 0.018133569892376224 0.0203125
2 0.563285326511914 0.3140625 0.019768844499482085 0.021875
1 0.5490772772977023 0.3171875 0.016571069892376045 0.0203125
5 0.32818042638807937 0.36328125 0.019768844499482085 0.021875
8 0.31006612717386767 0.36640625 0.021331344499482086 0.021875
8 0.2934779406561031 0.3703125 0.019768844499482085 0.021875
1 0.212127394956548 0.23828125 0.013446069892376223 0.0203125
3 0.19870059574233628 0.24140625 0.018206344499482087 0.021875
2 0.16946686001035993 0.2484375 0.018206344499481997 0.021875
2 0.1379621488854894 0.25390625 0.019768844499481998 0.021875
0 0.1529150607961482 0.2515625 0.018133569892376133 0.0203125
0 0.12219159967127773 0.25703125 0.018133569892376224 0.0203125
2 0.6098500732021449 0.05234375 0.01820634449948173 0.021875
0 0.5948607739879332 0.05546875 0.01820634449948173 0.021875
1 0.5814339747737216 0.05859375 0.015008569892376044 0.0203125
5 0.5664810628630628 0.0609375 0.018206344499482087 0.021875
1 0.6080714034336033 0.0234375 0.011810795285270358 0.01875
0 0.5938997415229446 0.02578125 0.018206344499482087 0.021875
2 0.09280596836358082 0.0828125 0.01649829528527027 0.01875
2 0.0809416691493691 0.0859375 0.01649829528527027 0.01875
1 0.171875 0.0046875 0.0125 0.009375
3 0.15703125 0.00703125 0.0203125 0.0140625
2 0.12890625 0.009375 0.0171875 0.01875
2 0.09827902646913267 0.015625 0.016571069892376132 0.0203125
0 0.1132683256833444 0.0125 0.018206344499481997 0.021875
0 0.08172722725492099 0.01875 0.019768844499482085 0.021875
24 0.6296875 0 0.6296875 0.459375 0.8047008953124999 0.459375 0.854566421875 0.424083790625 0.939766334375 0.2676266015625 0.9453786078124999 0.12128957343749999 0.89878005625 0 0.6296875 0
0 0.590625 0.78671875 0.078125 0.1140625
0 0.46318047270680707 0.81484375 0.10694782092583352 0.115625
1 0.32157301551087797 0.8359375 0.08209337014004525 0.11875
2 0.1858516852794196 0.86484375 0.09757282092583353 0.115625
3 0.055417168530196556 0.89765625 0.10069782092583353 0.115625
11 0.6296875 0.459375 0.6296875 1 1 1 1 0.807863203125 0.9357762578125 0.459375 0.6296875 0.459375