3 0.13671875 0.31484375 0.0234375 0.0078125
2 0.11250507634735865 0.30679505292638093 0.02171431369509058 0.022702670950527092
2 0.08699393661867649 0.28930646399107623 0.023376943244739934 0.02432883794672147
0 0.09972447409560523 0.29844138345872856 0.02171431369509058 0.022702670950527092
0 0.07348214914174775 0.28013971102532664 0.02171431369509058 0.022702670950527092
2 0.17392224013473429 0.2529007317855734 0.024939443244739935 0.02439250494291585
1 0.16270413788298085 0.24461072931411545 0.02015181369509058 0.022639003954332715
2 0.39234847239756226 0.09574344227942744 0.023376943244739934 0.02432883794672147
0 0.37956787014580884 0.08738977281177514 0.023376943244739934 0.02432883794672147
1 0.36834976789405544 0.07909977034031712 0.018489184145441227 0.021012836958138336
5 0.35708160086747753 0.0715910178688592 0.02337694324473958 0.024328837946721648
1 0.41176910086747737 0.07381936273566296 0.016826554595791875 0.01938666996194378
0 0.3998198133905486 0.06471627676610776 0.02337694324473958 0.024328837946721648
1 0.39609375 0.00625 0.0171875 0.0125
27 0.73984375 0.159375 0.5203125 0.31875
9 0.228125 0.659375 0.45625 0.68125
35 0.73984375 0.659375 0.5203125 0.68125