2 0.1233876679265034 0.2756732074527388 0.017405676002545344 0.01884999394987581
0 0.13829505259391245 0.27029081586399517 0.020548857336090798 0.020430674668035033
1 0.15084959659454875 0.26567603873663215 0.012699994668999893 0.01726022287263689
7 0.16497573126195783 0.26028910196834865 0.022147720003181704 0.023564765027114732
4 0.11767401726609399 0.22954309601642037 0.020548857336090798 0.020430674668035033
6 0.13493424260027576 0.2233930899662962 0.020548857336090798 0.020430674668035033
9 0.15141321793445756 0.21723853873663215 0.020548857336090798 0.020430674668035033
5 0.1757319652689575 0.20878568930236624 0.020548857336090798 0.020430674668035033
16 0.78984375 0.31484375 0.4203125 0.6296875
5 0.03515625 0.89921875 0.0703125 0.1171875
0 0.14396379726291234 0.8947237101832133 0.10134541868236298 0.11620678298109546
9 0.2668745859325486 0.8735623033709633 0.10608746268299925 0.12092155405833438
4 0.39513594593413937 0.8625889628154919 0.10926700668363551 0.1256272347764936
6 0.5155666246021848 0.8531326704646226 0.11551700668363551 0.12566359621281223