2 0.24453125 0.52890625 0.0140625 0.0171875
2 0.04453125 0.5546875 0.015625 0.0171875
0 0.25859375 0.5296875 0.015625 0.0171875
1 0.271875 0.53125 0.009375 0.015625
7 0.2859375 0.53203125 0.015625 0.01875
1 0.021875 0.553125 0.0109375 0.015625
9 0.06171875 0.55625 0.0171875 0.0171875
3 0.078125 0.5578125 0.01875 0.01875
4 0.25 0.57265625 0.0171875 0.0171875
6 0.2671875 0.57421875 0.0171875 0.0171875
9 0.28359375 0.57578125 0.015625 0.0171875
5 0.30859375 0.578125 0.015625 0.0171875
2 0.65390625 0.82578125 0.015625 0.01875
2 0.69921875 0.8296875 0.015625 0.0171875
5 0.6703125 0.82734375 0.0140625 0.01875
0 0.71484375 0.83125 0.015625 0.0171875
1 0.72890625 0.83203125 0.009375 0.015625
7 0.74140625 0.83359375 0.015625 0.01875
2 0.1421875 0.9359375 0.0125 0.015625
1 0.15859375 0.93828125 0.009375 0.0140625
3 0.365625 0.95625 0.0140625 0.015625
4 0.3859375 0.95859375 0.0140625 0.015625
8 0.59453125 0.9765625 0.0140625 0.0171875
4 0.6140625 0.978125 0.0140625 0.015625