2 0.030245649258662154 0.2581029622331288 0.022638891832631992 0.023532588382282428
5 0.013085431109827583 0.26018660310492214 0.019459328130301136 0.021733290041956364
3 0.32764398283125884 0.38518106741264335 0.01767857332097762 0.015364890871793335
4 0.30579626468242427 0.3876199057949258 0.017624009618646852 0.013802390871793335
21 0.68984375 0.21484375 0.6203125 0.4296875
2 0.3296875 0.609375 0.1 0.359375
3 0.184375 0.60390625 0.23125 0.3484375
4 0.05234375 0.59921875 0.1046875 0.3390625
7 0.28828125 0.94375 0.1828125 0.1125
8 0.1171875 0.94296875 0.234375 0.1140625
33 0.68984375 0.71171875 0.6203125 0.5640625