1 0.51171875 0.2234375 0.1140625 0.23125
2 0.38515625 0.2125 0.3671875 0.253125
3 0.190625 0.23203125 0.38125 0.2140625
7 0.31640625 0.04453125 0.4328125 0.0890625
8 0.146875 0.0546875 0.29375 0.109375
12 1 0 0.9287404531250001 0 0.9250430125 0.1193675578125 0.8846470359375 0.2516475828125 0.8286758531249999 0.32426358906249997 0.8033377265624999 0.3390625 0.917307709375 0.3390625 0.9636708 0.301980159375 1 0.2515498453125 1 0
23 0.284375 0.66953125 0.56875 0.6609375
25 0.839560537476223 0.7342604638741688 0.29705948574772806 0.4525004576242765
35 0.69921875 0.7953125 0.2609375 0.409375
7 0.621875 0.83046875 0.10625 0.3390625
12 0.73984375 0.39375 0.2734375 0.109375
11 0.6390625 0.43203125 0.140625 0.1859375