1 0.27739620990217767 0.1531562361399487 0.30145758019564467 0.2588414628859484
2 0.14921875 0.21171875 0.2984375 0.4015625
3 0.04765625 0.33125 0.0953125 0.396875
6 0.4203125 0.478125 0.215625 0.303125
7 0.328125 0.52890625 0.38125 0.2015625
12 0.84453125 0.30078125 0.3109375 0.3390625
10 0.56953125 0.47421875 0.0609375 0.2828125
29 0.68515625 0.3578125 0.2921875 0.33125
28 0.625 0.5640625 0.171875 0.13125
16 0.81796875 0.49453125 0.3640625 0.2703125
0 0.48203125 0.95078125 0.1140625 0.0984375
9 0.3703125 0.978125 0.121875 0.04375
2 0.81640625 0.75546875 0.3671875 0.2515625
3 0.70078125 0.7921875 0.3234375 0.325
4 0.6046875 0.81484375 0.13125 0.3703125