12 0.13792669887537828 0.1703488393072471 0.02831067029858776 0.026547089448421435
29 0.22265126013945863 0.1478283681758551 0.020388909654925947 0.024529563140062206
29 0.07511534243876092 0.18237913147120904 0.02206067029858776 0.026183068401734032
29 0.18380837336133996 0.4789495655591366 0.013592606436617327 0.016353042093374803
29 0.04888171630430397 0.5126658709478653 0.01359260643661735 0.016353042093374803
29 0.057344426327547084 0.5374761551487324 0.01359260643661735 0.016353042093374803
29 0.2606115379599445 0.5697103444277446 0.013592606436617327 0.016353042093374803
18 0.34564064590917115 0.11655452332458749 0.014138909654926035 0.024165542093374803
18 0.2340258027141056 0.14221540500755805 0.015810670298587758 0.025819047355046632
18 0.3578125 0.3734375 0.003125 0.01875
18 0.240478990441619 0.4649927523484873 0.01213936708027905 0.017824536831702886
18 0.11118497435007565 0.49668382615306755 0.012139367080279096 0.017824536831702886
18 0.33328956729303966 0.5511948338338137 0.01213936708027905 0.017824536831702886
18 0.14654368412121724 0.5967972182182073 0.01213936708027905 0.017824536831702886
14 0.2115891659359869 0.47429215763839394 0.018280106436617326 0.016626057878390377
14 0.15419192917753866 0.48742221821820736 0.018280106436617326 0.0166260578783902
14 0.2463794291775387 0.49279152865684656 0.018280106436617417 0.0166260578783902
14 0.15138935726979658 0.5162829655873715 0.019951867080279052 0.018279563140062117
14 0.003125 0.553125 0.00625 0.01875
14 0.3546875 0.54453125 0.009375 0.0203125
14 0.29089997150008406 0.5628456943995097 0.020061127723940864 0.019842063140062295
14 0.19903489959234194 0.5865191418533785 0.020061127723940864 0.019842063140062295
14 0.1193256202592468 0.604625128769786 0.01838936708027905 0.0181885578783902
10 0.17144939305917956 0.1621036998023559 0.026638909654926036 0.024893584186749605
10 0.27257557844090446 0.3986165944277446 0.01838936708027905 0.018188557878390375
10 0.11078078276416443 0.5248998314147393 0.018389367080279096 0.0181885578783902
10 0.04691502471839274 0.5407908709478654 0.01828010643661735 0.016626057878390377
10 0.24856500602895934 0.5737153049652057 0.018280106436617417 0.0166260578783902
10 0.3450197529268662 0.7087644101280556 0.018280106436617417 0.016626057878390377
22 0.027874355680312712 0.1961007262518895 0.037794930942249505 0.028655621018452492
22 0.18731043177542875 0.5073930839749881 0.026311127723940862 0.020206084186749608
22 0.18073836766135676 0.5901600813441521 0.026420388367602587 0.021768584186749606
25 0.35078125 0.17265625 0.0171875 0.0203125
25 0.33585610048453257 0.177954754908736 0.020061127723940864 0.019842063140062205
25 0.31169842657964864 0.4785539943853923 0.020061127723940864 0.019842063140062115
16 0.35078125 0.37890625 0.0171875 0.0203125
16 0.26893177237260424 0.4619433470585806 0.020061127723940864 0.019842063140062295
16 0.3466254476148706 0.5511871285580245 0.020061127723940864 0.019842063140062295
23 0.32941471236903164 0.12423822070786898 0.02496714901126431 0.023240078925077734
23 0.3364959668085071 0.38194430489461856 0.01671760643661733 0.01653505261671846
23 0.2623868414303548 0.488232831273565 0.018280106436617417 0.016626057878390377
23 0.2232861366028917 0.49772195236260475 0.018280106436617417 0.0166260578783902
23 0.09560925083317921 0.5287227814288566 0.019951867080279052 0.018279563140062294
23 0.030180992787407535 0.5445228157003109 0.01828010643661735 0.016626057878390377
23 0.3235867853620545 0.5553363022637827 0.018280106436617326 0.0166260578783902
23 0.3068527534310693 0.5590682470162281 0.018280106436617417 0.0166260578783902
23 0.23261222409797408 0.5774927523484872 0.016717606436617415 0.01653505261671846
21 0.10404446370641392 0.4978368024755442 0.01213936708027905 0.017824536831702886
21 0.09768520306275219 0.49903528142885667 0.012139367080279096 0.017824536831702886
17 0.2036281085303043 0.1506425550357929 0.028638452229572932 0.031234589448421436
17 0.1703086020740165 0.4813010208349259 0.02006112772394082 0.019842063140062115
17 0.29440166593598693 0.47911543650700195 0.018498627723940862 0.0197510578783902
27 0.2897905755909129 0.45531391546031463 0.011702324505632156 0.011574536831702887
27 0.1371083359824731 0.5185889182323249 0.013483345792955603 0.014790542093374803
27 0.2772909395690989 0.566759649675299 0.013483345792955603 0.014790542093374803
27 0.15524669476487896 0.5957352471574026 0.013483345792955603 0.014790542093374803
27 0.1049353383282616 0.6084935814147393 0.013483345792955603 0.014790542093374626
24 0.2927123878633995 0.13308259968941644 0.028201409654925947 0.024984589448421433
24 0.058108158898621386 0.19001732622365464 0.02831067029858776 0.026547089448421435
24 0.31851650913105245 0.44835826017040786 0.018280106436617326 0.016626057878390377
24 0.07917014984444351 0.5058012209196304 0.01649908514929388 0.01341005261671846
24 0.01374189179867183 0.5216012551910847 0.021514367080279085 0.018370568401734032
24 0.27833962336133994 0.4844553838902835 0.019951867080279052 0.018279563140062294
30 0.11477877597890047 0.1760605130130053 0.026638909654926036 0.024893584186749605
30 0.30256372720006725 0.4521357075536894 0.01493658514929388 0.01331904735504672
30 0.25230700108528076 0.46411279181102605 0.01649908514929388 0.01341005261671846
30 0.06238148759162744 0.5103144156720761 0.01828010643661735 0.0166260578783902
30 0.00234375 0.52578125 0.0046875 0.0140625
30 0.20727872435007563 0.5022806497458862 0.018280106436617417 0.016626057878390377
15 0.31133670172536987 0.12475416019864274 0.02049817029858776 0.026092063140062204
15 0.11843474563739913 0.4939683498305908 0.01693612772394082 0.01966005261671846
32 0.2560100633577673 0.14192697867096393 0.037794930942249484 0.028655621018452537
28 0.09402923340425354 0.18112744461127123 0.025076409654926034 0.024802578925077735
28 0.353125 0.46484375 0.0125 0.0171875
28 0.34220538140711165 0.4685643443571575 0.019951867080279052 0.018279563140062294
34 0.3343600304183759 0.4461433127871263 0.020061127723940864 0.019842063140062295
34 0.13969238660289174 0.4928531708631608 0.01849862772394082 0.0197510578783902
34 0.029640043407826167 0.5186050578078032 0.021732888367602544 0.021495568401734035
22 0.2927077619810441 0.39116041019864267 0.0248578883676025 0.021677578925077868
34 0.2598024268317502 0.4017948023343698 0.020061127723940864 0.019842063140062115
2 0.23525589490076496 0.40507172077845616 0.020061127723940864 0.019842063140062295
13 0.353125 0.43671875 0.0125 0.0203125
13 0.22776046915429554 0.46738971025511244 0.0217328883676025 0.021495568401734035
11 0.16756066048810525 0.5093805182040899 0.020061127723940864 0.019842063140062295
13 0.07898447954585575 0.5308922261813024 0.02006112772394082 0.019842063140062295
13 0.013556221500084065 0.5466922604527567 0.02006112772394082 0.019842063140062295
13 0.21520620281065064 0.5796166944700969 0.020061127723940864 0.019842063140062295
13 0.13538766283389375 0.5992851813865044 0.020061127723940864 0.019842063140062295
22 0.35625 0.70234375 0.00625 0.0203125
34 0.3320827103522192 0.7142863680346807 0.020061127723940864 0.019842063140062115
2 0.3076454390648958 0.7160007864787671 0.020061127723940864 0.019842063140062295
28 0.6796875 0.3796875 0.640625 0.759375
6 0.1796875 0.8796875 0.359375 0.240625
0 0.9734375 0.96640625 0.053125 0.0671875
7 0.86640625 0.98203125 0.1046875 0.0359375