12 0.2815968722069598 0.12533417948394207 0.01471747146395277 0.01471747146395277
12 0.35714483581302964 0.17406708601791737 0.017915246071058634 0.016425520678164496
12 0.3025493810982999 0.1902335874656595 0.017915246071058634 0.01642552067816432
12 0.26948216997342944 0.18323657071643645 0.017915246071058634 0.016425520678164496
12 0.43260506223938117 0.2711283306412339 0.017915246071058277 0.01642552067816432
12 0.22481183291754547 0.2786004205926019 0.017915246071058634 0.016425520678164496
12 0.49740823262709527 0.49086294188993895 0.019477746071058632 0.01649829528527036
12 0.24220915632457823 0.43454220553878997 0.017915246071058634 0.01642552067816432
12 0.16566808105551872 0.4816483378799442 0.017915246071058634 0.016425520678164496
29 0.5023395576912671 0.04440747290718559 0.013300520678164318 0.017769696856846907
29 0.26895132299274804 0.12162698262709526 0.011592471463952769 0.014571922249741043
29 0.4374145326698766 0.19027859098031613 0.011592471463952592 0.014571922249741043
29 0.345244149295265 0.1696150264646235 0.013300520678164318 0.017769696856846907
29 0.2898674445805353 0.1857451406088126 0.011592471463952592 0.014571922249741043
29 0.503125 0.25859375 0.0125 0.0140625
29 0.34942653515107586 0.22593780107172937 0.011592471463952769 0.014571922249740864
29 0.3171405740262053 0.21897717162605926 0.011592471463952769 0.014571922249741043
29 0.47378233395100294 0.38530214660466866 0.011592471463952592 0.014571922249741043
29 0.275306292594674 0.3417575461093306 0.011592471463952592 0.014571922249741043
29 0.4839814334128835 0.4871193577295392 0.011592471463952592 0.014571922249740864
29 0.2287823571103666 0.4307986213783902 0.011592471463952769 0.014571922249741043
29 0.15305891914485983 0.47872239102309744 0.011592471463952592 0.014571922249740864
18 0.41879931162020867 0.024925418730575098 0.010175520678164674 0.01762414764263518
18 0.37841836827801834 0.1454348178209523 0.010248295285270359 0.01918664764263518
18 0.26102966108208925 0.11891935959156594 0.010175520678164319 0.01762414764263518
18 0.13348470388616018 0.09193086641599155 0.010175520678164495 0.01762414764263518
18 0.4854346557054058 0.2003107164970448 0.010175520678164319 0.01762414764263518
18 0.3357599873846063 0.16683462882198832 0.010175520678164319 0.01762414764263518
18 0.2097775301886772 0.1399189102535197 0.010248295285270359 0.01918664764263518
18 0.35809305975818173 0.22790056141081153 0.010175520678164319 0.01762414764263518
18 0.2753340636871231 0.20845489453775407 0.010175520678164319 0.01762414764263518
18 0.19737172952672336 0.1915713014860141 0.010175520678164495 0.01762414764263518
18 0.4742660233642516 0.27852560772953916 0.010175520678164319 0.01762414764263518
18 0.37512220202413343 0.30898789557121137 0.010175520678164319 0.01762414764263518
18 0.15693297415003987 0.2606273624870501 0.010175520678164495 0.01762414764263518
18 0.0466846788647695 0.23678313998964012 0.010175520678164319 0.01762414764263518
18 0.47371602150222464 0.4843025727833511 0.010248295285270359 0.01918664764263518
18 0.338213015092084 0.4538252065722473 0.010175520678164319 0.01762414764263518
18 0.2624895771265773 0.5017489762169545 0.010248295285270359 0.01918664764263518
18 0.1443560072342011 0.47597838068401516 0.00846747146395277 0.014426373035529317
18 0.018300775431166195 0.44750016211554655 0.010175520678164319 0.01762414764263518
18 0.047354728698153895 0.48549246773989907 0.010175520678164319 0.01762414764263518
31 0.50078125 0.17265625 0.0171875 0.0171875
31 0.24934729838564218 0.11915480003827206 0.014571922249741043 0.011592471463952769
31 0.3256401246881591 0.16714284387580025 0.017915246071058634 0.016425520678164406
31 0.37119452729319297 0.2581338709641055 0.014717471463952591 0.01471747146395277
31 0.2705245932566277 0.2893046341986718 0.01471747146395277 0.014717471463952591
31 0.4612160215022246 0.48372037592650424 0.017915246071058277 0.01642552067816432
31 0.20917833250326073 0.428326438789567 0.01471747146395277 0.01471747146395277
31 0.1333821199306482 0.4746877084342742 0.01471747146395277 0.014717471463952591
14 0.50703125 0.0484375 0.0046875 0.015625
14 0.39450778701310263 0.02223491232043435 0.017915246071058634 0.016425520678164406
14 0.4864320754739474 0.1715136284077036 0.017915246071058634 0.016425520678164496
14 0.23435799917143055 0.11533844127076635 0.014717471463952591 0.01471747146395277
14 0.3114684627775004 0.16414412241184753 0.014717471463952591 0.01471747146395277
14 0.479786123240417 0.22967073076506841 0.014717471463952591 0.01471747146395277
14 0.3191011803125116 0.194122720840271 0.017915246071058634 0.016425520678164496
14 0.2872711375084407 0.21368820409104802 0.017915246071058634 0.01642552067816432
14 0.24628226447291138 0.20398356430629566 0.014717471463952591 0.01471747146395277
14 0.1115968953663236 0.1743238353987449 0.014717471463952591 0.01471747146395277
14 0.496395734489122 0.2850132022290211 0.017915246071058634 0.01642552067816432
14 0.46332852336425157 0.2780161854797981 0.017915246071058634 0.016425520678164496
14 0.41605326302516943 0.26723919726662243 0.014717471463952591 0.01471747146395277
14 0.38611105190029893 0.2603877297316112 0.01471747146395277 0.014717471463952591
14 0.35542397807898124 0.25428112489304694 0.017915246071058634 0.01642552067816432
14 0.20904128370333375 0.2747476745215433 0.014717471463952591 0.014717471463952591
14 0.131078949542934 0.25786408146980344 0.017915246071058634 0.016425520678164496
14 0.07357466459674597 0.24505155831043962 0.017915246071058634 0.01642552067816432
14 0.00546875 0.228125 0.0109375 0.015625
14 0.30208711641599156 0.3476822144301302 0.017915246071058634 0.016425520678164496
14 0.44548185959156594 0.48064887985544563 0.017915246071058634 0.01642552067816432
14 0.193407783289049 0.4244736927185084 0.01471747146395277 0.014717471463952591
18 0.22007944519970782 0.4280546110393081 0.010175520678164495 0.01762414764263518
18 0.09327935070022582 0.4003212551672865 0.010175520678164495 0.01762414764263518
14 0.11921045801998939 0.47168898697032147 0.01471747146395277 0.01471747146395277
14 0.13807177398342407 0.5084270076484858 0.014717471463952591 0.01471747146395277
14 0.020683066787495007 0.48191154941909947 0.014717471463952591 0.01471747146395277
10 0.4494222270455239 0.16355342514071594 0.017915246071058634 0.016425520678164406
10 0.3903190547957829 0.14988687737424627 0.017915246071058634 0.016425520678164496
10 0.20050953804655994 0.10830503721799048 0.014717471463952591 0.01471747146395277
10 0.14378650310037192 0.09552890136217958 0.01471747146395277 0.01471747146395277
10 0.04220473242220742 0.07364743920385175 0.014717471463952591 0.01471747146395277
10 0.27602111434907695 0.15625669375196577 0.014717471463952591 0.01471747146395277
10 0.22007932940288882 0.1435169451997078 0.01471747146395277 0.01471747146395277
10 0.2537116207592177 0.1793838246453779 0.014717471463952591 0.014717471463952681
10 0.12218763895618281 0.1506508949520388 0.014717471463952591 0.01471747146395277
10 0.20689227874093508 0.19513294912864917 0.01471747146395277 0.014717471463952591
10 0.17070006761606454 0.1879903831652145 0.01471747146395277 0.01471747146395277
10 0.3413829028099217 0.3042982415184354 0.014717471463952591 0.01471747146395277
10 0.30199291707794523 0.29544762634078897 0.014717471463952591 0.01471747146395277
10 0.256316544042416 0.28552466273471905 0.017915246071058634 0.01642552067816432
10 0.4872091331652145 0.3890457307650685 0.017915246071058634 0.01642552067816432
10 0.40921687385958966 0.47194381389201095 0.017915246071058634 0.01642552067816432
10 0.35015008891340155 0.45905851612554127 0.01471747146395277 0.01471747146395277
10 0.1603405721641785 0.41747667596928545 0.014717471463952591 0.01471747146395277
10 0.10596128721799047 0.4048097020241334 0.014717471463952591 0.014717471463952591
10 0.0046875 0.38125 0.009375 0.015625
10 0.3328125 0.51484375 0.015625 0.0078125
10 0.2736090136443419 0.5061646484666955 0.01471747146395277 0.014717471463952591
10 0.08379949689511897 0.46458280831043963 0.014717471463952591 0.014717471463952591
10 0.028638961948930765 0.45187944706173455 0.014717471463952591 0.014717471463952591
10 0.1765625 0.51328125 0.015625 0.0109375
10 0.06479693982302433 0.4917617384180636 0.01471747146395277 0.014717471463952591
22 0.42892779052775937 0.15870110524833975 0.025727746071058634 0.016789393713693635
22 0.18079635152879536 0.10348910462916723 0.024165246071058633 0.01671661910658786
22 0.2563443151348652 0.15222201116314255 0.024165246071058633 0.01671661910658786
22 0.469976629650558 0.25338005851532747 0.02416524607105828 0.016716619106587772
22 0.40146207009726387 0.23849561310622266 0.02260274607105863 0.016643844499482086
22 0.22660546525869965 0.19994888171747238 0.024165246071058633 0.016716619106587772
22 0.3980695504525567 0.3162931273742462 0.02260274607105863 0.016643844499482086
22 0.3895036873418249 0.4671278813031877 0.025727746071058634 0.016789393713693812
22 0.13984613564641393 0.4126243560769092 0.024165246071058633 0.016716619106587772
22 0.31328125 0.5125 0.0265625 0.0125
22 0.06486756037735422 0.45980326302516944 0.024165246071058633 0.016716619106587772
22 0.203125 0.51640625 0.025 0.0046875
25 0.4069436286171005 0.15533851074885777 0.01962329528527036 0.01962329528527036
25 0.1604110769216895 0.1009805347367911 0.01642552067816432 0.017915246071058544
25 0.23595904052775935 0.14971344127076636 0.01642552067816432 0.017915246071058634
25 0.3908499017764644 0.2114964654635875 0.01642552067816432 0.017915246071058634
25 0.33412686683027626 0.19872032960777658 0.016425520678164496 0.017915246071058634
25 0.051040385027241356 0.16292826302516933 0.016425520678164496 0.017915246071058634
25 0.50546875 0.28984375 0.0078125 0.0203125
25 0.3667382754311662 0.46372889950015284 0.017915246071058634 0.01642552067816432
25 0.12020572373575504 0.409370923488086 0.014717471463952591 0.014717471463952591
25 0.28984375 0.51015625 0.0203125 0.0171875
25 0.04444589846669551 0.4565134431327932 0.014717471463952591 0.01471747146395277
25 0.15234375 0.5109375 0.0171875 0.015625
16 0.3659911428851242 0.1464151209641055 0.02118579528527036 0.019696069892376135
16 0.12180234118971311 0.09216630686269758 0.016425520678164496 0.017915246071058634
16 0.4580909057054058 0.19903716087269227 0.01962329528527036 0.01962329528527036
16 0.1966054420993359 0.14164407609311996 0.01962329528527036 0.01962329528527027
16 0.017480868278018313 0.12862388357949928 0.01962329528527036 0.01962329528527027
16 0.057876889989640114 0.24276131223938108 0.01962329528527036 0.01962329528527036
16 0.32582217700274274 0.4555867597154005 0.02118579528527036 0.019696069892376045
16 0.08163337530733158 0.4013379456139926 0.01962329528527036 0.01962329528527036
16 0.24928110173368312 0.5026928920565548 0.021258569892376223 0.021258569892376046
16 0.00703125 0.4484375 0.0140625 0.01875
23 0.34854893176025376 0.14014585028594104 0.017915246071058634 0.016425520678164406
23 0.10677665467194845 0.08756869809519197 0.01471747146395277 0.01471747146395277
23 0.47449715570540574 0.19980129424730375 0.014717471463952591 0.014717471463952591
23 0.18072573097446548 0.13544758002206142 0.014717471463952591 0.01471747146395277
23 0.23875870884855885 0.1763487158778722 0.014571922249740864 0.011592471463952769
23 0.16075998738460626 0.1586838728261323 0.014717471463952591 0.014717471463952681
23 0.0046875 0.14921875 0.009375 0.0140625
23 0.44755797415003984 0.2741634394087395 0.014717471463952591 0.014717471463952591
23 0.32561235359570995 0.30044549544737686 0.014717471463952591 0.01471747146395277
23 0.24054599482820435 0.2816719166636606 0.014717471463952591 0.014717471463952591
23 0.035747178864769504 0.23627371773989908 0.014717471463952591 0.01471747146395277
23 0.018414129650557866 0.23234819706173457 0.01471747146395277 0.014717471463952591
23 0.3178576656302033 0.3515349605011888 0.014717471463952591 0.014717471463952591
23 0.3083799658778723 0.44931748903723606 0.017915246071058634 0.016425520678164496
23 0.06422755148601408 0.39584992493582816 0.01471747146395277 0.01471747146395277
23 0.2318388906088126 0.49642362137839025 0.017915246071058634 0.01642552067816432
23 0.08056748903723605 0.49561448448912204 0.01471747146395277 0.014717471463952591
21 0.50546875 0.20390625 0.0078125 0.0171875
21 0.14964055086684153 0.1542682005763913 0.010175520678164319 0.01762414764263518
21 0.19026770491961748 0.1896813157540377 0.010175520678164495 0.01762414764263518
21 0.3978298019002988 0.2609335392849051 0.006977746071058633 0.015916098428423453
21 0.34508579156121666 0.24990183994685883 0.005415246071058632 0.01584332382131759
21 0.054458753305259754 0.48738245347187537 0.010175520678164319 0.01762414764263518
20 0.4093515370131026 0.022926271087940008 0.013300520678164673 0.017769696856846907
20 0.145922699542934 0.25855544023730914 0.016425520678164496 0.017915246071058634
17 0.3021148875084407 0.21437956285855364 0.01642552067816432 0.017915246071058634
17 0.03430664929526497 0.15513287965055786 0.01642552067816432 0.017915246071058634
17 0.5015625 0.38984375 0.015625 0.0171875
27 0.4923952851510759 0.23259667762191522 0.011592471463952592 0.014571922249740864
27 0.41205281368712326 0.21482267265951654 0.01144692224974122 0.011446922249741042
27 0.37738671525869966 0.20697163130318774 0.011592471463952592 0.014571922249740864
27 0.03868378018867711 0.13195009077542838 0.011446922249741042 0.011446922249741042
27 0.4187587320079228 0.24163988378438708 0.011592471463952592 0.014571922249741043
27 0.2675215636871231 0.20809102150222475 0.011592471463952592 0.014571922249741043
27 0.12260716997342946 0.17639575764848586 0.011592471463952592 0.014571922249741043
27 0.4830053225784633 0.28205086806862134 0.011592471463952592 0.014571922249741043
27 0.1176885376322752 0.2549017473094036 0.011592471463952769 0.014571922249740864
27 0.1238273374656595 0.5038657861845331 0.011592471463952592 0.014571922249741043
24 0.42409689536632345 0.1888787568199163 0.014717471463952591 0.014717471463952591
24 0.503125 0.23515625 0.0125 0.0171875
24 0.44195863750844067 0.2208928901945278 0.017915246071058634 0.01642552067816432
24 0.36477755334804096 0.20404568444634083 0.014717471463952591 0.01471747146395277
24 0.19780622311658255 0.16742532609311994 0.014571922249741043 0.011592471463952769
24 0.13792180086684153 0.15372239102309737 0.017915246071058634 0.016425520678164406
24 0.0678083540099947 0.13798392100688672 0.01471747146395277 0.014717471463952681
24 0.4896534288647697 0.25741474110415064 0.017915246071058277 0.01642552067816432
24 0.4337480312221345 0.24545624255189277 0.017915246071058277 0.01642552067816432
24 0.018645261991712125 0.15362388357949927 0.017915246071058634 0.016425520678164406
24 0.4177827369703214 0.3211090599630695 0.017915246071058634 0.016425520678164496
24 0.43680887282613234 0.3781231933376811 0.017915246071058634 0.01642552067816432
24 0.39898138709415604 0.3693453527671404 0.014717471463952591 0.01471747146395277
24 0.34147710214796784 0.3565328296077766 0.017915246071058634 0.01642552067816432
24 0.09630165094789475 0.49868598056018065 0.017915246071058634 0.016425520678164496
30 0.4254432255977818 0.2177850068199163 0.014717471463952591 0.014717471463952591
30 0.052074192099335906 0.13491242493582814 0.014571922249741043 0.011592471463952769
30 0.00390625 0.1234375 0.0078125 0.0125
30 0.38164833787994423 0.365419832088976 0.01471747146395277 0.014717471463952591
15 0.4462480312221345 0.2460384394087395 0.013300520678164673 0.017769696856846907
32 0.17969192390237082 0.16346341811140258 0.024165246071058633 0.01671661910658786
32 0.37230110897239344 0.23168053287476428 0.02260274607105863 0.016643844499482086
28 0.3498246414373821 0.20101057567883523 0.01471747146395277 0.014717471463952591
28 0.5078125 0.2625 0.003125 0.015625
28 0.09660759615211187 0.1705074766312392 0.014717471463952591 0.01471747146395277
28 0.08165468424145299 0.1674723678637336 0.017915246071058634 0.016425520678164406
28 0.36422108932768626 0.3092597233214704 0.014717471463952591 0.014717471463952591
28 0.11047331285855364 0.5016847020241334 0.014717471463952591 0.014717471463952591
34 0.45780196132975826 0.2263081362655864 0.019696069892376045 0.02118579528527036
34 0.0828704278313122 0.14336277977439238 0.01962329528527036 0.01962329528527036
34 0.4124445736119206 0.37387018692754026 0.01642552067816432 0.017915246071058634
21 0.43144486083442024 0.028632615587422007 0.01642552067816432 0.017915246071058634
12 0.46664611434907693 0.16513519581888034 0.022748295285270358 0.019768844499481998
10 0.2981122841176186 0.12844206285855359 0.02118579528527036 0.019696069892376135
12 0.2177698126536658 0.11066805789615489 0.022748295285270358 0.019768844499481998
22 0.06259000702931328 0.07615600909622793 0.02431079528527036 0.01984161910658786
34 0.028850707815101552 0.071466355043452 0.01642552067816432 0.017915246071058544
2 0.00703125 0.0625 0.0140625 0.01875
34 0.4958820041338292 0.20703375144323283 0.014717471463952591 0.014717471463952591
10 0.3736238604201355 0.1763937193925289 0.022748295285270358 0.019768844499481998
12 0.29328138895618283 0.15861971443013018 0.02118579528527036 0.019696069892376135
13 0.21421247311658256 0.16818945946773148 0.01962329528527036 0.01962329528527027
13 0.10634431513486522 0.14523564888098023 0.01962329528527036 0.01962329528527036
17 0.33756223593686413 0.22226699151843549 0.01962329528527036 0.01962329528527036
13 0.15482035649119402 0.18179388709415592 0.01962329528527036 0.01962329528527027
13 0.13830494458053533 0.17868600371954443 0.01962329528527036 0.01962329528527027
11 0.16954213606069857 0.2635533093438969 0.02118579528527036 0.019696069892376045
11 0.08998091459674598 0.24581569168505107 0.01962329528527036 0.01962329528527036
13 0.2869308432566277 0.29006876757328326 0.016425520678164496 0.017915246071058634
13 0.19319795988201616 0.2693324284504849 0.019696069892376045 0.02118579528527036
13 0.45247026012968516 0.3796321894087395 0.019696069892376045 0.02118579528527036
13 0.35870098945152085 0.3581146002859411 0.019696069892376045 0.02118579528527036
33 0.2879154545053327 0.3446834929661774 0.014717471463952591 0.014717471463952591
23 0.50390625 0.33828125 0.0109375 0.0203125
16 0.48778702191650947 0.3345037799792802 0.022748295285270358 0.019768844499482085
24 0.4672925853987449 0.329651460086904 0.022821069892376044 0.021331344499482086
29 0.43106398697032144 0.3217276441234693 0.01962329528527036 0.01962329528527036
10 0.50546875 0.49296875 0.0078125 0.0203125
12 0.4272220111631425 0.4735619718737283 0.022748295285270358 0.019768844499482085
12 0.17752807216417849 0.41827719664744994 0.022748295285270358 0.019768844499482085
12 0.1018046341986718 0.46620096629215696 0.021040246071058633 0.016571069892376045
12 0.35078125 0.51484375 0.0203125 0.0078125
10 0.2586881809316841 0.43686883891340156 0.019477746071058632 0.01649829528527036
10 0.18218349296617742 0.4847562212545558 0.021040246071058633 0.016571069892376045
22 0.02242104114693184 0.3853276478475228 0.021040246071058633 0.016571069892376045
13 0.00703125 0.47578125 0.0140625 0.0203125
35 0.03641722869815389 0.484983045490158 0.014717471463952591 0.014717471463952591
28 0.7078125 0.0671875 0.396875 0.134375
27 0.2546875 0.759375 0.509375 0.48125
21 0.7546875 0.759375 0.490625 0.48125