10 0.13203125 0.0203125 0.0203125 0.0140625
12 0.14921875 0.021875 0.0140625 0.0125
12 0.16953125 0.0453125 0.0140625 0.0125
12 0.0765625 0.103125 0.0203125 0.0171875
12 0.259375 0.103125 0.021875 0.0171875
12 0.68046875 0.103125 0.021875 0.0171875
12 0.14921875 0.3328125 0.0140625 0.0125
12 0.3859375 0.3328125 0.0125 0.0125
12 0.3109375 0.36171875 0.0140625 0.0125
12 0.359375 0.38828125 0.0140625 0.0125
12 0.390625 0.38828125 0.0140625 0.0125
12 0.1296875 0.4125 0.0140625 0.0125
12 0.2328125 0.4359375 0.0140625 0.0125
12 0.41953125 0.484375 0.0140625 0.0125
12 0.14765625 0.6234375 0.0140625 0.0125
12 0.384375 0.6234375 0.0140625 0.0125
12 0.21171875 0.68359375 0.0140625 0.0125
12 0.4484375 0.68359375 0.0140625 0.0125
12 0.18359375 0.7125 0.0140625 0.0125
12 0.14921875 0.8484375 0.0140625 0.0125
12 0.3859375 0.8484375 0.0140625 0.0125
12 0.21171875 0.90859375 0.0140625 0.0125
12 0.4484375 0.90859375 0.0140625 0.0125
12 0.18359375 0.9375 0.0125 0.0125
12 0.36796875 0.9375 0.0140625 0.0125
29 0.1609375 0.021875 0.009375 0.0140625
29 0.18125 0.0453125 0.009375 0.0125
29 0.21171875 0.10234375 0.0125 0.0203125
29 0.31953125 0.10234375 0.0125 0.0203125
29 0.39921875 0.10078125 0.0125 0.0203125
29 0.60078125 0.10234375 0.0125 0.0203125
29 0.73828125 0.10078125 0.0125 0.021875
29 0.36171875 0.14921875 0.0078125 0.0125
29 0.3703125 0.15 0.009375 0.0125
29 0.103125 0.2140625 0.0078125 0.0125
29 0.196875 0.2140625 0.0078125 0.0140625
29 0.1609375 0.33203125 0.009375 0.0125
29 0.39765625 0.33203125 0.009375 0.0125
29 0.23828125 0.3609375 0.0078125 0.0125
29 0.3234375 0.3609375 0.009375 0.0140625
29 0.37109375 0.38671875 0.0078125 0.0125
29 0.7015625 0.38671875 0.0078125 0.0125
29 0.828125 0.38671875 0.0078125 0.0125
29 0.16953125 0.4109375 0.0078125 0.0125
29 0.3125 0.4109375 0.0078125 0.0125
29 0.3421875 0.4109375 0.0078125 0.0125
29 0.82578125 0.4109375 0.009375 0.0125
29 0.65234375 0.4828125 0.0078125 0.0125
29 0.18125 0.53125 0.0078125 0.0125
29 0.365625 0.53125 0.009375 0.0125
29 0.1609375 0.6234375 0.009375 0.0125
29 0.39765625 0.6234375 0.0078125 0.0125
29 0.225 0.6828125 0.009375 0.0125
29 0.46015625 0.6828125 0.0078125 0.0125
29 0.2765625 0.71171875 0.0078125 0.0125
29 0.1609375 0.84765625 0.00625 0.0125
29 0.39765625 0.84765625 0.0078125 0.0125
29 0.225 0.9078125 0.009375 0.0125
29 0.46015625 0.9078125 0.0078125 0.0125
29 0.2765625 0.9359375 0.0078125 0.0125
29 0.490625 0.9359375 0.0078125 0.0125
29 0.67890625 0.9359375 0.0078125 0.0125
29 0.22265625 0.96484375 0.0046875 0.0125
29 0.27421875 0.96484375 0.0078125 0.0125
18 0.1703125 0.0203125 0.0046875 0.0140625
18 0.2953125 0.0203125 0.0046875 0.0140625
18 0.18984375 0.04453125 0.0046875 0.0140625
18 0.3078125 0.04453125 0.0046875 0.0125
18 0.0609375 0.10078125 0.0046875 0.025
18 0.453125 0.10078125 0.0046875 0.021875
18 0.48671875 0.10078125 0.0046875 0.021875
18 0.58984375 0.1 0.0046875 0.021875
18 0.35234375 0.14921875 0.0046875 0.0140625
18 0.27265625 0.2140625 0.0046875 0.0140625
18 0.1703125 0.33046875 0.0046875 0.0140625
18 0.2953125 0.33203125 0.0046875 0.0171875
18 0.4046875 0.33203125 0.0046875 0.0140625
18 0.52265625 0.33203125 0.0046875 0.0140625
18 0.19375 0.3609375 0.0046875 0.0140625
18 0.33203125 0.3609375 0.0046875 0.0140625
18 0.4484375 0.3609375 0.0046875 0.0171875
18 0.65 0.3859375 0.0046875 0.0140625
18 0.7703125 0.38671875 0.0046875 0.0140625
18 0.30546875 0.4109375 0.0046875 0.0140625
18 0.38203125 0.41015625 0.0046875 0.0140625
18 0.45546875 0.41015625 0.0046875 0.0140625
18 0.9375 0.41015625 0.0046875 0.0140625
18 0.19375 0.43359375 0.0046875 0.0140625
18 0.2796875 0.48203125 0.0046875 0.0140625
18 0.48203125 0.48203125 0.0046875 0.0140625
18 0.58515625 0.48203125 0.0046875 0.0140625
18 0.759375 0.48203125 0.0046875 0.0140625
18 0.1703125 0.62265625 0.0046875 0.0171875
18 0.2953125 0.62265625 0.0046875 0.0140625
18 0.2328125 0.68125 0.0046875 0.0140625
18 0.3578125 0.68125 0.0046875 0.0171875
18 0.4671875 0.68125 0.0046875 0.0125
18 0.58515625 0.68125 0.0046875 0.0140625
18 0.17421875 0.71171875 0.0046875 0.0140625
18 0.55390625 0.71015625 0.0046875 0.0140625
18 0.7828125 0.71171875 0.003125 0.0125
18 0.2453125 0.740625 0.0046875 0.0140625
18 0.1703125 0.84765625 0.0046875 0.0171875
18 0.2953125 0.84765625 0.0046875 0.0140625
18 0.4046875 0.84765625 0.0046875 0.0125
18 0.52265625 0.84765625 0.0046875 0.0140625
18 0.2328125 0.90625 0.0046875 0.0171875
18 0.3578125 0.90625 0.0046875 0.0140625
18 0.4671875 0.90625 0.0046875 0.0140625
18 0.58671875 0.90625 0.003125 0.0140625
18 0.17421875 0.9359375 0.0046875 0.0140625
18 0.38828125 0.93515625 0.0046875 0.0140625
18 0.63125 0.93515625 0.0046875 0.0140625
18 0.65859375 0.93515625 0.0046875 0.0140625
18 0.2453125 0.9640625 0.0046875 0.0140625
31 0.18125 0.02265625 0.0140625 0.0125
31 0.19921875 0.046875 0.0125 0.009375
31 0.18125 0.3328125 0.0140625 0.0125
31 0.415625 0.334375 0.0125 0.009375
31 0.34140625 0.36328125 0.0140625 0.0125
31 0.28984375 0.4359375 0.0125 0.0125
31 0.37734375 0.4859375 0.0125 0.0125
31 0.18125 0.625 0.0140625 0.0125
31 0.415625 0.625 0.0125 0.009375
31 0.478125 0.68359375 0.0125 0.0125
31 0.24375 0.68359375 0.0171875 0.0125
31 0.18125 0.8484375 0.0140625 0.0125
31 0.415625 0.85 0.0125 0.009375
31 0.24375 0.90859375 0.0125 0.0125
31 0.478125 0.90859375 0.0140625 0.0125
14 0.19609375 0.02265625 0.0140625 0.0125
14 0.2125 0.046875 0.0125 0.009375
14 0.15 0.103125 0.0203125 0.0171875
14 0.18515625 0.103125 0.0203125 0.0171875
14 0.37265625 0.103125 0.0203125 0.0171875
14 0.4390625 0.103125 0.0203125 0.0171875
14 0.38125 0.15 0.0125 0.0125
14 0.4359375 0.1515625 0.0125 0.0125
14 0.115625 0.21484375 0.0140625 0.0125
14 0.1703125 0.21484375 0.0140625 0.0125
14 0.18515625 0.21484375 0.0140625 0.0125
14 0.2953125 0.21484375 0.0140625 0.0125
14 0.19609375 0.334375 0.0140625 0.0125
14 0.42890625 0.334375 0.0125 0.0125
14 0.146875 0.36328125 0.0140625 0.009375
14 0.3546875 0.36328125 0.0125 0.0125
14 0.146875 0.38828125 0.0125 0.0125
14 0.19453125 0.38828125 0.0125 0.0125
14 0.3453125 0.38828125 0.0140625 0.0125
14 0.6765625 0.38828125 0.0125 0.0125
14 0.73046875 0.38828125 0.0125 0.0125
14 0.3703125 0.4125 0.0140625 0.0125
14 0.40859375 0.4125 0.0125 0.0125
14 0.53359375 0.4125 0.0125 0.0125
14 0.65 0.4125 0.0125 0.0125
14 0.7390625 0.4125 0.0140625 0.009375
14 0.88203125 0.4125 0.0125 0.0125
14 0.96171875 0.4125 0.0125 0.0125
14 0.1296875 0.4359375 0.0140625 0.0125
14 0.1734375 0.4359375 0.0140625 0.009375
14 0.2046875 0.4359375 0.0140625 0.0125
14 0.24765625 0.4359375 0.0125 0.0125
14 0.275 0.4359375 0.0125 0.009375
14 0.30390625 0.4359375 0.0140625 0.0125
14 0.43359375 0.484375 0.0125 0.0125
14 0.50625 0.484375 0.0140625 0.0125
14 0.55859375 0.484375 0.0125 0.0125
14 0.625 0.484375 0.0140625 0.0125
14 0.71015625 0.4859375 0.0125 0.0125
14 0.78515625 0.484375 0.0125 0.0125
14 0.34140625 0.5328125 0.0140625 0.0125
14 0.19609375 0.625 0.0140625 0.0125
14 0.42890625 0.625 0.0125 0.0125
18 0.4046875 0.62265625 0.0046875 0.0140625
18 0.52265625 0.62265625 0.0046875 0.0140625
14 0.25859375 0.68359375 0.0140625 0.0125
14 0.49140625 0.68359375 0.0125 0.0125
14 0.2328125 0.7125 0.0140625 0.0125
14 0.25859375 0.7125 0.0140625 0.0125
14 0.32421875 0.7125 0.0125 0.0125
14 0.47109375 0.7125 0.0125 0.0125
14 0.5796875 0.7125 0.0125 0.0125
14 0.73671875 0.7125 0.0125 0.0125
14 0.31015625 0.74140625 0.0125 0.0125
14 0.19609375 0.8484375 0.0140625 0.0125
14 0.42890625 0.8484375 0.0125 0.0125
14 0.259375 0.90859375 0.0140625 0.0125
14 0.49140625 0.90859375 0.0125 0.0125
14 0.2328125 0.9375 0.0125 0.0125
14 0.25859375 0.9375 0.0125 0.0125
14 0.41328125 0.9375 0.0125 0.0125
14 0.58515625 0.9375 0.0125 0.0125
14 0.31015625 0.96640625 0.0125 0.0125
12 0.2125 0.0203125 0.0203125 0.0140625
10 0.2296875 0.02265625 0.0140625 0.009375
10 0.28515625 0.02265625 0.0140625 0.0125
10 0.2453125 0.046875 0.0125 0.0125
10 0.2984375 0.046875 0.0125 0.0125
10 0.2796875 0.103125 0.0203125 0.0171875
10 0.64921875 0.103125 0.0203125 0.0171875
10 0.17421875 0.1515625 0.0125 0.0125
10 0.2296875 0.334375 0.0140625 0.0125
10 0.28515625 0.334375 0.0140625 0.0125
10 0.46171875 0.334375 0.0125 0.0125
10 0.51328125 0.334375 0.0125 0.0125
10 0.60703125 0.334375 0.0125 0.0125
10 0.38671875 0.36328125 0.0125 0.0125
10 0.4390625 0.36328125 0.0125 0.0125
10 0.4046875 0.38828125 0.0125 0.0125
10 0.5265625 0.38828125 0.0125 0.0125
10 0.44453125 0.4125 0.0125 0.0125
10 0.478125 0.4125 0.0125 0.0125
10 0.7765625 0.4125 0.0125 0.0125
10 0.83671875 0.4125 0.0125 0.0125
10 0.3109375 0.484375 0.0125 0.0125
10 0.34765625 0.484375 0.0125 0.0125
10 0.3890625 0.484375 0.0140625 0.0125
10 0.66484375 0.484375 0.0125 0.0125
10 0.16953125 0.5328125 0.0140625 0.0125
10 0.2296875 0.625 0.0140625 0.0125
10 0.28515625 0.625 0.0125 0.0125
10 0.46015625 0.625 0.0125 0.0125
10 0.51171875 0.625 0.0125 0.009375
10 0.60703125 0.625 0.0125 0.0125
10 0.2921875 0.68359375 0.0125 0.0125
10 0.34765625 0.68359375 0.0125 0.0125
10 0.52421875 0.68359375 0.0125 0.0125
10 0.57578125 0.68359375 0.0125 0.0125
10 0.6703125 0.68359375 0.0125 0.0125
10 0.43359375 0.7125 0.0125 0.0125
10 0.53828125 0.7125 0.0125 0.0125
10 0.771875 0.7125 0.0125 0.0125
10 0.32421875 0.74140625 0.0125 0.0125
10 0.2296875 0.8484375 0.0140625 0.0125
10 0.28515625 0.8484375 0.0140625 0.0125
10 0.46171875 0.8484375 0.0125 0.0125
10 0.51328125 0.85 0.0125 0.0125
10 0.60703125 0.8484375 0.0125 0.0125
10 0.2921875 0.90859375 0.0140625 0.0125
10 0.34765625 0.90859375 0.0140625 0.0125
10 0.52421875 0.90859375 0.0125 0.0125
10 0.57578125 0.90859375 0.0125 0.0125
10 0.66953125 0.90859375 0.0125 0.0125
10 0.62109375 0.9375 0.0125 0.0125
10 0.3234375 0.96640625 0.0125 0.0125
22 0.2484375 0.02265625 0.025 0.0125
22 0.26328125 0.0453125 0.021875 0.009375
22 0.7828125 0.103125 0.028125 0.0171875
22 0.87265625 0.103125 0.0296875 0.0171875
22 0.2484375 0.334375 0.021875 0.0125
22 0.4796875 0.334375 0.021875 0.0125
22 0.4046875 0.36328125 0.021875 0.0125
22 0.20078125 0.4125 0.021875 0.0125
22 0.26328125 0.4125 0.0203125 0.0125
22 0.4265625 0.4125 0.021875 0.009375
22 0.70546875 0.4125 0.021875 0.009375
22 0.9 0.4125 0.0203125 0.0125
22 0.25859375 0.484375 0.0203125 0.009375
22 0.728125 0.484375 0.021875 0.0125
22 0.24765625 0.6234375 0.021875 0.0125
22 0.4796875 0.625 0.021875 0.009375
22 0.3109375 0.68359375 0.021875 0.0125
22 0.5421875 0.68359375 0.021875 0.0125
22 0.41015625 0.7125 0.021875 0.0125
22 0.7546875 0.7125 0.021875 0.0125
22 0.2484375 0.8484375 0.021875 0.0125
22 0.4796875 0.85 0.021875 0.0125
22 0.3109375 0.90859375 0.021875 0.009375
22 0.5421875 0.90859375 0.021875 0.009375
22 0.4671875 0.9375 0.021875 0.0125
22 0.603125 0.9375 0.0203125 0.0125
25 0.26953125 0.02421875 0.0140625 0.0140625
25 0.28359375 0.0484375 0.0125 0.0125
25 0.303125 0.10546875 0.0203125 0.0203125
25 0.49140625 0.15234375 0.0125 0.0140625
25 0.50703125 0.15234375 0.0125 0.0140625
25 0.26953125 0.33515625 0.0140625 0.0140625
25 0.4984375 0.33515625 0.0125 0.0140625
25 0.1625 0.3640625 0.0125 0.0140625
25 0.42421875 0.3640625 0.0125 0.0140625
25 0.27734375 0.390625 0.0125 0.0140625
25 0.33046875 0.3890625 0.0125 0.0140625
25 0.58984375 0.41328125 0.0125 0.0140625
25 0.15859375 0.4375 0.0140625 0.0140625
25 0.26953125 0.6265625 0.0140625 0.0125
25 0.4984375 0.6265625 0.0125 0.0125
25 0.3328125 0.68515625 0.0140625 0.0140625
25 0.56015625 0.68515625 0.0125 0.0140625
25 0.45703125 0.7140625 0.0140625 0.0140625
25 0.26953125 0.85 0.0140625 0.0140625
25 0.4984375 0.85 0.0125 0.0125
25 0.33203125 0.91015625 0.0140625 0.0125
25 0.5609375 0.91015625 0.0125 0.0140625
16 0.30625 0.02421875 0.0140625 0.0140625
16 0.31875 0.0484375 0.0125 0.0140625
16 0.3078125 0.33515625 0.0140625 0.0140625
16 0.53359375 0.33515625 0.0125 0.0140625
16 0.2171875 0.3640625 0.0140625 0.0140625
16 0.46015625 0.3640625 0.0140625 0.0140625
16 0.6234375 0.390625 0.0125 0.0140625
16 0.57421875 0.4859375 0.0125 0.0140625
16 0.30625 0.6265625 0.0140625 0.0140625
16 0.53359375 0.6265625 0.0125 0.0140625
16 0.3703125 0.68515625 0.0140625 0.0171875
16 0.59765625 0.6859375 0.0125 0.0140625
16 0.3078125 0.85 0.0140625 0.0140625
16 0.53515625 0.85078125 0.0125 0.0140625
16 0.3703125 0.91015625 0.0140625 0.0140625
16 0.59765625 0.91015625 0.0125 0.0140625
23 0.3234375 0.02265625 0.0140625 0.0125
23 0.334375 0.046875 0.0125 0.0125
23 0.5015625 0.103125 0.0203125 0.0171875
23 0.32421875 0.3328125 0.0140625 0.0125
23 0.54921875 0.334375 0.0125 0.0125
23 0.203125 0.36328125 0.0125 0.009375
23 0.47578125 0.36328125 0.0125 0.0125
23 0.41796875 0.38828125 0.0125 0.009375
23 0.49140625 0.38828125 0.0125 0.0125
23 0.634375 0.4125 0.0125 0.0125
23 0.671875 0.4125 0.0125 0.009375
23 0.790625 0.4125 0.0125 0.0125
23 0.85234375 0.4125 0.0125 0.009375
23 0.2171875 0.4359375 0.0125 0.0125
23 0.32578125 0.484375 0.0125 0.0125
23 0.4046875 0.484375 0.0125 0.0125
23 0.5953125 0.484375 0.0125 0.0125
23 0.6109375 0.484375 0.0125 0.0125
23 0.68046875 0.484375 0.0125 0.0125
23 0.3265625 0.53359375 0.0125 0.0125
23 0.3234375 0.6234375 0.0140625 0.009375
23 0.55078125 0.625 0.0125 0.009375
23 0.38671875 0.68359375 0.0140625 0.0125
23 0.61328125 0.68359375 0.0125 0.009375
23 0.3390625 0.7125 0.0125 0.009375
23 0.52421875 0.7125 0.0125 0.009375
23 0.3234375 0.8484375 0.0125 0.0125
23 0.54921875 0.8484375 0.0125 0.009375
23 0.38671875 0.90859375 0.0140625 0.0125
23 0.61328125 0.90859375 0.0125 0.009375
10 0.1546875 0.0453125 0.0140625 0.0125
12 0.2296875 0.04453125 0.0140625 0.0140625
12 0.0359375 0.10078125 0.0234375 0.025
21 0.053125 0.10078125 0.0046875 0.021875
21 0.1734375 0.3609375 0.0046875 0.0140625
21 0.50234375 0.3859375 0.003125 0.0140625
21 0.7765625 0.3859375 0.0046875 0.0140625
21 0.78359375 0.3859375 0.0046875 0.0140625
21 0.46171875 0.41015625 0.0046875 0.0140625
21 0.2640625 0.43359375 0.0015625 0.0140625
21 0.3140625 0.43515625 0.0015625 0.0140625
21 0.1671875 0.71015625 0.0046875 0.0125
21 0.54921875 0.71015625 0.003125 0.0140625
21 0.6359375 0.71015625 0.0046875 0.0125
21 0.6421875 0.71015625 0.003125 0.0125
21 0.78828125 0.71015625 0.0046875 0.0140625
21 0.1671875 0.93515625 0.0046875 0.0140625
21 0.63828125 0.93515625 0.0046875 0.0140625
21 0.6515625 0.93515625 0.003125 0.0140625
20 0.0984375 0.10078125 0.0203125 0.021875
20 0.28359375 0.2140625 0.009375 0.0140625
20 0.49296875 0.4828125 0.0125 0.0140625
20 0.196875 0.71171875 0.0125 0.0140625
20 0.1984375 0.93515625 0.009375 0.0140625
17 0.12890625 0.10078125 0.0171875 0.021875
17 0.4171875 0.10078125 0.0203125 0.021875
17 0.61796875 0.10078125 0.0203125 0.021875
17 0.71484375 0.3859375 0.0125 0.0140625
17 0.35546875 0.41015625 0.0125 0.0140625
17 0.60546875 0.41015625 0.0125 0.0140625
17 0.1546875 0.53125 0.0125 0.0140625
17 0.2203125 0.71171875 0.0125 0.0125
17 0.16953125 0.740625 0.0125 0.0125
17 0.2359375 0.740625 0.0125 0.0140625
17 0.2859375 0.740625 0.0125 0.0140625
17 0.2203125 0.93515625 0.0125 0.0140625
17 0.16953125 0.96484375 0.0125 0.0140625
17 0.2859375 0.9640625 0.0125 0.0140625
27 0.16796875 0.103125 0.0125 0.0171875
27 0.35546875 0.103125 0.0125 0.0171875
27 0.46484375 0.103125 0.0125 0.0171875
27 0.85078125 0.103125 0.0125 0.0171875
27 0.39453125 0.1515625 0.009375 0.0125
27 0.1828125 0.38828125 0.00625 0.0125
27 0.25703125 0.38828125 0.009375 0.009375
27 0.28984375 0.38828125 0.0078125 0.0125
27 0.6046875 0.38828125 0.0078125 0.009375
27 0.88828125 0.38828125 0.009375 0.009375
27 0.24765625 0.4125 0.0078125 0.0125
27 0.3890625 0.4125 0.0078125 0.0125
27 0.52265625 0.4125 0.0078125 0.009375
27 0.75234375 0.4125 0.009375 0.0125
27 0.18515625 0.4359375 0.0078125 0.0125
27 0.51953125 0.484375 0.0078125 0.0125
27 0.63671875 0.484375 0.0078125 0.0125
27 0.75234375 0.484375 0.0078125 0.0125
27 0.79921875 0.484375 0.0078125 0.0125
27 0.24609375 0.7125 0.0078125 0.0125
27 0.4828125 0.7125 0.0078125 0.0125
27 0.29921875 0.74140625 0.009375 0.0125
27 0.24609375 0.9375 0.0078125 0.009375
27 0.56640625 0.9375 0.0078125 0.009375
27 0.2984375 0.96640625 0.0078125 0.009375
27 0.3796875 0.9375 0.009375 0.0125
24 0.228125 0.1046875 0.021875 0.0171875
24 0.5359375 0.103125 0.021875 0.0171875
24 0.7546875 0.103125 0.021875 0.0171875
24 0.83203125 0.103125 0.021875 0.0171875
24 0.08984375 0.21484375 0.0140625 0.009375
24 0.25 0.36171875 0.0125 0.009375
24 0.1703125 0.38828125 0.0140625 0.0125
24 0.2296875 0.38828125 0.0140625 0.0125
24 0.3015625 0.38828125 0.0125 0.0125
24 0.45703125 0.38828125 0.0125 0.009375
24 0.51171875 0.38828125 0.0125 0.0125
24 0.5765625 0.38828125 0.0125 0.0125
24 0.80078125 0.38828125 0.0125 0.009375
24 0.8609375 0.38828125 0.0140625 0.0125
24 0.18125 0.4125 0.0140625 0.0125
24 0.2359375 0.4125 0.0140625 0.009375
24 0.6203125 0.4125 0.0125 0.009375
24 0.240625 0.484375 0.0140625 0.0125
24 0.21640625 0.5328125 0.0140625 0.0125
24 0.25234375 0.5328125 0.0125 0.0125
24 0.30390625 0.53359375 0.0140625 0.0125
24 0.28828125 0.7125 0.0140625 0.0125
24 0.390625 0.7125 0.0140625 0.0125
24 0.509375 0.7125 0.0125 0.0125
24 0.6234375 0.7125 0.0125 0.0125
24 0.65234375 0.7125 0.0125 0.0125
24 0.18359375 0.74140625 0.0140625 0.0125
24 0.28828125 0.9375 0.0125 0.0125
24 0.4484375 0.9375 0.0140625 0.0125
24 0.50234375 0.9375 0.0125 0.0125
24 0.53828125 0.9375 0.0125 0.0125
24 0.18359375 0.96640625 0.0140625 0.0125
30 0.3375 0.103125 0.0203125 0.0171875
30 0.70078125 0.1046875 0.0203125 0.0171875
30 0.07578125 0.21484375 0.009375 0.009375
30 0.2453125 0.38828125 0.0125 0.0125
30 0.59140625 0.38828125 0.0125 0.009375
30 0.6390625 0.38828125 0.0125 0.009375
30 0.81640625 0.38828125 0.0125 0.0125
30 0.8765625 0.38828125 0.0125 0.009375
30 0.14453125 0.4125 0.0125 0.009375
30 0.6859375 0.4125 0.0125 0.009375
30 0.2671875 0.5328125 0.0125 0.009375
30 0.6984375 0.7125 0.0125 0.009375
30 0.32421875 0.9375 0.0125 0.0125
30 0.553125 0.9375 0.0125 0.009375
15 0.51796875 0.10078125 0.0125 0.021875
15 0.81484375 0.10078125 0.0125 0.025
15 0.15859375 0.3859375 0.0078125 0.0140625
15 0.2234375 0.41015625 0.009375 0.0140625
15 0.76328125 0.3859375 0.009375 0.0140625
15 0.61328125 0.71015625 0.0078125 0.0140625
32 0.57109375 0.103125 0.028125 0.0171875
32 0.3390625 0.1515625 0.0203125 0.0125
32 0.15390625 0.21484375 0.0203125 0.0125
32 0.4734375 0.38828125 0.021875 0.0125
32 0.290625 0.4125 0.0203125 0.009375
32 0.66953125 0.7125 0.0203125 0.009375
32 0.20078125 0.96640625 0.021875 0.0125
32 0.2015625 0.74140625 0.0203125 0.0125
28 0.72109375 0.103125 0.0203125 0.0171875
28 0.31640625 0.38828125 0.0125 0.0125
28 0.16015625 0.4125 0.0125 0.0125
28 0.5484375 0.4125 0.0125 0.0125
28 0.5609375 0.4125 0.0125 0.0125
28 0.28984375 0.484375 0.0125 0.0125
28 0.31015625 0.7125 0.0125 0.0125
28 0.4953125 0.7125 0.0125 0.0125
28 0.25625 0.74140625 0.0125 0.0125
28 0.31015625 0.9375 0.0125 0.0125
28 0.3546875 0.9375 0.0140625 0.0125
28 0.6671875 0.9375 0.0125 0.0125
28 0.25625 0.96640625 0.0125 0.0125
9 0.0296875 0.15 0.0140625 0.0171875
3 0.05390625 0.15 0.0125 0.0140625
7 0.06875 0.14921875 0.0140625 0.0140625
10 0.09140625 0.14921875 0.0171875 0.0140625
22 0.11171875 0.15 0.021875 0.0140625
22 0.1546875 0.14921875 0.0203125 0.0140625
34 0.1859375 0.15234375 0.0125 0.0140625
34 0.21484375 0.390625 0.0140625 0.0171875
34 0.5640625 0.3890625 0.0125 0.0140625
34 0.74375 0.390625 0.0125 0.0140625
34 0.84765625 0.3890625 0.0125 0.0171875
34 0.23828125 0.53359375 0.0125 0.0140625
34 0.52421875 0.9390625 0.0125 0.0140625
6 0.21015625 0.14921875 0.0140625 0.0140625
2 0.2390625 0.14921875 0.0125 0.0140625
2 0.271875 0.14921875 0.0140625 0.0140625
2 0.6734375 0.33203125 0.0125 0.0140625
2 0.7046875 0.33203125 0.0125 0.0140625
2 0.6734375 0.62265625 0.0125 0.0140625
2 0.7046875 0.6234375 0.0125 0.0140625
2 0.73671875 0.68125 0.0125 0.0140625
2 0.76796875 0.68125 0.0125 0.0140625
2 0.6734375 0.84609375 0.0140625 0.0171875
2 0.7046875 0.84765625 0.0125 0.0140625
2 0.73671875 0.90625 0.0140625 0.0140625
2 0.76796875 0.90625 0.0125 0.0140625
0 0.2546875 0.14921875 0.0140625 0.0140625
0 0.2875 0.14921875 0.0140625 0.0140625
0 0.6875 0.33203125 0.0140625 0.0140625
0 0.71875 0.33203125 0.0140625 0.0140625
0 0.6890625 0.62265625 0.0125 0.0140625
0 0.7203125 0.62265625 0.0125 0.0140625
0 0.75234375 0.68125 0.0125 0.0140625
0 0.78359375 0.68125 0.0140625 0.0140625
0 0.6890625 0.84765625 0.0140625 0.0140625
0 0.71875 0.84765625 0.0140625 0.0140625
0 0.7515625 0.90625 0.0140625 0.0140625
0 0.78359375 0.90625 0.0140625 0.0140625
29 0.32421875 0.14921875 0.0140625 0.0140625
32 0.41796875 0.14921875 0.025 0.0140625
11 0.45078125 0.14921875 0.0125 0.0140625
10 0.47578125 0.15 0.0171875 0.0140625
1 0.03515625 0.2140625 0.009375 0.0140625
26 0.05859375 0.2140625 0.0171875 0.0171875
29 0.13671875 0.2140625 0.0140625 0.0140625
1 0.240625 0.2140625 0.009375 0.0171875
21 0.26171875 0.2140625 0.0125 0.0140625
10 0.13203125 0.33203125 0.0203125 0.0140625
12 0.2140625 0.33203125 0.0171875 0.0140625
10 0.37109375 0.33203125 0.0140625 0.0140625
12 0.44453125 0.33203125 0.0171875 0.0140625
22 0.5890625 0.33203125 0.0203125 0.0140625
34 0.6203125 0.33515625 0.0125 0.0140625
6 0.64296875 0.33203125 0.0140625 0.0140625
27 0.13203125 0.3609375 0.0140625 0.0140625
34 0.1828125 0.3640625 0.0125 0.0125
10 0.296875 0.3609375 0.0171875 0.0140625
12 0.37109375 0.3609375 0.0171875 0.0140625
11 0.13125 0.38671875 0.0140625 0.0140625
13 0.44140625 0.3859375 0.0140625 0.0140625
13 0.540625 0.38671875 0.0125 0.0140625
13 0.6609375 0.3859375 0.0140625 0.0171875
17 0.32421875 0.41015625 0.0140625 0.0140625
13 0.49375 0.41015625 0.0140625 0.0140625
13 0.509375 0.41015625 0.0125 0.0140625
11 0.7234375 0.41015625 0.0125 0.0140625
11 0.9265625 0.41015625 0.0125 0.0140625
11 0.47109375 0.4828125 0.0140625 0.0140625
11 0.54453125 0.48203125 0.0125 0.0140625
11 0.33984375 0.93515625 0.0140625 0.0171875
11 0.39921875 0.9359375 0.0140625 0.0140625
13 0.80546875 0.41015625 0.0125 0.0140625
13 0.86640625 0.41015625 0.0125 0.0140625
13 0.36171875 0.48203125 0.0125 0.0140625
13 0.4484375 0.4828125 0.0140625 0.0171875
13 0.69453125 0.4828125 0.0125 0.0140625
13 0.7703125 0.4828125 0.0125 0.0140625
13 0.20078125 0.53125 0.0140625 0.0171875
13 0.28828125 0.5296875 0.0140625 0.0171875
20 0.946875 0.41015625 0.0125 0.0140625
33 0.14453125 0.4359375 0.0125 0.0125
33 0.3546875 0.5328125 0.0125 0.0125
11 0.13203125 0.4828125 0.0140625 0.0140625
18 0.14453125 0.4828125 0.0046875 0.0140625
23 0.1546875 0.4828125 0.0140625 0.0140625
16 0.17578125 0.4828125 0.0171875 0.0140625
24 0.19453125 0.4828125 0.0203125 0.0171875
29 0.22734375 0.4828125 0.0140625 0.0140625
32 0.1359375 0.53125 0.025 0.0171875
1 0.18046875 0.56875 0.00625 0.0125
1 0.634375 0.56875 0.0078125 0.0125
1 0.634375 0.7921875 0.0078125 0.0125
1 0.17890625 0.7921875 0.009375 0.0125
10 0.13203125 0.6234375 0.0203125 0.0140625
12 0.2125 0.62265625 0.0171875 0.0140625
12 0.44609375 0.62265625 0.0171875 0.0140625
12 0.50703125 0.68125 0.0171875 0.0125
12 0.15390625 0.71171875 0.0140625 0.0140625
12 0.275 0.68125 0.0171875 0.0140625
10 0.3703125 0.62265625 0.0140625 0.0140625
10 0.19453125 0.6828125 0.0171875 0.0140625
10 0.4328125 0.6828125 0.0203125 0.0140625
22 0.5890625 0.6234375 0.0203125 0.0125
22 0.65234375 0.6828125 0.021875 0.0140625
22 0.5890625 0.84765625 0.0203125 0.0125
22 0.65234375 0.9078125 0.0203125 0.0125
34 0.6203125 0.6265625 0.0125 0.0125
34 0.68359375 0.6859375 0.0125 0.0140625
34 0.6203125 0.85 0.0125 0.0125
34 0.68359375 0.91015625 0.0125 0.0140625
6 0.64296875 0.62265625 0.0140625 0.0140625
6 0.70703125 0.6828125 0.0140625 0.0140625
13 0.353125 0.71171875 0.0125 0.0125
13 0.59375 0.71171875 0.0125 0.0140625
29 0.37734375 0.71171875 0.0171875 0.0125
35 0.56484375 0.7125 0.0125 0.0125
25 0.7140625 0.71484375 0.0140625 0.0125
28 0.15234375 0.740625 0.0140625 0.0140625
29 0.22265625 0.740625 0.0078125 0.0125
29 0.27421875 0.74140625 0.009375 0.0125
13 0.3390625 0.740625 0.0140625 0.0140625
10 0.13203125 0.84765625 0.0171875 0.0125
12 0.2125 0.84609375 0.0171875 0.0140625
12 0.44453125 0.84765625 0.0171875 0.0125
10 0.3703125 0.84765625 0.0140625 0.0125
6 0.64296875 0.84765625 0.0140625 0.0140625
6 0.70703125 0.90625 0.0125 0.0140625
10 0.19609375 0.90625 0.0171875 0.0140625
10 0.43359375 0.90625 0.0140625 0.0125
29 0.4359375 0.93515625 0.0140625 0.0140625
12 0.50859375 0.90625 0.0171875 0.0140625
12 0.1546875 0.93515625 0.0171875 0.0140625
12 0.2765625 0.90625 0.0171875 0.0140625
28 0.15390625 0.96484375 0.0140625 0.0140625
17 0.2359375 0.9640625 0.0125 0.0140625
13 0.3390625 0.9640625 0.0140625 0.0140625