2 0.5189632294795219 0.2758418147676317 0.022511497492717504 0.022129538669636163
2 0.5416960358268703 0.2518957847708133 0.02568196159934022 0.023728401336727246
2 0.28800743151195063 0.06853620273708767 0.02568196159934022 0.023728401336727156
2 0.30759250580598774 0.043772560073178465 0.022511497492717504 0.022129538669636163
0 0.5295597486798518 0.2642503341024499 0.022511497492717504 0.022129538669636163
0 0.5515113050272002 0.24029521343885882 0.022511497492717504 0.022129538669636163
0 0.29858121865896925 0.05616347207190575 0.02251149749271768 0.022129538669636163
0 0.31975152500631765 0.032199260741542 0.02568196159934022 0.023728401336727066
6 0.5000912090255507 0.2982707980983136 0.022511497492717504 0.022129538669636163
1 0.3048061380967259 0.13589642540576938 0.01768760517284953 0.017387494668999894
6 0.26681439311129085 0.09171916406745143 0.02251149749271768 0.022129538669636163
6 0.26171875 0.00625 0.0234375 0.0125
0 0.81171875 0.1375 0.3765625 0.275
3 0.8078125 0.48671875 0.384375 0.1859375
4 0.8625 0.41484375 0.275 0.3296875
5 0.9484375 0.37265625 0.103125 0.4140625
8 0.7203125 0.28515625 0.221875 0.4484375
9 0.7921875 0.2 0.365625 0.4
0 0.3046875 0.78984375 0.609375 0.4203125
6 0.8046875 0.78984375 0.390625 0.4203125