12 0.5054688162342196 0.36968738523456574 0.01940476442797028 0.019732645861557076
12 0.4882292417321155 0.4363359746736877 0.021021828130301047 0.02137703301668683
12 0.46165681804831815 0.4150308627333287 0.021021828130301047 0.021377033016686652
12 0.36640625 0.4734375 0.0203125 0.0125
29 0.4876959513586116 0.017630240277519915 0.025873019237293703 0.02631019448207601
29 0.495739152169069 0.3600224581653443 0.01622520072563951 0.018006371551297563
29 0.4784722958157996 0.4258897976044662 0.01622520072563951 0.018006371551297563
29 0.19563248084752427 0.19338599332973763 0.01622520072563951 0.018006371551297563
29 0.0869171905588384 0.10594462630099591 0.016225200725639422 0.018006371551297563
29 0.48619551577873266 0.46774974898394717 0.01622520072563951 0.018006371551297563
29 0.07200151868913954 0.12707599785229345 0.016225200725639422 0.018006371551297563
29 0.1684747585223385 0.3122112364323327 0.016225200725639422 0.018006371551297563
18 0.49807045616793494 0.023347973769176543 0.022693455534962936 0.024583920171816497
18 0.4892708973597456 0.3541000067858633 0.016170637023308565 0.016443871551297562
18 0.38777783002921773 0.27175889755903765 0.016170637023308565 0.016443871551297562
18 0.43199411069925675 0.3500576379480993 0.01622520072563951 0.018006371551297563
18 0.2407192915546303 0.22937440298610462 0.016170637023308565 0.016443871551297562
18 0.13760916052177152 0.14555268091440876 0.016170637023308565 0.016443871551297562
18 0.4531275554344464 0.4397409356641071 0.016170637023308565 0.016443871551297562
18 0.3910615758528665 0.38820609113660254 0.016170637023308565 0.016443871551297562
18 0.31510920026230327 0.4321032553155252 0.016170637023308565 0.016443871551297562
18 0.2264980788480913 0.3600445488476616 0.016170637023308565 0.016443871551297562
18 0.07660222785229945 0.23641005427472858 0.016170637023308565 0.016443871551297562
31 0.47970492440158763 0.34912257971664185 0.017733137023308566 0.016525758706427317
31 0.51484375 0.42578125 0.0078125 0.0203125
14 0.467631510336437 0.33958048338011493 0.021021828130301047 0.021377033016686652
14 0.509375 0.4171875 0.01875 0.021875
14 0.501138469499597 0.4473996274326497 0.021021828130301047 0.021377033016686652
14 0.21590034082899087 0.21345615389061576 0.01940476442797028 0.019732645861557076
14 0.1699504345683886 0.1751649378118137 0.01940476442797028 0.019732645861556986
14 0.46210325135076236 0.45022805631089347 0.021021828130301047 0.021377033016686652
14 0.4298165410064761 0.42217829941348856 0.01940476442797028 0.019732645861557076
14 0.3226364688666248 0.333873795229617 0.01940476442797028 0.019732645861557076
14 0.2219519333872623 0.2522729924252265 0.01940476442797028 0.019732645861557076
14 0.1454142260382009 0.18975638229388975 0.021021828130301134 0.02137703301668683
14 0.022926612428537264 0.08894855608375085 0.021021828130301134 0.021377033016686788
14 0.3554812291182438 0.4675560764372815 0.021021828130301047 0.02137703301668683
14 0.29344253138782933 0.4168024819097769 0.021021828130301047 0.02137703301668683
14 0.24751990697839243 0.3792925158309748 0.021021828130301047 0.021377033016686652
14 0.1918949003549705 0.33289887268295126 0.021021828130301047 0.02137703301668683
14 0.11778278855940538 0.2726031818189199 0.021021828130301134 0.02137703301668683
14 0.054127027126660024 0.22036897444654507 0.021021828130301134 0.02137703301668683
10 0.44103180480147425 0.31749412143975586 0.021021828130301047 0.02137703301668683
10 0.3959177122432028 0.28072446178338895 0.01940476442797028 0.019732645861556986
10 0.3137475637871489 0.21380695669500627 0.021021828130301047 0.02137703301668683
10 0.4828497717691825 0.3943531925615121 0.01940476442797028 0.019732645861557076
10 0.4385442110620764 0.3583238393275803 0.01940476442797028 0.019732645861557076
10 0.4487748721320021 0.4047484599743666 0.01940476442797028 0.019732645861557076
10 0.3448289273968125 0.31940518148023556 0.01940476442797028 0.019732645861557076
10 0.39761167621568616 0.3964722925160835 0.01940476442797028 0.019732645861557076
10 0.36861365697839243 0.3729462613084191 0.021021828130301047 0.021377033016686652
10 0.11396332939624551 0.1632281818189199 0.021021828130301047 0.02137703301668683
10 0.06318951387981611 0.12127637720550703 0.01940476442797028 0.019732645861557076
10 0.15726444001068424 0.30497194651824094 0.01940476442797028 0.019732645861557076
10 0.10585325135076236 0.46889832768047696 0.01940476442797028 0.019732645861557076
10 0.00859375 0.471875 0.0171875 0.015625
22 0.42491573148049644 0.30425049299105333 0.025818455534962936 0.0247476944820761
22 0.46676098029937024 0.3818908141128096 0.025818455534962936 0.0247476944820761
22 0.41372774953666386 0.40971592096478593 0.02581845553496276 0.0247476944820761
22 0.17443952712666003 0.21406366350155417 0.02581845553496285 0.02474769448207601
22 0.01015625 0.07421875 0.0203125 0.0234375
22 0.10325649708959314 0.26005891621508764 0.025873019237293703 0.02631019448207601
25 0.4072917218618496 0.2926512516974807 0.021021828130301047 0.02137703301668683
25 0.44989093882955783 0.369469379241672 0.021021828130301047 0.02137703301668683
25 0.51015625 0.45859375 0.0171875 0.0203125
25 0.2720263444571879 0.2966094906162042 0.021021828130301047 0.021377033016686742
16 0.37667663892222514 0.26764460764494596 0.021021828130301047 0.02137703301668683
16 0.41849460588993337 0.3445036787667021 0.022638891832631992 0.023021420171816586
16 0.2602877470895931 0.25182925712454757 0.022638891832631992 0.023021420171816586
16 0.2339112747644073 0.3706135566495778 0.022638891832631992 0.023021420171816586
23 0.3660838793035783 0.2556768741532893 0.01778770072563951 0.01808825870642723
23 0.4071205962712865 0.33257688885261044 0.01940476442797028 0.019732645861557076
23 0.4367014580668515 0.3952063636378398 0.016170637023308388 0.016443871551297562
23 0.3746354784852716 0.3436715191103351 0.01940476442797028 0.019732645861557076
23 0.2348338793035783 0.26255539518418847 0.01940476442797028 0.019732645861556986
23 0.20341026451278826 0.23680844470921864 0.01940476442797028 0.019732645861556986
23 0.10186263347992952 0.15290483548239303 0.021021828130301047 0.021377033016686742
23 0.04947175426116925 0.10947241802410994 0.01940476442797028 0.01973264586155703
23 0.2168775421876025 0.35350462177844016 0.01940476442797028 0.019732645861557076
23 0.20318706442012102 0.34248191259704297 0.01940476442797028 0.019732645861557076
23 0.14516374409436822 0.2946486001817141 0.01778770072563942 0.01808825870642732
21 0.3680580962712865 0.3346240677308542 0.016170637023308565 0.016443871551297562
21 0.13273068756361353 0.14032959237979795 0.016170637023308565 0.016443871551297562
21 0.12709824645662096 0.1359286974227521 0.016170637023308565 0.016443871551297562
21 0.3854291347458739 0.38380519617955666 0.016170637023308565 0.016443871551297562
20 0.3054613817506489 0.42478207824630376 0.021021828130301047 0.021377033016686652
17 0.471875 0.01015625 0.034375 0.0203125
17 0.18431303493120832 0.18302170341564591 0.021021828130301134 0.021377033016686742
17 0.4756846017135821 0.4581257654922906 0.021021828130301047 0.021377033016686652
17 0.2613517392850449 0.28229800712454756 0.021021828130301047 0.02137703301668683
27 0.2779390385594054 0.26420974841812034 0.012936509618646851 0.01315509724103805
27 0.03377234319124356 0.06333440242027773 0.012936509618646851 0.01315509724103805
27 0.44595989617861925 0.436203177862191 0.016170637023308565 0.016443871551297562
27 0.33072178737827906 0.3412768594539683 0.016170637023308565 0.016443871551297562
27 0.13571184382421575 0.1808727052246682 0.016170637023308565 0.016443871551297562
27 0.2829588991738442 0.4079597484181203 0.016170637023308388 0.016443871551297562
27 0.18063001814098537 0.32409708276885957 0.016170637023308565 0.016443871551297562
27 0.08312504636395372 0.24389500565420957 0.016170637023308565 0.016443871551297562
27 0.042807581210344024 0.21000468453245338 0.016170637023308565 0.016443871551297562
24 0.4044420295737307 0.3679378567404347 0.017733137023308566 0.01652575870642714
24 0.3569023414619631 0.3289472778167625 0.021021828130301047 0.021377033016686652
24 0.30130461668970654 0.2833348846687389 0.01940476442797028 0.019732645861556986
24 0.10952880054030496 0.12589195612917942 0.017733137023308566 0.016525758706427317
24 0.05794645317271012 0.08319984509333142 0.022584328130301135 0.021458920171816498
24 0.2477158252198942 0.2728377979431505 0.021021828130301047 0.02137703301668683
30 0.2884226707733905 0.27305248190977693 0.016170637023308565 0.016443871551297562
30 0.2481324874709463 0.23994341078802073 0.017733137023308566 0.016525758706427317
30 0.09661957277282354 0.11482830337021736 0.01940476442797028 0.019732645861557076
30 0.0450372254052287 0.07213619233436945 0.017733137023308566 0.016525758706427272
30 0.18974706859647225 0.22656698552782153 0.01940476442797028 0.019732645861557076
15 0.14402285162876405 0.14991263229388974 0.017787700725639333 0.01808825870642732
32 0.50546875 0.0390625 0.0265625 0.0375
32 0.39072426995508386 0.35613389755903774 0.025873019237293703 0.0263101944820761
28 0.3105630548014743 0.32433169889309016 0.021021828130301047 0.021377033016686652
28 0.29927089073632357 0.3147486589789984 0.021021828130301047 0.02137703301668683
34 0.3118700944571879 0.29452136816039554 0.022638891832631812 0.023021420171816586
34 0.15712305235440346 0.1664450350528517 0.021021828130301134 0.02137703301668683
34 0.06926589908902611 0.09356413500742318 0.024255955534962848 0.024665807326946253
10 0.5125 0.3796875 0.0125 0.025
12 0.45466771886662477 0.326954330621153 0.025818455534962936 0.0247476944820761
22 0.33137157340579576 0.225406197988579 0.02749008293962447 0.027954581637205766
34 0.3025372452754945 0.20656766678091457 0.021021828130301047 0.02137703301668683
2 0.2862301989963589 0.18785528833221204 0.022638891832631992 0.023021420171816586
12 0.497266935834333 0.40377245816534424 0.024255955534962757 0.024665807326946166
13 0.41961316178771585 0.37653492876670214 0.022638891832631992 0.023021420171816586
13 0.3334276359270002 0.30669714156614386 0.022638891832631992 0.0230214201718165
13 0.23104419119181063 0.22127197591688313 0.024255955534962938 0.024665807326946253
17 0.50234375 0.47421875 0.0234375 0.0109375
13 0.35723964735974556 0.36101947139432744 0.022638891832631992 0.023021420171816586
13 0.3435491695922642 0.34999676221293025 0.022638891832631992 0.023021420171816586
11 0.16061264010335147 0.19913470432015706 0.021021828130301134 0.02137703301668683
11 0.324003050625123 0.4402466259623116 0.024255955534962938 0.024665807326946343
11 0.26112853919237755 0.38797147501237195 0.022638891832631992 0.023021420171816586
13 0.08970737386128266 0.14101898914586614 0.021021828130301134 0.02137703301668683
13 0.03734377649368783 0.0983678216875831 0.021021828130301134 0.021377033016686788
13 0.34413450135076235 0.45641053652318975 0.024255955534962938 0.024665807326946166
13 0.13219995262455594 0.28202244742275207 0.022638891832631992 0.023021420171816586
13 0.06773565934064515 0.22904793362794215 0.021021828130301134 0.02137703301668683
22 0.12109375 0.47265625 0.0234375 0.0140625
22 0.025 0.47578125 0.025 0.0078125
34 0.09302586913677721 0.46017842492151495 0.021021828130301047 0.02137703301668683
34 0.00234375 0.465625 0.0046875 0.021875
2 0.07747279100647612 0.4406438528952476 0.022638891832631992 0.023021420171816586
13 0.759375 0.23984375 0.48125 0.4796875
7 0.428125 0.7640625 0.18125 0.471875
0 0.2390625 0.709375 0.478125 0.459375
8 0.759375 0.73984375 0.48125 0.5203125