9 0.0046875 0.19140625 0.009375 0.0171875
3 0.025 0.18984375 0.0140625 0.015625
7 0.0390625 0.18828125 0.0140625 0.015625
6 0.18046875 0.17578125 0.0171875 0.015625
2 0.21015625 0.1734375 0.0140625 0.015625
2 0.24140625 0.1703125 0.015625 0.015625
2 0.65703125 0.31796875 0.0140625 0.015625
2 0.68828125 0.31484375 0.0140625 0.0171875
2 0.6828125 0.60703125 0.0140625 0.0171875
2 0.7140625 0.60546875 0.0140625 0.015625
2 0.7515625 0.6609375 0.0140625 0.0171875
2 0.7828125 0.6578125 0.0140625 0.0171875
2 0.70234375 0.83046875 0.015625 0.0171875
2 0.73359375 0.828125 0.0140625 0.0171875
2 0.77109375 0.88515625 0.015625 0.015625
2 0.8015625 0.88125 0.0140625 0.0171875
0 0.22578125 0.171875 0.015625 0.015625
0 0.25703125 0.16953125 0.015625 0.015625
0 0.671875 0.31640625 0.015625 0.015625
0 0.703125 0.31328125 0.015625 0.015625
0 0.6984375 0.60546875 0.0140625 0.015625
0 0.7296875 0.603125 0.0140625 0.0171875
0 0.7671875 0.659375 0.0140625 0.0171875
0 0.79765625 0.65703125 0.015625 0.0171875
0 0.71796875 0.82890625 0.015625 0.0171875
0 0.7484375 0.8265625 0.015625 0.0171875
0 0.7859375 0.8828125 0.015625 0.0171875
0 0.8171875 0.8796875 0.015625 0.0171875
1 0.01171875 0.2546875 0.0109375 0.015625
1 0.21640625 0.23671875 0.0125 0.0171875
6 0.628125 0.3203125 0.0140625 0.015625
1 0.18671875 0.59609375 0.009375 0.0125
1 0.640625 0.55703125 0.0109375 0.0125
1 0.66015625 0.77890625 0.009375 0.0125
1 0.20625 0.81953125 0.009375 0.0125
6 0.65234375 0.61015625 0.0140625 0.015625
6 0.72109375 0.6640625 0.0171875 0.015625
6 0.671875 0.8328125 0.0140625 0.015625
6 0.740625 0.88671875 0.015625 0.015625