2 0.3482491299402774 0.10296808209305759 0.20999586189159736 0.1777735400077587
3 0.30947365140743016 0.29483658876101726 0.21907992116215294 0.16603881455356592
4 0.26328125 0.4640625 0.2109375 0.13125
33 0.81328125 0.26484375 0.3734375 0.5296875
2 0.4296875 0.59140625 0.31875 0.1234375
3 0.421875 0.68046875 0.334375 0.3015625
4 0.39765625 0.84296875 0.3828125 0.3140625
5 0.40234375 0.9421875 0.3734375 0.115625
7 0.14375 0.58828125 0.2875 0.1171875
8 0.1375 0.6796875 0.275 0.3
9 0.1296875 0.84765625 0.259375 0.3046875
35 0.77734375 0.61953125 0.3765625 0.1796875
7 0.7609375 0.7546875 0.34375 0.24375