4 0.11640625 0.16171875 0.2328125 0.3078125
6 0.23203125 0.06171875 0.2609375 0.1234375
8 0.0578125 0.28359375 0.115625 0.2984375
14 1 0 0.7945253734375 0 0.51558440625 0.221247571875 0.4890625 0.2255768796875 0.4890625 0.390835821875 0.62407595 0.56875 0.8689559390625 0.56875 0.8999443265625 0.537810728125 0.8606928484375 0.486087034375 0.7718564625 0.5151209890625 0.6890639671875001 0.5082898171875 0.5791077734375 0.3780047046875 0.5871662953125 0.3301845375 0.8017193046875001 0.1600075546875 0.9587252124999999 0.3669023265625 1 0.3341644078125 1 0.2357047875 0.8847720828125001 0.0941325921875 1 0.0027372796875 1 0
8 0.24453125 0.784375 0.4890625 0.43125
4 0.53203125 0.58515625 0.0859375 0.0328125
1 0.6104043831697237 0.646658846806789 0.10585620181924557 0.09632585475263547
1 0.6960807098865255 0.7492161610275143 0.1091267510334573 0.09957818874502422
0 0.7924227088530682 0.840422139772976 0.11915672249741008 0.11402269072219048
8 0.8879470705160578 0.9324412020165351 0.11254284946188058 0.10595552273741297
2 0.95546875 0.98203125 0.0890625 0.0359375