4 0.346875 0.0578125 0.184375 0.115625
8 0.49921875 0.06953125 0.1203125 0.1390625
1 0.47890625 0.38828125 0.0796875 0.2109375
1 0.60859375 0.4953125 0.1390625 0.046875
1 0.6072104527773566 0.25118166785845075 0.1527351563212708 0.21393443849054988
1 0.7641604104264873 0.11811459209499722 0.15742265632127078 0.2143170757634536
1 0.9296875 0.04375 0.140625 0.0875
1 0.7640625 0.4328125 0.159375 0.171875
1 0.923797989078102 0.3284148790586401 0.1511544756031114 0.21068189273291543
2 0.5171875 0.3328125 0.15625 0.228125
3 0.6645007780111258 0.20199499770479026 0.16837833703942984 0.2183348960668953
4 0.8328125 0.09140625 0.1875 0.1828125
7 0.66953125 0.46640625 0.1703125 0.1046875
8 0.82734375 0.40234375 0.1890625 0.2328125
9 0.94375 0.28046875 0.1125 0.2328125
15 0.21953125 0.759375 0.4390625 0.48125
25 1 0.51875 0.6524201421875 0.51875 0.7498508046875 1 0.869515565625 1 0.8168346062499999 0.7669254625 1 0.67445306875 1 0.51875