0 0.04296875 0.3109375 0.0859375 0.3375
6 0.46015625 0.1671875 0.0796875 0.334375
7 0.3828125 0.196875 0.234375 0.39375
8 0.2767988624906602 0.23459309222767963 0.316940931174743 0.4386088515287952
9 0.1390625 0.2796875 0.278125 0.4
1 0.71953125 0.3859375 0.2171875 0.1875
9 0.55625 0.321875 0.1125 0.315625
0 0.8578125 0.22578125 0.284375 0.4515625
1 0.3953125 0.5234375 0.209375 0.0875
1 0.40546875 0.6875 0.1890625 0.159375
4 0.38125 0.878125 0.2375 0.1875
10 0.69765625 0.6359375 0.3953125 0.3125
35 0.78359375 0.88828125 0.4328125 0.2234375
28 0.9125 0.7765625 0.175 0.340625