3 0.31875 0.090625 0.1625 0.18125
4 0.24609375 0.0546875 0.2953125 0.109375
7 0.31875 0.321875 0.1625 0.234375
8 0.24140625 0.3 0.2921875 0.278125
9 0.11875 0.2765625 0.2375 0.325
1 0.7 0.21953125 0.6 0.4390625
11 0.4 0.5616140406250001 0.2840361421875 0.5170615796875 0.07524420312499999 0.45434347343750003 0.0158097078125 0.45905266562499997 0 0.47109705 0 0.7565942999999999 0.02625738125 0.7783585109375 0 0.794632846875 0 1 0.36755555625 1 0.367607109375 0.7698408734375001 0.3855218734375 0.6263685546875 0.4 0.6293387171875 0.4 0.5616140406250001
22 0.89375 0.74609375 0.2125 0.4453125
29 0.65234375 0.7765625 0.5046875 0.446875
20 0.60078125 0.896875 0.4015625 0.20625
17 0.784375 0.878125 0.43125 0.24375