1 0.48046875 0.07265625 0.3671875 0.1453125
1 0.11015625 0.59296875 0.2203125 0.3234375
7 0.55703125 0.484375 0.3234375 0.3125
7 0.5001489491631194 0.19921875 0.35654193325224204 0.31875
9 0.16484375 0.6875 0.3296875 0.184375
0 0.2796875 0.584375 0.446875 0.390625
10 0.90234375 0.2765625 0.1953125 0.434375
13 0.7859375 0.5375 0.134375 0.484375
35 0.8390625 0.13515625 0.240625 0.2703125
28 0.884375 0.0515625 0.23125 0.103125
29 0.359375 0.88984375 0.71875 0.2203125
3 0.859375 0.88984375 0.28125 0.2203125