1 0.0234375 0.38203125 0.0109375 0.0125
2 0.0453125 0.378125 0.015625 0.0125
8 0.06015625 0.37421875 0.0140625 0.0125
1 0.184375 0.35234375 0.009375 0.0109375
5 0.1984375 0.35078125 0.0171875 0.0140625
2 0.22578125 0.3453125 0.0140625 0.0109375
2 0.25625 0.340625 0.0140625 0.0109375
0 0.240625 0.34296875 0.015625 0.0109375
1 0.2671875 0.33828125 0.0109375 0.0109375
2 0.040625 0.42265625 0.0171875 0.0140625
1 0.196875 0.39453125 0.0140625 0.0125
1 0.39296875 0.36015625 0.0125 0.0109375
4 0.409375 0.35703125 0.0171875 0.0140625
1 0.365625 0.44375 0.009375 0.0125
5 0.3796875 0.44140625 0.015625 0.0125
1 0.20859375 0.5984375 0.009375 0.009375
2 0.6390625 0.5234375 0.0140625 0.0109375
1 0.17109375 0.66015625 0.0109375 0.0109375
1 0.39375 0.6015625 0.009375 0.0109375
5 0.40703125 0.59921875 0.015625 0.0125
1 0.228125 0.70859375 0.0109375 0.009375
2 0.6578125 0.63203125 0.0140625 0.0109375
1 0.4125 0.71015625 0.009375 0.0109375
5 0.4265625 0.7078125 0.015625 0.0125
2 0.19140625 0.76953125 0.015625 0.0125
1 0.2421875 0.76015625 0.0109375 0.0109375
1 0.2609375 0.75703125 0.0109375 0.0109375
1 0.25 0.8328125 0.0078125 0.009375
3 0.68046875 0.75703125 0.0125 0.0109375
1 0.434375 0.83515625 0.009375 0.0109375
5 0.4484375 0.8328125 0.0140625 0.0109375
3 0.2140625 0.89375 0.0140625 0.0109375
1 0.2671875 0.9265625 0.0078125 0.0109375
2 0.696875 0.85078125 0.0140625 0.0109375
1 0.4515625 0.92890625 0.009375 0.0109375
5 0.465625 0.92734375 0.015625 0.0125
4 0.23125 0.98828125 0.015625 0.0109375
2 0.71328125 0.9453125 0.0125 0.0109375