1 0.2875 0.00546875 0.021875 0.0109375
1 0.49472153713282074 0.07858858321908543 0.018590503333979845 0.01808825870642732
4 0.5123554472845416 0.08495809192551276 0.025223140606883375 0.02310330732694634
1 0.4328909589534712 0.1406924355485061 0.015337957576345396 0.016361984396167806
5 0.4472723233475575 0.1453356699446739 0.021843049091614476 0.01981453301668683
1 0.21253040365293902 0.19526599163225705 0.013520366061076317 0.01315509724103805
1 0.1493765704726196 0.23162953753924248 0.01859050333397989 0.018088258706427142
1 0.3930307177474629 0.30040827227409456 0.015337957576345396 0.016361984396167806
5 0.4066946050203665 0.3057918130926975 0.021843049091614476 0.019814533016686654
1 0.18512249396026004 0.30740414348670786 0.016772911818710767 0.014881371551297562
1 0.36621273941833216 0.4102436177061103 0.015337957576345396 0.016361984396167806
5 0.38065787669123574 0.41566810210227806 0.021843049091614476 0.019814533016686654
2 0.12340361502230617 0.34228707654882307 0.02184304909161443 0.019814533016686654
1 0.17715036835628606 0.3622177962456698 0.018590503333979845 0.01808825870642732
1 0.1971918013868242 0.3694913856847917 0.018590503333979845 0.018088258706427142
1 0.15417499608629195 0.4333591338757694 0.013520366061076271 0.01315509724103805
3 0.09330114002715532 0.4690642605154496 0.02184304909161443 0.01981453301668683
1 0.1296875 0.525 0.015625 0.009375
31 0.76953125 0.26484375 0.4609375 0.5296875
22 0.26953125 0.76484375 0.5390625 0.4703125
15 0.76953125 0.76484375 0.4609375 0.4703125