17 0.0078125 0.503125 0.015625 0.025
17 0.022701510626991262 0.4340067516155207 0.0263101944820761 0.025581881458888844
17 0.21953125 0.578125 0.0265625 0.021875
17 0.13520483265325858 0.4165263512549302 0.0263101944820761 0.025581881458888844
17 0.1696550757558537 0.44701263184013856 0.0263101944820761 0.025581881458888844
17 0.2607547885552954 0.5285879805296176 0.0263101944820761 0.025581881458888844
17 0.2533705772261916 0.2682862601648954 0.016443871551297562 0.015988675911805573
17 0.27594494007106185 0.2661964300927774 0.016443871551297562 0.015988675911805573
17 0.3634648722286661 0.1749882422131245 0.016443871551297562 0.015988675911805573
17 0.2568762782669884 0.036672584253089856 0.016443871551297562 0.015988675911805573
27 0.24003617480591402 0.5063863254193747 0.016443871551297562 0.015988675911805573
27 0.05151482813070283 0.2972327970183678 0.011510710085908293 0.011192073138263935
27 0.1001017350735363 0.17955368132704833 0.01315509724103805 0.012790940729444422
27 0.13090467774659 0.15537064570784692 0.01315509724103805 0.012790940729444422
27 0.23844826209732925 0.25220731848552036 0.011510710085908293 0.011192073138263935
27 0.31729695838842764 0.32389917410885366 0.011510710085908293 0.011192073138263935
27 0.3354284034363305 0.14748149126319401 0.011510710085908116 0.011192073138263935
27 0.22184618102595036 0.024972671259062107 0.011510710085908293 0.011192073138263935
27 0.2907876108087053 0.08672648242947875 0.011510710085908293 0.011192073138263935
27 0.3096980630926975 0.10427700513090228 0.011510710085908293 0.011192073138263935
27 0.40244216304726893 0.1873784862292009 0.011510710085908293 0.011192073138263935
27 0.3658827860689045 0.027095602870450895 0.011510710085908293 0.011192073138263935
27 0.4078125 0.02578125 0.003125 0.0109375
14 0.020010279848868072 0.5169829057758332 0.024665807326946253 0.02398301386770818
14 0.00625 0.46640625 0.0125 0.0234375
14 0.0693208830827999 0.47281402526687477 0.024665807326946253 0.023983013867708357
14 0.13579573213286017 0.5322786378240622 0.024665807326946166 0.023983013867708534
14 0.09477458446228093 0.46596396001239554 0.024665807326946343 0.023983013867708357
14 0.1390911504956544 0.5056070350505205 0.024665807326946343 0.023983013867708357
14 0.2359375 0.58515625 0.025 0.0078125
14 0.18671642299689156 0.45913077213274267 0.024665807326946166 0.023983013867708357
14 0.04086725519992429 0.2880941863610415 0.014799484396167805 0.014389808320624909
14 0.0835394340781681 0.32621112899034693 0.016443871551297562 0.015988675911805573
14 0.00390625 0.1921875 0.0078125 0.015625
14 0.04092148688255861 0.22942770117868036 0.014799484396167805 0.014389808320624909
14 0.052391253390902025 0.23932937804041643 0.014799484396167805 0.014389808320625086
14 0.14842412765573298 0.3254831239563538 0.014799484396167805 0.014389808320624909
14 0.30899313545764906 0.31470601206475646 0.014799484396167805 0.014389808320624909
14 0.343484322137809 0.3459735426499648 0.014799484396167805 0.014389808320624909
14 0.060035577792018555 0.07176001833302056 0.014799484396167805 0.014389808320624997
14 0.10020023236000286 0.10680651234909692 0.014799484396167805 0.014389808320624997
14 0.12153632179912473 0.1258649836637497 0.014799484396167805 0.014389808320624909
14 0.1766232914959714 0.17699041935920104 0.014799484396167628 0.014389808320625086
14 0.22579113183960448 0.21964939162378433 0.014799484396167805 0.014389808320624909
14 0.28737376300184037 0.2753168569545135 0.014799484396167628 0.014389808320624909
14 0.38751760515449585 0.3652859338924994 0.014799484396167628 0.014389808320624909
14 0.01015625 0.00625 0.0140625 0.0125
14 0.04482997964646938 0.03535039285805532 0.014799484396167805 0.014389808320624997
14 0.06966952736247727 0.016781577603576105 0.016443871551297562 0.015988675911805573
14 0.3256030240831169 0.13910594681027727 0.016443871551297562 0.015988675911805573
14 0.39614789744343676 0.20160464038951337 0.014799484396167628 0.014389808320625086
14 0.3187012488683463 0.11188948337940925 0.014799484396167628 0.014389808320624997
14 0.3507258548158115 0.14086781535138843 0.014799484396167628 0.014389808320624909
14 0.40703125 0.19453125 0.0046875 0.0140625
14 0.21796875 0.00390625 0.0140625 0.0078125
14 0.22970294662978255 0.010710149507569034 0.016443871551297562 0.015988675911805573
14 0.26904540762020196 0.04499357731923568 0.016443871551297562 0.015988675911805573
14 0.3983234718445533 0.034162567251249464 0.014799484396167805 0.014389808320624997
14 0.4078125 0.04765625 0.003125 0.0140625
14 0.403125 0.01796875 0.0125 0.0140625
10 0.13125 0.58125 0.025 0.015625
10 0.0398038014455941 0.4469061419081248 0.024665807326946343 0.023983013867708357
10 0.0914791660994867 0.49263556278593723 0.024665807326946343 0.023983013867708357
10 0.07345842718076315 0.3577338859242012 0.021377033016686742 0.020785278685347207
10 0.225277633987311 0.49343238373999965 0.024665807326946166 0.023983013867708357
10 0.3114441853213636 0.5704293352030202 0.024665807326946166 0.023983013867708534
10 0.05167420115233838 0.1360952752668748 0.016443871551297562 0.015988675911805573
10 0.1117419199446739 0.16285649059760382 0.014799484396167805 0.014389808320624909
10 0.06932204658435408 0.09970318037711778 0.014799484396167805 0.014389808320624997
10 0.13994880709980367 0.16376437395635382 0.014799484396167805 0.014389808320624909
10 0.28852018317365696 0.2971918569545135 0.014799484396167805 0.014389808320624909
10 0.2294041327441157 0.2438135902370135 0.014799484396167628 0.014389808320625086
10 0.40703125 0.4078125 0.0046875 0.015625
10 0.00234375 0.01328125 0.0046875 0.0140625
10 0.028010971844553277 0.042781686361041425 0.014799484396167805 0.014389808320624997
10 0.3669627657153739 0.3462092787822565 0.014799484396167805 0.014389808320624909
10 0.15955422094004207 0.015471691110694108 0.014799484396167628 0.014389808320624997
10 0.18932360809517182 0.016343206878263496 0.014799484396167628 0.014389808320625086
10 0.2828899016273082 0.10020775418097179 0.014799484396167805 0.014389808320624997
10 0.30426693464399496 0.12004747549562453 0.014799484396167805 0.014389808320624997
10 0.39417928369405536 0.1789665741851037 0.014799484396167628 0.014389808320624909
10 0.37981913330994244 0.03928647834541614 0.014799484396167628 0.014389808320624997
13 0.1507589908392875 0.5491388295034373 0.0263101944820761 0.025581881458889198
13 0.0109375 0.3015625 0.021875 0.025
13 0.03457191033373545 0.12319588497427061 0.016443871551297562 0.015988675911805573
13 0.09546182270363586 0.15072016650940948 0.016443871551297562 0.015988675911805573
13 0.05559041723114042 0.09141855490215253 0.016443871551297562 0.015988675911805573
13 0.14993796076327684 0.17526491840927055 0.018088258706427142 0.017587543502986237
13 0.0078125 0.02421875 0.015625 0.0171875
13 0.06990190072279709 0.08091681278593725 0.016443871551297562 0.015988675911805573
13 0.16511258141006319 0.16630749249746496 0.016443871551297562 0.015988675911805573
13 0.23652059192551275 0.2303505022811107 0.016443871551297562 0.015988675911805573
13 0.140625 0.00390625 0.015625 0.0078125
13 0.17109375 0.00546875 0.0171875 0.0109375
13 0.24043240671569083 0.02141126016489543 0.018088258706427142 0.017587543502986146
24 0.04299075644311974 0.5375675094993053 0.026228307326946254 0.0240193814588892
24 0.03226794040974621 0.4971425312507984 0.026228307326946344 0.024019381458888843
24 0.1866964908392875 0.5483023749062845 0.023021420171816586 0.02238414627652787
24 0.0439004019659925 0.3310447525654512 0.024665807326946343 0.023983013867708357
24 0.022979313092697497 0.1109504581125345 0.016443871551297562 0.015988675911805573
24 0.03864857869652969 0.09650609840513864 0.014799484396167805 0.014389808320624997
24 0.0838692254625979 0.13847473964767332 0.01808825870642732 0.017587543502986237
24 0.046423457145232216 0.08068107665364561 0.014799484396167805 0.014389808320625086
24 0.20149049468447472 0.218650589287083 0.016443871551297562 0.015988675911805573
24 0.3861565010160528 0.3840904852792703 0.016443871551297562 0.015988675911805573
24 0.2594601249421995 0.25015385600458284 0.014799484396167805 0.014389808320624909
24 0.3308681354576491 0.31419686578822875 0.014799484396167805 0.014389808320624909
24 0.22212946404263717 0.0453033550546524 0.014799484396167628 0.014389808320624997
24 0.37567494515944455 0.18409048527927033 0.014799484396167805 0.014389808320625086
24 0.20078125 0.00703125 0.0171875 0.0140625
24 0.28014003787792685 0.07758787177215232 0.016443871551297562 0.015988675911805573
24 0.3453688902073475 0.008800197760207861 0.014799484396167628 0.014389808320625086
24 0.40625 0.06640625 0.00625 0.0140625
24 0.3712729709400421 0.01054388250572864 0.014799484396167628 0.014389808320624997
18 0.06702472071289947 0.443925959062465 0.01315509724103805 0.012790940729444422
18 0.020394302915932184 0.2705800312507984 0.009866322930778538 0.009593205547083272
18 0.1288143125268706 0.30951328505052056 0.009866322930778538 0.009593205547083272
18 0.04275290253181936 0.1300452970183678 0.009866322930778538 0.009593205547083272
18 0.10364281490171975 0.1575695785535066 0.009866322930778538 0.009593205547083272
18 0.003125 0.0421875 0.00625 0.009375
18 0.15807800938379585 0.18133308045336777 0.009866322930778538 0.009593205547083272
18 0.13555455619529252 0.13961835913871495 0.009866322930778538 0.009593205547083272
18 0.1954928002023987 0.19375969206062466 0.009866322930778538 0.009593205547083272
18 0.4046875 0.38203125 0.009375 0.0109375
18 0.15059197874195823 0.00864046286218718 0.009866322930778538 0.009593205547083272
25 0.10703125 0.58359375 0.0265625 0.0109375
25 0.013812353006789202 0.10021297986402758 0.016443871551297562 0.015988675911805573
25 0.09097571856519293 0.16959745307854135 0.016443871551297562 0.015988675911805573
25 0.07396195895425448 0.1285366951947567 0.016443871551297562 0.015988675911805573
25 0.11039078188503301 0.1370752405976039 0.016443871551297562 0.015988675911805573
25 0.30459888455313794 0.2905599972471176 0.016443871551297562 0.015988675911805573
25 0.25872206128367514 0.05696690045749957 0.016443871551297562 0.015988675911805573
25 0.2693696342144537 0.06610551111482596 0.016443871551297562 0.015988675911805573
25 0.28462614201636977 0.058710585203020395 0.016443871551297562 0.015988675911805573
25 0.1988557383528967 0.048973868922360705 0.014799484396167628 0.014389808320625086
30 0.06589598993477637 0.526865745631597 0.024665807326946343 0.023983013867708534
30 0.17604227385597432 0.5688876318401386 0.022939533016686654 0.020821646276527873
30 0.04305827623082346 0.41945328913458313 0.024665807326946253 0.02398301386770818
30 0.08986135515449578 0.37221396001239554 0.024665807326946253 0.023983013867708357
30 0.29508220092519577 0.5567305111148257 0.024665807326946166 0.023983013867708534
30 0.0989210153766896 0.12717356373586775 0.014799484396167805 0.014389808320625086
30 0.2770094730877487 0.2865089300927773 0.014799484396167805 0.014389808320624909
30 0.396104711101961 0.39480977973218695 0.014799484396167628 0.014389808320624909
30 0.3415157083884276 0.32333547644555505 0.014799484396167805 0.014389808320625086
30 0.03336021313812596 0.025448715996319215 0.014799484396167805 0.014389808320624997
30 0.23285892412854547 0.05600446571197874 0.014799484396167628 0.014389808320625086
30 0.21280205167273678 0.01657894301055518 0.014799484396167628 0.014389808320624997
30 0.24647104477533172 0.04708340739135375 0.014799484396167628 0.014389808320624997
30 0.34085953188503304 0.1317110208984717 0.014799484396167805 0.014389808320624909
30 0.3568386567156908 0.018701874621943927 0.016443871551297562 0.015988675911805573
16 0.0078125 0.38046875 0.015625 0.0265625
16 0.017312489257407825 0.07744762709048589 0.016443871551297562 0.015988675911805573
16 0.02257984339585075 0.05855215672576364 0.01808825870642732 0.01758754350298606
16 0.12338210481581155 0.1461592998681594 0.016443871551297562 0.015988675911805573
16 0.17855096166778797 0.1988472355636107 0.01808825870642732 0.017587543502986237
16 0.3327139184743359 0.33449118199263844 0.016443871551297562 0.015988675911805573
16 0.20355096166778797 0.19826535410472185 0.016443871551297562 0.015988675911805573
16 0.05859375 0.00625 0.0171875 0.0125
16 0.3165179511523384 0.1299309685617704 0.01808825870642732 0.017587543502986237
21 0.07016408808032555 0.563529944244826 0.013236984396167805 0.0143534407294446
21 0.07592608717581432 0.5391475400845136 0.01315509724103805 0.012790940729444599
21 0.08328488579633335 0.5452338859242012 0.01315509724103805 0.012790940729444599
21 0.062070547827549484 0.34939470906246506 0.013236984396167805 0.014353440729444422
21 0.2939922551999243 0.2822026365897912 0.009866322930778538 0.009593205547083272
21 0.27492359339585076 0.05267879075010375 0.009866322930778538 0.009593205547083272
29 0.019194730323837915 0.4864959719802428 0.019732645861556986 0.019186411094166543
29 0.1728010871758144 0.536892749431319 0.016443871551297562 0.015988675911805573
29 0.20647008027840935 0.5673972138121176 0.019732645861557076 0.019186411094166543
29 0.029264691880084202 0.3204345608860762 0.019732645861557076 0.019186411094166723
29 0.15567778493725068 0.43404050636517333 0.019732645861557076 0.019186411094166543
29 0.24755874773669245 0.5155976712590621 0.01808825870642732 0.01758754350298606
29 0.024505270803756574 0.274395362272847 0.01315509724103805 0.012790940729444422
29 0.03272720657940527 0.28202602431694423 0.01315509724103805 0.012790940729444422
29 0.05991382632168048 0.24854072388010398 0.01315509724103805 0.012790940729444599
29 0.030508530076010665 0.09043793636104143 0.01315509724103805 0.012790940729444422
29 0.0015625 0.0359375 0.003125 0.0125
29 0.036598077792018555 0.07230553220072893 0.01315509724103805 0.012790940729444422
29 0.19170605890882603 0.21105629483416627 0.01315509724103805 0.012790940729444422
29 0.24506675429541316 0.2590930981207983 0.01315509724103805 0.012790940729444599
29 0.35096595149102267 0.3544036384896523 0.01315509724103805 0.012790940729444422
29 0.14052866123824667 0.14497800636517333 0.01315509724103805 0.012790940729444599
29 0.24967568916655072 0.2425595615516663 0.01315509724103805 0.012790940729444599
29 0.40067270239553376 0.377494993163055 0.01315509724103805 0.012790940729444599
29 0.07793240671569084 0.025193489647673317 0.011510710085908293 0.011192073138263935
29 0.2509881264125376 0.07357317220899265 0.01315509724103805 0.012790940729444422
29 0.29580265942922435 0.09286737965593703 0.01315509724103805 0.012790940729444422
29 0.36885505709980365 0.1584365218484023 0.01315509724103805 0.012790940729444422
28 0.10199062019250116 0.5588781586256246 0.024665807326946343 0.023983013867708534
28 0.00625 0.41171875 0.0125 0.0203125
28 0.10627865049565441 0.5063707544653122 0.02137703301668683 0.020785278685347207
28 0.1921875 0.5796875 0.025 0.01875
28 0.05863901062699126 0.43317029701836784 0.024665807326946343 0.023983013867708357
28 0.11117751243601352 0.48044403410058995 0.024665807326946343 0.023983013867708357
28 0.1259360532546164 0.49339797577996497 0.021377033016686742 0.020785278685347207
28 0.15389063489182223 0.5193422267298955 0.024665807326946343 0.023983013867708357
28 0.15829045058651142 0.33463991840927054 0.014799484396167628 0.014389808320624909
28 0.35996913726667135 0.36201611673815925 0.016443871551297562 0.015988675911805573
28 0.1502721534363305 0.15179105081808988 0.014799484396167628 0.014389808320624909
28 0.1873118080043148 0.18691028001652743 0.014799484396167805 0.014389808320624909
28 0.35635613636216024 0.3378519181249301 0.014799484396167628 0.014389808320624909
28 0.3862815745126582 0.19244784593659664 0.014799484396167805 0.014389808320624909
28 0.2357825282669884 0.03716354673402735 0.014799484396167805 0.014389808320625086
28 0.36137342774659 0.15000642600871483 0.014799484396167805 0.014389808320624909
28 0.37781729929788754 0.16526775009690925 0.014799484396167805 0.014389808320624909
28 0.37890625 0.0015625 0.0140625 0.003125
11 0.02595598541222057 0.40655389884197896 0.027954581637205766 0.027180749050069508
11 0.0942688941640764 0.3369122396476733 0.01808825870642732 0.017587543502986237
11 0.0888123530067892 0.09846733548736082 0.016443871551297562 0.015988675911805573
23 0.06021587799441726 0.5528106497919094 0.024665807326946253 0.023983013867708534
34 0.08381383027840941 0.5702520697197915 0.02631019448207601 0.025581881458889198
34 0.07918836951513261 0.10885997483003447 0.01808825870642732 0.01758754350298606
34 0.3746867345077094 0.37418880841753416 0.016443871551297562 0.015988675911805573
34 0.320878981794176 0.30269632133531205 0.016443871551297562 0.015988675911805573
34 0.18984375 0.0015625 0.0171875 0.003125
34 0.33515625 0.00234375 0.0171875 0.0046875
15 0.05208247342643295 0.5170186201566318 0.019732645861557076 0.019186411094166723
15 0.12914078188503303 0.13663882950343717 0.01315509724103805 0.012790940729444422
22 0.27055699796383514 0.08876176111482596 0.021377033016686652 0.020785278685347207
22 0.38516837460351533 0.021953507980693933 0.021377033016686652 0.020785278685347207
12 0.11839354816623375 0.573358232713819 0.024665807326946343 0.023983013867708534
12 0.12106376752439622 0.400429225779965 0.024665807326946343 0.023983013867708357
12 0.049347061283675143 0.061840157675694216 0.014799484396167805 0.014389808320625086
12 0.20001212460351522 0.02626306753558989 0.014799484396167805 0.014389808320624997
12 0.21065969753429375 0.035401678192916286 0.014799484396167805 0.014389808320624997
12 0.390466706240721 0.04842508900274254 0.016443871551297562 0.015988675911805573
12 0.4011961663266293 0.05912619966006889 0.014799484396167805 0.014389808320624997
31 0.05452139868663215 0.4590788335874998 0.024665807326946343 0.023983013867708357
31 0.017363398913774742 0.03364307570371503 0.014799484396167805 0.014389808320625086
31 0.37769222580128214 0.35691038943958286 0.014799484396167805 0.014389808320624909
20 0.12037877204695198 0.5216866299402774 0.023021420171816586 0.02238414627652787
20 0.325 0.58203125 0.021875 0.0140625
20 0.13707719188008421 0.31792519709461775 0.016443871551297562 0.015988675911805573
20 0.2983865061044355 0.3063486514074302 0.016443871551297562 0.015988675911805573
23 0.07915290648854825 0.45146570212861087 0.024665807326946253 0.023983013867708357
23 0.10544208955066355 0.3859309678961803 0.024665807326946253 0.023983013867708357
23 0.00546875 0.06640625 0.0109375 0.0140625
23 0.012713520465072303 0.049395362272847 0.014799484396167805 0.014389808320624997
23 0.16625900158187967 0.18818249249746496 0.014799484396167805 0.014389808320624909
23 0.03948073835289665 0.052683363222777536 0.014799484396167805 0.014389808320624997
23 0.11097063602347594 0.11828887300642332 0.014799484396167805 0.014389808320624909
23 0.21432136533126106 0.20974771476204826 0.014799484396167628 0.014389808320624909
23 0.021931390207347513 0.016328289134583108 0.014799484396167805 0.014389808320624997
23 0.24346555348175905 0.06436182636930514 0.014799484396167805 0.014389808320624997
23 0.29357841813565155 0.11012761483829818 0.014799484396167628 0.014389808320625086
14 0.2098197303238379 0.48205912585621497 0.0263101944820761 0.025581881458888844
26 0.28094113579633345 0.5406333856398607 0.0263101944820761 0.025581881458888844
29 0.00390625 0.25078125 0.0078125 0.0171875
32 0.011309229985153647 0.2614050530022915 0.021377033016686742 0.020785278685347207
32 0.06882183683713006 0.31403843731097203 0.023021420171816586 0.02238414627652787
10 0.11071276571537388 0.3521735637358677 0.01808825870642732 0.017587543502986237
25 0.12292283864615242 0.36127580680201354 0.016443871551297562 0.015988675911805573
25 0.13595510515449583 0.37114111607256917 0.016443871551297562 0.015988675911805573
29 0.014775066710742113 0.2081345826375692 0.016443871551297562 0.015988675911805573
32 0.029410776796650318 0.21874477431694422 0.02137703301668683 0.020785278685347207
1 0.09107529511401605 0.27597473964767333 0.01315509724103805 0.012790940729444422
4 0.10501164235505404 0.28816561512263855 0.019732645861557076 0.019186411094166543
21 0.12227770748391649 0.30419000541524277 0.016443871551297562 0.015988675911805573
10 0.07806628278954415 0.16207589380798587 0.02137703301668683 0.020785278685347207
1 0.1116943323145743 0.19179910818878448 0.01315509724103805 0.012790940729444599
5 0.12390440524535284 0.2009013512549302 0.01808825870642732 0.017587543502986237
14 0.21797530981333715 0.23469316337527743 0.016443871551297562 0.015988675911805573
26 0.26632095657940535 0.276589069435451 0.016443871551297562 0.015988675911805573
2 0.3912390694242756 0.27211716214100645 0.014799484396167628 0.014389808320624909
10 0.18586441542211815 0.03988980965180522 0.01808825870642732 0.01758754350298606
27 0.20798175486124001 0.05893009717086768 0.01315509724103805 0.012790940729444422
1 0.2195334085247132 0.07039427403260375 0.011510710085908293 0.011192073138263935
5 0.23100317503305662 0.0802959508943399 0.018088258706427142 0.01758754350298606
32 0.35265352498762803 0.1627246315557981 0.02137703301668683 0.020785278685347207
19 0.4046875 0.21171875 0.009375 0.0140625
26 0.3293078782215598 0.12024684403673565 0.01808825870642732 0.01758754350298606
5 0.303125 0.003125 0.01875 0.00625
28 0.3609375 0.00390625 0.015625 0.0078125
32 0.39140625 0.0078125 0.0171875 0.015625
7 0.6026236267512218 0.5249058149701387 0.024665807326946343 0.023983013867708357
2 0.7633033406823173 0.20280934337114553 0.034532130257724794 0.03357621941479172
0 0.773909970035531 0.21116670402847193 0.03790279172311406 0.03833645459715278
2 0.7049275966752111 0.14863164285805533 0.032887743102595034 0.031977351823611146
1 0.7163154760284247 0.15697081971979138 0.032887743102595034 0.031977351823611146
1 0.7829950429663095 0.22034168227697887 0.03296963025772479 0.03353985182361115
7 0.792861365897088 0.22949847672989554 0.034532130257724704 0.03357621941479163
3 0.6425227719354103 0.09220111132291646 0.032887743102595034 0.031977351823611146
2 0.6286273682719372 0.08079148584795122 0.032887743102595034 0.031977351823611146
4 0.6531703448661889 0.10133972198024285 0.034532130257724794 0.03357621941479172
7 0.765625 0.0125 0.040625 0.025
5 0.8991755636585242 0.1237731939604857 0.04439845318850324 0.043169424961875036
7 0.753125 0.00703125 0.0375 0.0140625
8 0.8852801599950512 0.11236356848552043 0.04768722749876275 0.04636716014423614
0 0.9107272173219976 0.1352373708222218 0.041191566033373664 0.04153418977951393
28 0.09296875 0.71171875 0.1859375 0.2453125
14 0.2046875 0.79453125 0.409375 0.4109375
28 0.7046875 0.79453125 0.590625 0.4109375