1 0.23645961497275864 0.290522531841307 0.019550520678164495 0.01806079528527036
1 0.278364632755439 0.16407134780474167 0.019550520678164318 0.01806079528527036
1 0.31100165839600213 0.06850629073264711 0.019550520678164318 0.01806079528527027
1 0.91484375 0.22109375 0.1703125 0.2578125
2 0.81484375 0.1859375 0.2984375 0.328125
3 0.66875 0.175 0.3 0.35
4 0.57890625 0.1515625 0.1796875 0.303125
35 0.24453125 0.67578125 0.4890625 0.6484375
27 0.7875 0.803125 0.425 0.39375
12 0.72265625 0.47421875 0.4671875 0.2484375
22 0.62578125 0.87578125 0.2734375 0.2484375
17 0.63671875 0.6828125 0.2953125 0.440625