3 0.146875 0.4234375 0.11875 0.053125
4 0.01953125 0.3453125 0.0390625 0.115625
7 0.36875 0.43359375 0.115625 0.0328125
8 0.1950466077980825 0.36997255304864307 0.13633562307124442 0.13185305674305994
9 0.046875 0.26875 0.09375 0.125
1 0.55390625 0.4328125 0.1078125 0.034375
1 0.625 0.41015625 0.028125 0.0796875
1 0.4484375 0.403125 0.096875 0.09375
1 0.27541642581210973 0.3050174912910184 0.10807092072720578 0.10451766693047429
1 0.11250781076042982 0.20565765195328645 0.09643251387966068 0.09326191818411544
1 0.49556823950720014 0.320527516363843 0.10640829117755643 0.10290970282385156
1 0.32714080968069564 0.22054555139929058 0.10973355027685514 0.10612563103709682
1 0.15710081507936646 0.11982780054136075 0.09809514342930994 0.09486988229073816
1 0.61953125 0.29296875 0.0390625 0.0953125
2 0.3841091077980826 0.3644713961472988 0.10807092072720578 0.10451766693047411
2 0.0203125 0.0375 0.040625 0.075
2 0.5415735495016628 0.23230845084529453 0.11472143892580319 0.11094952335696498
2 0.4822893846345531 0.19881164073702245 0.11970932757475108 0.11577341567683312
2 0.37231480490033364 0.13156796793405334 0.10807092072720578 0.10451766693047411
2 0.20625 0.04296875 0.109375 0.0859375
2 0.5859375 0.14921875 0.10625 0.1109375
2 0.42265625 0.05234375 0.1140625 0.1046875
2 0.58203125 0.03984375 0.1078125 0.0796875
3 0.21495049274640268 0.2652934132360576 0.10973355027685514 0.106125631037097
3 0.31043656615910065 0.09423310398571524 0.11472143892580319 0.11094952335696498
3 0.60859375 0.0625 0.0609375 0.115625
4 0.05390625 0.165625 0.1078125 0.115625
4 0.14453125 0.0296875 0.1328125 0.059375
6 0.59140625 0.38515625 0.0953125 0.1140625
7 0.437746445090441 0.28542274214894825 0.12469721622369896 0.1205973079967011
7 0.5308387037283144 0.11364937905853996 0.11804669802510173 0.11416545157021041
8 0.2669252004891119 0.1847277233443297 0.1180466980251019 0.11416545157021041
8 0.36015625 0.03359375 0.1171875 0.0671875
9 0.10001020588778275 0.08391904427315451 0.10807092072720588 0.10451766693047429
17 0.81953125 0.225 0.3609375 0.45
1 0.3690941795127375 0.968553490895307 0.019951554595791877 0.019295569279472246
0 0.24424796652824093 0.7913808886254513 0.02161418414544123 0.020903533386094963
1 0.3302960880583258 0.7661786486545812 0.018288925046142525 0.01768760517284953
1 0.4387117604835746 0.6503143047645028 0.018288925046142525 0.01768760517284953
1 0.5149052182262839 0.5690439212201234 0.018288925046142525 0.01768760517284953
1 0.6021665838962725 0.47727630687607386 0.016626295496493172 0.016079641066226814
35 0.81953125 0.725 0.3609375 0.55