1 0.03046875 0.153125 0.0609375 0.065625
2 0.21484375 0.11171875 0.0828125 0.0703125
3 0.40234375 0.06875 0.0796875 0.0765625
4 0.5921875 0.03203125 0.096875 0.0640625
5 0.77734375 0.01015625 0.0890625 0.0203125
6 0.0484375 0.25078125 0.0875 0.075
7 0.23203125 0.2078125 0.0828125 0.0703125
8 0.42421875 0.16328125 0.0984375 0.0796875
9 0.6078125 0.121875 0.0921875 0.0765625
1 0.76328125 0.0859375 0.0640625 0.075
1 0.0453125 0.35390625 0.0625 0.0734375
1 0.1046875 0.340625 0.0671875 0.075
1 0.0578125 0.44921875 0.0703125 0.06875
1 0.221875 0.31328125 0.0609375 0.06875
1 0.4109375 0.26640625 0.0703125 0.0703125
1 0.59140625 0.2265625 0.0609375 0.065625
1 0.784375 0.18203125 0.0640625 0.0671875
1 0.2453125 0.40625 0.0671875 0.0703125
1 0.43046875 0.36328125 0.075 0.071875
1 0.61796875 0.3203125 0.0625 0.06875
1 0.15390625 0.5328125 0.0640625 0.065625
1 0.1953125 0.721875 0.0609375 0.06875
1 0.24140625 0.9125 0.0640625 0.065625
2 0.29453125 0.29765625 0.0734375 0.06875
2 0.803125 0.275 0.078125 0.06875
2 0.09296875 0.54296875 0.0890625 0.078125
2 0.271875 0.503125 0.0828125 0.06875
2 0.3359375 0.48671875 0.08125 0.0765625
2 0.4578125 0.46015625 0.0734375 0.0671875
2 0.640625 0.41796875 0.078125 0.06875
2 0.83046875 0.37421875 0.078125 0.0734375
2 0.09921875 0.6390625 0.0734375 0.0671875
2 0.29140625 0.596875 0.078125 0.0734375
2 0.475 0.55390625 0.075 0.075
2 0.6625 0.51328125 0.0796875 0.0765625
2 0.378125 0.68046875 0.0734375 0.06875
2 0.42421875 0.86875 0.0796875 0.0765625
3 0.4796875 0.25390625 0.075 0.071875
3 0.5265625 0.44453125 0.078125 0.0734375
3 0.13125 0.7375 0.0828125 0.0703125
3 0.31640625 0.69375 0.0828125 0.0734375
3 0.50234375 0.6515625 0.0734375 0.06875
3 0.5703125 0.63359375 0.08125 0.0765625
3 0.68203125 0.6078125 0.0828125 0.0703125
4 0.759375 0.58671875 0.090625 0.078125
3 0.84765625 0.46875 0.078125 0.0734375
3 0.1484375 0.83046875 0.075 0.075
3 0.3375 0.78671875 0.084375 0.0765625
3 0.5171875 0.74765625 0.0890625 0.078125
3 0.70859375 0.7015625 0.0734375 0.06875
3 0.89453125 0.659375 0.0828125 0.06875
3 0.615625 0.82421875 0.084375 0.0765625
4 0.6625 0.21171875 0.08125 0.078125
4 0.709375 0.403125 0.0953125 0.0796875
4 0.17734375 0.92578125 0.0875 0.071875
4 0.3578125 0.8859375 0.0890625 0.08125
4 0.54609375 0.840625 0.0734375 0.06875
4 0.728125 0.796875 0.078125 0.0734375
4 0.8078125 0.778125 0.090625 0.08125
4 0.91640625 0.7546875 0.0828125 0.0703125
4 0.1890625 0.9921875 0.0875 0.015625
4 0.384375 0.9703125 0.0875 0.059375
4 0.565625 0.9375 0.0875 0.071875
4 0.75234375 0.89296875 0.0921875 0.071875
5 0.84921875 0.16484375 0.084375 0.075
5 0.90078125 0.35625 0.0890625 0.071875
5 0.93984375 0.5484375 0.08125 0.0765625
3 0.8765625 0.56484375 0.0828125 0.0734375
5 0.97421875 0.7390625 0.0515625 0.078125
5 0.9359375 0.85078125 0.06875 0.065625
0 0.8296875 0.06953125 0.0890625 0.071875
0 0.915625 0.453125 0.09375 0.0765625
0 0.95859375 0.6453125 0.0828125 0.078125
0 0.98046875 0.83203125 0.0390625 0.0765625
0 0.878125 0.259375 0.0890625 0.071875
6 0.12578125 0.4328125 0.084375 0.071875
6 0.17109375 0.628125 0.084375 0.0703125
6 0.2171875 0.8171875 0.0796875 0.0703125
6 0.265625 0.98359375 0.090625 0.0328125
7 0.309375 0.39296875 0.0828125 0.08125
7 0.3578125 0.58203125 0.0796875 0.0734375
7 0.4046875 0.775 0.084375 0.075
7 0.45 0.96171875 0.0796875 0.0703125
8 0.496875 0.34765625 0.084375 0.071875
8 0.54609375 0.53984375 0.084375 0.071875
8 0.58828125 0.73125 0.0875 0.0671875
8 0.63984375 0.91875 0.0796875 0.0734375
9 0.68203125 0.30703125 0.075 0.06875
9 0.72890625 0.49765625 0.0875 0.0671875
9 0.77734375 0.6875 0.0890625 0.071875
9 0.82421875 0.8796875 0.075 0.071875