7 0.63125 0.684375 0.05625 0.078125
8 0.45703125 0.7140625 0.1109375 0.05
1 0.6359375 0.575 0.046875 0.075
1 0.45859501122137675 0.6259748457427783 0.0806831601678251 0.07674564437666671
1 0.27783118591134903 0.6693397199834725 0.07095296265733601 0.07183993882958326
1 0.084375 0.71015625 0.075 0.0578125
1 0.6136941404708078 0.4806292442035076 0.0775581601678251 0.07667290919430556
1 0.4276391639160247 0.52621058187507 0.08716995850815117 0.080016114741389
1 0.2401400865314045 0.5733180519554517 0.07431476099766207 0.07503767401194458
1 0.62578125 0.153125 0.0671875 0.075
2 0.5754030803076272 0.5928194664680909 0.08380816016782511 0.07681837955902786
2 0.054321908316947276 0.6220243896270141 0.09005816016782511 0.07696384992375016
2 0.574925793165456 0.3806831423798965 0.0931831601678251 0.07703658510611114
2 0.5107215832074121 0.397905703550313 0.09365675684847723 0.08328658510611113
2 0.3888708166106727 0.4262644800514588 0.08357136182749905 0.07369337955902786
2 0.206000039640971 0.47269980290538227 0.09005816016782511 0.07696384992375016
2 0.0296875 0.51953125 0.059375 0.0796875
2 0.5442067442004299 0.2840438785121881 0.09029495850815117 0.08008884992374998
2 0.3605547172307283 0.33046101757052126 0.08740675684847724 0.08314111474138883
2 0.17203759150578196 0.37442530385531275 0.09053175684847722 0.08321384992375017
2 0.4456848885967082 0.19830444063253524 0.08380816016782511 0.07681837955902786
2 0.3765625 0.02265625 0.090625 0.0453125
3 0.389466502923007 0.6399633041396532 0.08716995850815117 0.08001611474138884
3 0.3192570562377105 0.44414100465274337 0.09029495850815117 0.08008884992375016
3 0.5077821468950778 0.1841523280753478 0.09341995850815117 0.08016158510611113
3 0.32100511992537617 0.23049673195131987 0.08380816016782511 0.07681837955902786
3 0.2537943091374955 0.24920905793937537 0.09365675684847723 0.08328658510611113
3 0.1412593429556745 0.27700478998760447 0.0931831601678251 0.07703658510611114
4 0.06418828009320135 0.2993869766329863 0.10326855518880329 0.08662979065319458
3 0.015625 0.42109375 0.03125 0.0796875
3 0.63984375 0.040625 0.0390625 0.08125
3 0.4747785475151335 0.08823976282086861 0.09678175684847723 0.08335932028847229
3 0.2947367726200242 0.13084157085715323 0.1017060551888033 0.08659342306201392
3 0.10350904399064849 0.18020187195958356 0.08380816016782511 0.07681837955902786
3 0.1850881628671175 0.05264187604364614 0.09678175684847723 0.08335932028847229
4 0.20659572595330528 0.6863986269935767 0.0938935551888033 0.08641158510611113
4 0.13626788009784577 0.48901382750666694 0.10795605518880329 0.08673889342673621
4 0.4421875 0.01484375 0.103125 0.0296875
4 0.25390625 0.03671875 0.0828125 0.0734375
4 0.07194954544054104 0.08276317429628492 0.09029495850815117 0.08008884992375007
4 0.021875 0.10234375 0.04375 0.0890625
4 0.04375 0.01171875 0.0875 0.0234375
5 0.03359375 0.71640625 0.0671875 0.0453125
0 0.01484375 0.6390625 0.0296875 0.08125
6 0.6375 0.24921875 0.04375 0.0765625
6 0.5955520661864654 0.055956552524132605 0.09005816016782511 0.07696384992375008
7 0.5492531321724382 0.49472680537392416 0.09413035352912935 0.08953658510611114
7 0.4775403850722232 0.2996493882958339 0.09029495850815117 0.08008884992375016
7 0.40709414004660066 0.1007020888089241 0.09678175684847723 0.08335932028847229
8 0.36187245395798107 0.543396775454306 0.09654495850815117 0.08023432028847229
8 0.28920085810252144 0.34595742458062534 0.09654495850815117 0.08023432028847247
8 0.223560512247062 0.14868172786725728 0.09919636182749905 0.07405705547083344
9 0.17575827781811623 0.5881968631258683 0.08693316016782511 0.07689111474138902
9 0.10548963154773823 0.39159331363895855 0.09919636182749905 0.07405705547083344
9 0.04140625 0.19453125 0.0828125 0.0796875
1 0.92890625 0.39375 0.1421875 0.690625
13 0.3296875 0.86953125 0.659375 0.2609375
16 0.8296875 0.86953125 0.340625 0.2609375