1 0.46953125 0.10703125 0.0390625 0.1046875
1 0.33984375 0.021875 0.0921875 0.04375
1 0.43671875 0.19765625 0.1046875 0.1078125
1 0.27210616365961793 0.08238148809982086 0.09440592306201409 0.0990688527754691
2 0.453125 0.36171875 0.071875 0.1171875
2 0.36801415644142316 0.28764996684528266 0.10545252583555573 0.10420202174882984
2 0.2051894609623261 0.17408616844188812 0.10861389342673622 0.1058918557412186
2 0.0453125 0.05546875 0.090625 0.1109375
2 0.45234375 0.4671875 0.0734375 0.065625
2 0.3089645051309023 0.37669256220637787 0.10872299620027785 0.1105793557412186
2 0.14068924344739547 0.2625703482896638 0.11668096656500007 0.11714769072219049
3 0.43671875 0.06640625 0.1046875 0.1078125
3 0.3073500665856594 0.2448523131949611 0.11188436379145834 0.11226918973360736
3 0.2375 0.45625 0.10625 0.0875
3 0.1783678153513884 0.4210394228905123 0.11824346656500007 0.11721135771838505
3 0.07851459213687458 0.3517402776431478 0.11653549620027785 0.1108976907221905
4 0.03671875 0.29921875 0.0734375 0.1234375
3 0.015625 0.1453125 0.03125 0.1125
3 0.03125 0.4359375 0.0625 0.10625
4 0.14372593731097197 0.13210159828966378 0.13248780452090286 0.12559686068413445
7 0.4125 0.44609375 0.115625 0.1078125
8 0.3796446003049997 0.15683104836621348 0.11813436379145834 0.11252385771838495
8 0.24437598147954817 0.3348353260465423 0.11813436379145852 0.11252385771838505
8 0.115625 0.4796875 0.11875 0.040625
9 0.21328125 0.0484375 0.1078125 0.096875
9 0.08155128600045107 0.22127152764314784 0.11962412860909728 0.10946252471457933
11 0.4890625 0 0.4890625 0.5 0.6947522765625 0.5 0.8078879984375 0 0.4890625 0
2 0.24453125 0.75 0.4890625 0.5
26 0.74453125 0.75 0.5109375 0.5