0 0.0453125 0.0171875 0.090625 0.034375
9 0.2328125 0.0421875 0.053125 0.084375
1 0.09296875 0.028125 0.0859375 0.05625
1 0.2296875 0.2125 0.059375 0.1125
1 0.05251524268489618 0.16522815199943305 0.06966049620027785 0.10859623920022692
1 0.18840276377079915 0.3934845828548065 0.07783667211208342 0.12449405771188111
4 0.18076818246441012 0.1998437102594682 0.08862870174736122 0.1186260036281972
5 0.02421875 0.14921875 0.0484375 0.1203125
9 0.134223756836945 0.383648280585221 0.09651393692972228 0.12202382213985138
2 0.02578125 0.34375 0.0515625 0.11875
2 0.1484375 0.53671875 0.090625 0.0453125
4 0.08359375 0.53125 0.0828125 0.05625
18 0.63164120625 0 0.6190459671874999 0.4323297015625 0.6286935390625 0.4586974234375 0.7805607109375 0.49386745000000004 0.7967624843750001 0.3608630421875 0.8048585140625001 0 0.63164120625 0
13 0.1296875 0.7796875 0.259375 0.440625
25 0.8921875 0.8828125 0.215625 0.234375
11 0.66484375 0.875 0.4296875 0.25