9 0.05234375 0.06015625 0.1046875 0.1203125
1 0.0296875 0.3515625 0.059375 0.140625
1 0.15351256761606455 0.23376248574166575 0.10843754631872767 0.11766370435383652
1 0.3011965887085138 0.10554326042125509 0.11000004631872748 0.1177182680561673
1 0.12734375 0.46484375 0.1203125 0.0296875
1 0.2888422537195444 0.3929242093327959 0.12315501778268043 0.13221727767481434
3 0.05625 0.31875 0.1125 0.1375
4 0.19700570243841806 0.19628233310926055 0.12784251778268044 0.13238096878180672
5 0.34296875 0.06875 0.1359375 0.1375
8 0.17421875 0.43828125 0.1390625 0.0828125
9 0.3348610750596627 0.35943215225388697 0.1359461162111039 0.13890378729346117
2 0.39453125 0.26171875 0.0484375 0.1390625
34 0.709375 0.23984375 0.58125 0.4796875
21 0.209375 0.73984375 0.41875 0.5203125
27 0.709375 0.73984375 0.58125 0.5203125