8 0.11015625 0.4828125 0.1578125 0.1125
1 0.225 0.27890625 0.05 0.1859375
1 0.0858401662150877 0.2041847655059132 0.13145579715018094 0.18635870031656915
1 0.20234375 0.01953125 0.0953125 0.0390625
3 0.1890625 0.25234375 0.121875 0.1859375
4 0.0453125 0.16875 0.090625 0.196875
21 0.309375 0.52109375 0.028125 0.0359375
29 0.3390625 0.525 0.034375 0.028125
11 0.25859375 0.49921875 0.0171875 0.0578125
28 0.35625 0.528125 0.034375 0.021875
14 0.2999591406616327 0.5147849478757938 0.03683161465389251 0.04787521034569906
23 0.2784526328597166 0.5083901953685113 0.03502345318850333 0.043142246239076344
24 0.32578125 0.521875 0.0359375 0.034375
34 0.38515625 0.52734375 0.0421875 0.0234375
24 0.49375 0.5125 0.046875 0.053125
12 0.4292305608334493 0.4891818911327338 0.0452173247398008 0.05904003087881229
17 0.2972269663059447 0.43295828635559575 0.042010437584671045 0.057386602665567034
29 0.54921875 0.5265625 0.0359375 0.025
29 0.3552917718238686 0.45623065030393384 0.03387038896415202 0.050909282132453625
27 0.4578092622129303 0.49459080516021425 0.028609678878243727 0.03983538981258548
10 0.2814348699694178 0.42171690947513396 0.03855788896415202 0.051045674452321776
28 0.5375 0.521875 0.034375 0.034375
24 0.4128619323847468 0.4740569963055833 0.03502345318850324 0.043142246239076344
23 0.373918941091174 0.4580288310244617 0.03502345318850333 0.043142246239076344
30 0.47619077001484633 0.5010764858807419 0.03674972749876275 0.04631271034569906
30 0.39374011816039556 0.4668127976383668 0.033542840343632994 0.044659282132453626
27 0.34410528833221204 0.44641538110360396 0.028609678878243817 0.03983538981258548
28 0.26484375 0.41015625 0.0296875 0.0421875
27 0.58046875 0.53359375 0.0296875 0.0109375
10 0.5671875 0.528125 0.0375 0.021875
34 0.3314791355732501 0.4343018260098967 0.042010437584671045 0.057386602665567034
18 0.6664882213943273 0.5017798648727749 0.027456614653892507 0.04760242570596276
32 0.46589175712454756 0.41478964489365755 0.05640048620519007 0.06404577962517113
17 0.413172870873929 0.39370190657214 0.04028416327441153 0.05421613855894432
29 0.6559192135924112 0.4950668636191337 0.033788501809022264 0.04934678213245362
20 0.7046875 0.5140625 0.040625 0.05
29 0.76328125 0.5265625 0.0359375 0.025
29 0.74140625 0.52265625 0.0359375 0.0328125
27 0.360123113976524 0.36404315030393386 0.028609678878243817 0.03983538981258548
23 0.6141787709193575 0.4728796265512575 0.03683161465389251 0.04787521034569906
14 0.3975854924252265 0.3785542796916781 0.03502345318850324 0.043142246239076344
24 0.318137009838081 0.3465434132360576 0.03502345318850333 0.043142246239076344
10 0.6348221415661438 0.4808596111118512 0.03181656603337366 0.04148881802583091
22 0.5714933039360443 0.45384012153669245 0.04464411465389269 0.04810253087881229
27 0.5295071997976013 0.4363403844688163 0.03033595318850324 0.04300585391920819
14 0.5151138291508148 0.42817854348173173 0.03502345318850324 0.043142246239076344
30 0.2975345827688596 0.3377821786754638 0.03674972749876275 0.04631271034569897
10 0.7296875 0.5171875 0.0375 0.04375
14 0.6928050599289381 0.5056944750601893 0.03674972749876275 0.04631271034569906
10 0.37850462177844013 0.37052883102446166 0.03683161465389251 0.04787521034569897
10 0.26328125 0.31796875 0.0265625 0.0515625
23 0.79140625 0.53125 0.0359375 0.015625
24 0.5470665140219525 0.4436300472426554 0.03502345318850324 0.043142246239076344
14 0.44479468509828024 0.40058239238637505 0.03502345318850324 0.043142246239076344
34 0.5977282553155253 0.459317231724107 0.0452173247398008 0.05904003087881229
34 0.33997106626051615 0.34668816574334 0.042010437584671045 0.057386602665567034
15 0.8723697291962434 0.5028098527985809 0.035596663274411355 0.05407974623907634
17 0.7747854002725711 0.4596258056224326 0.042010437584671045 0.057386602665567034
18 0.6069638144514938 0.3872831073509276 0.027456614653892687 0.04760242570596294
22 0.5337243882867835 0.35587163446881626 0.04669793758467122 0.057522994985435096
24 0.7244921511770823 0.4369073711409811 0.04669793758467104 0.057522994985435005
24 0.6459886929001963 0.40174877263204917 0.04669793758467104 0.057522994985435005
22 0.41553763229388974 0.303926352732074 0.04669793758467104 0.057522994985435005
14 0.39028864880223313 0.2945202604913483 0.04028416327441153 0.05421613855894432
27 0.37042652815544674 0.2865175438774431 0.041764776119281775 0.05269910266556703
15 0.6260446850982803 0.3953085560181441 0.033788501809022264 0.04934678213245362
10 0.5100788483726918 0.34563882812146784 0.04669793758467104 0.057522994985435096
14 0.46887399423424886 0.32811635900028013 0.04028416327441171 0.05421613855894432
18 0.3560331575086604 0.2783557028903586 0.025812227498762753 0.04599446159934022
12 0.3399953997067443 0.2718018260098968 0.0452173247398008 0.05904003087881238
14 0.25546875 0.23046875 0.0109375 0.0546875
29 0.7925084888071818 0.4637904683962718 0.033788501809022264 0.04934678213245362
21 0.6710329585040287 0.41506111487277497 0.0291828889641522 0.05077288981258547
10 0.318529835482393 0.2646258235026143 0.04669793758467104 0.057522994985435005
16 0.28727651345612565 0.2507140876883792 0.04686171189493056 0.06064799498543509
27 0.2671875 0.23984375 0.034375 0.0546875
20 0.4880367520361649 0.33457930766749666 0.04028416327441153 0.05421613855894432
10 0.43836097863041656 0.3149631411327338 0.04669793758467104 0.057522994985435096
15 0.6145715965636696 0.39096203681781416 0.0338703889641522 0.050909282132453625
10 0.6881795149264637 0.41534225969992544 0.03674972749876275 0.04631271034569906
31 0.7065200791508148 0.4226091904204533 0.033379066033373664 0.04153428213245362
14 0.5791220974681807 0.36781169332344715 0.03683161465389251 0.04787521034569897
24 0.8499558186353653 0.4839605643979212 0.0350234531885036 0.043142246239076344
22 0.8247887222988386 0.47299197215719546 0.047932888964152195 0.05131845909205772
14 0.7591570782463037 0.4452594287419707 0.03674972749876275 0.04631271034569906
24 0.9328125 0.51796875 0.034375 0.0421875
27 0.8636907700148463 0.4898013874383171 0.02852779172311415 0.038272889812585476
12 0.5959001616925319 0.37512408815059767 0.03674972749876275 0.04631271034569906
30 0.9149290434205947 0.5093720898664573 0.03502345318850324 0.043142246239076344
34 0.953125 0.515625 0.04375 0.046875
10 0.9388445782463037 0.44003105648036245 0.0452173247398008 0.05904003087881247
16 0.9602282553155252 0.44876955898764487 0.03880355042954129 0.055733174452321774
23 0.9068509497976013 0.4253608027194387 0.04373671189493074 0.06055706677218957
10 0.9707153759623116 0.4570450602412862 0.017010437584671224 0.056659176959604096
18 0.9252324575995174 0.4318464834399666 0.030827276119281776 0.052380853919208194
22 0.9361467034156459 0.3277811090667872 0.03831222749876275 0.0463581744523216
1 0.9719237511316539 0.3446814525611542 0.025730340343633175 0.04443196159934022
1 0.8491313822938897 0.29131006314428004 0.033542840343633175 0.044659282132453626
25 0.9528428804848673 0.3366560038939377 0.033542840343633175 0.044659282132453626
19 0.9019730992772029 0.31005405146579756 0.03058161465389233 0.04769335391920819
10 0.8891422286304167 0.3018467463720903 0.03009029172311415 0.03831835391920828
23 0.8737628900958058 0.2976138874383171 0.028282130257724702 0.03358538981258556
17 0.6394133028043905 0.05091369833801207 0.033542840343632994 0.044659282132453626
28 0.9393203703081021 0.17791750138665524 0.033542840343633175 0.044659282132453626
21 0.825575452849819 0.13052332733004496 0.022195904567984214 0.03652853338609487
13 0.8149655014703381 0.12459157607640377 0.03033595318850324 0.04300585391920828
13 0.8835583712126134 0.1553581912783831 0.03181656603337331 0.04148881802583091
29 0.5913819165537719 0.02968956769662654 0.03674972749876275 0.04631271034569897
29 0.7691140909094599 0.10642424927508418 0.03674972749876275 0.04631271034569897
29 0.53203125 0.01171875 0.0296875 0.0234375
29 0.6532710849165662 0.054410771378407954 0.028609678878243727 0.03983538981258557
27 0.6129703115108178 0.034521820203908996 0.025239017412854635 0.03505696159934022
24 0.8685884684536512 0.14331283234460993 0.028364017412854638 0.03514788981258556
10 0.8388157592722543 0.1309181324237522 0.03009029172311415 0.03831835391920828
19 0.7999546551338111 0.11332746714263058 0.030581614653892687 0.04769335391920828
28 0.6877722376755282 0.06588782897939763 0.025239017412854635 0.03505696159934022
14 0.54609375 0.0125 0.0296875 0.025
28 0.5234375 0.00625 0.025 0.0125
23 0.8533319606517352 0.13673622341083674 0.02836401741285428 0.03514788981258556
24 0.6672107541838714 0.056345344418803824 0.03009029172311415 0.03831835391920826
14 0.6251837064678636 0.039626857350927545 0.03009029172311415 0.03831835391920828
27 0.7602304138402385 0.09732203391482028 0.0235946302577247 0.0334489974927175
30 0.7488392124607575 0.0914130147144904 0.028364017412854638 0.03514788981258556
14 0.56171875 0.01484375 0.0296875 0.0296875
14 0.9105336290145294 0.16159381941248618 0.03009029172311415 0.03831835391920828
22 0.7305395918139711 0.08336483399396255 0.03798467887824373 0.04010817445232169
14 0.9258310803940104 0.16738917834625938 0.03009029172311415 0.03831835391920828
32 0.5794141830621153 0.019897030549607987 0.03157090456798421 0.036801318025830934
25 0.7108412454774442 0.0722371173800574 0.033542840343633175 0.044659282132453626
26 0.125 0.76953125 0.25 0.4609375
22 0.61875 0.76953125 0.7375 0.4609375