6 0.0203125 0.41484375 0.040625 0.1921875
7 0.08359375 0.2671875 0.1671875 0.184375
8 0.20856574731391286 0.11409614547560257 0.19408825599585605 0.1912674233743516
9 0.34296875 0.0265625 0.1921875 0.053125
1 0.1171875 0.5421875 0.175 0.075
1 0.159375 0.52109375 0.175 0.1171875
1 0.23530575992930663 0.45877436696472307 0.17261136228216234 0.16449030989648125
1 0.40390625 0.54921875 0.1109375 0.0609375
1 0.3734375 0.29765625 0.171875 0.1671875
1 0.43984375 0.14375 0.0390625 0.171875
2 0.28881605769577634 0.3957378332700472 0.19238020678164425 0.1880057223375921
3 0.39609375 0.240625 0.1265625 0.175
7 0.4234375 0.51640625 0.071875 0.1265625
17 0.60078125 0.05390625 0.2828125 0.1078125
23 0.50859375 0.1796875 0.0984375 0.334375
13 0.85546875 0.06953125 0.2890625 0.1390625
33 0.6765066104246447 0.20841349052736202 0.35372873738460625 0.3779649239399994
16 0.55078125 0.40703125 0.1828125 0.3453125
19 0.9265625 0.1828125 0.146875 0.365625
12 0.80546875 0.41015625 0.3671875 0.3390625
29 0.2296875 0.78984375 0.459375 0.4203125
28 0.7296875 0.78984375 0.540625 0.4203125