0 0.07265625 0.25703125 0.1453125 0.2046875
1 0.03046875 0.23671875 0.0609375 0.1984375
1 0.11875 0.0328125 0.125 0.065625
5 0.1765625 0.04765625 0.13125 0.0953125
18 0.26796875 0.31796875 0.0171875 0.0328125
34 0.418035101637895 0.3668217407469664 0.03587359818322877 0.040178460910325245
10 0.4701557110310114 0.38429641210857496 0.0375636439408634 0.041868506667959694
23 0.4928279364852043 0.3917582257440568 0.03431109818322877 0.04005091515269079
18 0.5086602305758487 0.3974502452888943 0.021300915152690704 0.03278054909161447
21 0.4368010770920877 0.37460241877653466 0.03431109818322886 0.04005091515269079
31 0.4520434398191841 0.37801446120018933 0.03925368969849785 0.043558552425594324
10 0.5236475017876762 0.4039872877125489 0.03925368969849785 0.043558552425594324
23 0.35366958376004753 0.3472424354464341 0.03431109818322886 0.04005091515269079
23 0.37705928633542307 0.35542172620309886 0.03431109818322886 0.04005091515269079
25 0.3152926099728447 0.3325261022661147 0.03431109818322886 0.04005091515269079
28 0.3982327846684331 0.3622298355962153 0.03431109818322886 0.04005091515269079
23 0.2841541802762864 0.32420329029762274 0.03431109818322884 0.04005091515269079
14 0.334186131184672 0.338744280295683 0.03431109818322886 0.04005091515269079
29 0.48711981254822023 0.32858854604749865 0.008705320303441687 0.011575228788172609
29 0.5218456278506921 0.34049874362190435 0.010522911818710767 0.014827774545807238
18 0.4772824269423065 0.3255113434721231 0.007015274545807237 0.009885183030538158
29 0.4787811540634893 0.3261650477144885 0.008705320303441687 0.011575228788172609
18 0.49011726679058565 0.3298959545322296 0.008832866061076316 0.013137728788172608
29 0.47506622269994103 0.3241401621085749 0.007015274545807237 0.009885183030538158
10 0.4457453845186519 0.3125648043824484 0.013647911818710768 0.015082866061076316
30 0.4003371607314491 0.29842242711148437 0.013647911818710768 0.015082866061076316
28 0.40945706921617997 0.30078215256567714 0.013647911818710768 0.015082866061076316
13 0.43134804467037274 0.30830773907997644 0.013647911818710768 0.015082866061076316
12 0.45389272436693096 0.31733205271545833 0.013647911818710768 0.015082866061076316
28 0.5135707422447784 0.33729399528889425 0.008705320303441687 0.011575228788172609
28 0.5046421523964992 0.3325905198347014 0.008705320303441778 0.011575228788172609
11 0.3701712996713426 0.28769209226417514 0.008705320303441733 0.011575228788172609
25 0.43890545315510365 0.31079501029180373 0.013647911818710768 0.015082866061076316
23 0.49780222103295113 0.33082072574405685 0.011830320303441689 0.011830320303441689
17 0.3867848437619872 0.2933203389301952 0.010522911818710812 0.014827774545807238
29 0.31876816739940883 0.2709348980237493 0.008705320303441778 0.011575228788172609
29 0.380726162398439 0.2914867719607333 0.008705320303441778 0.011575228788172609
29 0.32710682588413975 0.2733583963567593 0.008705320303441733 0.011575228788172609
10 0.4192306819432764 0.3046406051410527 0.011830320303441689 0.011830320303441865
24 0.4940872896694029 0.3287958401381433 0.008705320303441687 0.011575228788172609
14 0.5182582422447785 0.33691135801599065 0.008705320303441687 0.011575228788172609
28 0.4706338142152101 0.3213977993814785 0.011830320303441777 0.011830320303441689
17 0.35733645982306345 0.2833074812040687 0.011830320303441777 0.011830320303441865
24 0.46079642860929654 0.318320596806103 0.011830320303441777 0.011830320303441865
23 0.4653563828516619 0.31950045953319944 0.008705320303441778 0.011575228788172609
28 0.2735512622486578 0.2544487707527853 0.010522911818710812 0.01482777454580706
30 0.48346865406348927 0.32578241044158496 0.008705320303441687 0.011575228788172609
14 0.39140857088316994 0.2937189516572916 0.011830320303441732 0.011830320303441689
21 0.2969409648240333 0.2626280615094501 0.008705320303441755 0.011575228788172609
18 0.3127732589146779 0.2683200810542875 0.008832866061076272 0.013137728788172608
23 0.4261343861856418 0.30562914923169726 0.011830320303441777 0.011830320303441865
27 0.3362267343688707 0.27571812181095207 0.008705320303441778 0.011575228788172609
32 0.35056030133833255 0.2807564371134241 0.013520366061076271 0.013520366061076317
29 0.27882869361220597 0.2563461106010645 0.008705320303441733 0.011575228788172609
10 0.3233918945205915 0.2713335107508457 0.008705320303441778 0.011575228788172609
30 0.3325755758841397 0.27291198620503854 0.008577774545807238 0.010012728788172609
28 0.31661573603586063 0.26878246666020117 0.008705320303441778 0.011575228788172609
24 0.3626776640654289 0.2844235710523478 0.011830320303441777 0.011830320303441865
29 0.28638610209693693 0.2588333818128918 0.008705320303441733 0.011575228788172609
14 0.3401329843688707 0.2753992574168658 0.008705320303441778 0.011575228788172609
17 0.26171875 0.24921875 0.0046875 0.0140625
14 0.30540716906639875 0.26348905984246007 0.011830320303441777 0.011830320303441865
14 0.2661213995215614 0.2503989995409581 0.008705320303441733 0.011575228788172609
14 0.29100982921811963 0.25923199453998824 0.008705320303441733 0.011575228788172609
34 0.3771387767925253 0.2878993863548197 0.013647911818710811 0.015082866061076316
10 0.28273494361220597 0.2560272462069781 0.008577774545807193 0.010012728788172609
16 0.3100308961875815 0.2638876725695566 0.008705320303441778 0.011575228788172609
11 0.8999551681483148 0.4524260770920877 0.013903003333979846 0.018207866061076317
21 0.6304873042132705 0.3595679948298523 0.007015274545807059 0.009885183030538158
27 0.5647506049718748 0.33777248528695464 0.013647911818710768 0.015082866061076316
21 0.6508157796674633 0.3672211271017861 0.008832866061076316 0.013137728788172608
15 0.6779841864852042 0.3766440534643644 0.010522911818710767 0.014827774545807238
13 0.7015014348182144 0.3832608442210292 0.008705320303441866 0.011575228788172609
11 0.8389059689069193 0.4302479302762864 0.013647911818710768 0.015082866061076316
13 0.730168568757138 0.3933374748259729 0.013647911818710768 0.015082866061076316
18 0.748998317090148 0.40033690285554135 0.008832866061076316 0.013137728788172608
18 0.7912815408773509 0.41473437164177424 0.008832866061076316 0.013137728788172608
15 0.6093138058802604 0.35275988543673586 0.008832866061076316 0.013137728788172608
29 0.6591544381521942 0.36964462543479615 0.008705320303441687 0.011575228788172609
18 0.6916640492123006 0.38018364164565366 0.007015274545807237 0.009885183030538158
17 0.814798789210361 0.421351162398439 0.013647911818710768 0.015082866061076316
29 0.7452833857265999 0.3983120172496276 0.010522911818710767 0.014827774545807238
18 0.7755130196655236 0.40826110209693683 0.008832866061076316 0.013137728788172608
29 0.7898465866349854 0.41329941739940884 0.010522911818710767 0.01482777454580706
18 0.862359444361112 0.4376459710329511 0.008832866061076316 0.013137728788172608
17 0.916696257996594 0.4564918237581079 0.010522911818710767 0.014827774545807415
29 0.5979776931531641 0.34902897861899473 0.007015274545807237 0.009885183030538158
29 0.7740142925443408 0.40760739785457145 0.010522911818710767 0.01482777454580706
13 0.8925253054212184 0.4483763058802605 0.013647911818710768 0.015082866061076316
29 0.9137625766330458 0.45440316527337676 0.010522911818710767 0.014827774545807415
28 0.601102693153164 0.3487738871037257 0.008705320303441687 0.011575228788172609
28 0.5951077846684332 0.34615907013426384 0.00857777454580715 0.010012728788172609
31 0.7596169526960617 0.40335033255209946 0.008705320303441866 0.011575228788172609
30 0.5829904219413367 0.34249193619534013 0.011830320303441777 0.011830320303441689
28 0.6478183254250978 0.36591371861705524 0.008705320303441687 0.011575228788172609
27 0.6682743466369251 0.37200435088898887 0.007015274545807237 0.009885183030538158
27 0.6880128907275698 0.37737750603973996 0.008577774545807238 0.010012728788172609
23 0.7551207713325135 0.4013892198250032 0.011830320303441865 0.011830320303441865
28 0.77036313405961 0.40480126224865776 0.008705320303441687 0.011575228788172609
27 0.6115937830014431 0.353349816800284 0.006887728788172609 0.008322683030538158
14 0.7074963433029453 0.38587566119049105 0.011830320303441865 0.011830320303441865
23 0.7407872043630517 0.3963509045225312 0.008705320303441866 0.011575228788172609
10 0.78606788239262 0.41205578179349517 0.008705320303441866 0.011575228788172609
10 0.8217662663315437 0.4215584564890835 0.011830320303441689 0.011830320303441689
31 0.82685237905864 0.42579954633736267 0.011830320303441689 0.011830320303441865
14 0.8321935833010056 0.42691563618564177 0.011830320303441865 0.01183032030344151
27 0.8843141926941221 0.44439030754725034 0.008705320303441687 0.011575228788172609
14 0.5716543092142403 0.3387610293775992 0.011830320303441689 0.011830320303441865
22 0.6221486457285396 0.3571444964968423 0.011830320303441865 0.011830320303441865
14 0.6342660084556359 0.360811630435766 0.011830320303441865 0.011830320303441865
28 0.6728980737581078 0.3724029636160854 0.011830320303441865 0.011830320303441865
24 0.6842341864852042 0.3761338704338263 0.011830320303441865 0.011830320303441865
14 0.7189600017876762 0.38804406800823193 0.011830320303441865 0.011830320303441865
23 0.7241736602724071 0.3907226578565111 0.011830320303441865 0.011830320303441689
14 0.7355735458783208 0.3936723146742521 0.011830320303441865 0.011830320303441689
28 0.8081501764832646 0.4172376183077944 0.011830320303441865 0.011830320303441865
23 0.8587720587551984 0.43405858542703746 0.011830320303441865 0.011830320303441865
24 0.8790367613305738 0.4424929676989713 0.008705320303441866 0.011575228788172609
14 0.5890491033048849 0.344325503164802 0.011830320303441777 0.011830320303441865
10 0.6546582567886461 0.36768351270769967 0.008705320303441866 0.011575228788172609
24 0.6629331423945597 0.3708882610407098 0.011830320303441689 0.011830320303441865
14 0.7643044526960617 0.40296769527919596 0.011830320303441865 0.011830320303441865
23 0.8020914951197163 0.4154040513383325 0.011830320303441865 0.011830320303441689
14 0.8459372189069192 0.429673974366931 0.011830320303441865 0.011830320303441865
14 0.8519321273916501 0.4322887913363928 0.011830320303441689 0.01183032030344151
23 0.8731056257246601 0.43909690072950947 0.011830320303441865 0.01183032030344151
24 0.798312790877351 0.41416041573241885 0.011830320303441865 0.011830320303441865
14 0.8873116469364876 0.4456977160319813 0.008705320303441687 0.011575228788172609
24 0.6162175101226259 0.35374842952738045 0.008705320303441687 0.011575228788172609
23 0.6978502763334834 0.3804547086151155 0.011830320303441865 0.011830320303441865
14 0.924508757996594 0.4558540949699353 0.008705320303441866 0.011575228788172609
26 0.5778405363354231 0.3390320963470611 0.013647911818710768 0.015082866061076316
16 0.6403884626980014 0.3618639474052278 0.013647911818710768 0.015082866061076316
25 0.7144638204241279 0.3860829552811357 0.011830320303441689 0.011830320303441865
16 0.7824804967867063 0.40846839618758146 0.013647911818710768 0.015082866061076316
34 0.9071139639059493 0.45028962118273236 0.011830320303441689 0.011830320303441865
16 0.8694544672399293 0.43629076512359577 0.013647911818710768 0.015082866061076316
21 0.33613101058166783 0.2578769175685867 0.007270366061076272 0.013010183030538159
18 0.31345878512747505 0.25041510393310473 0.007015274545807237 0.009885183030538158
13 0.3103975580062923 0.24988894544837378 0.010522911818710812 0.014827774545807238
29 0.3474671233087642 0.2616078243863277 0.007270366061076316 0.013010183030538159
18 0.3496833275511297 0.26297900574987587 0.010522911818710812 0.014827774545807238
17 0.29684524103683047 0.24478685726708455 0.011830320303441732 0.011830320303441865
21 0.30740010376392685 0.24858153696364288 0.007015274545807237 0.009885183030538158
15 0.29078655967328226 0.24295329029762272 0.008705320303441733 0.011575228788172609
12 0.34297094194521605 0.2596467116592313 0.008705320303441778 0.011575228788172609
14 0.3301361020969369 0.25526210059912485 0.011830320303441777 0.011830320303441865
14 0.33919223770285056 0.25840307605331764 0.011830320303441732 0.011830320303441689
23 0.35958448603586063 0.2652749583252514 0.011830320303441777 0.011830320303441689
28 0.3648619173994088 0.26717229817353055 0.008705320303441778 0.011575228788172609
24 0.3527445546723124 0.26350516423460685 0.011830320303441732 0.011830320303441865
23 0.3180187393698405 0.2515949666602012 0.011830320303441732 0.011830320303441865
24 0.28798042406736857 0.23930213181289178 0.008705320303441733 0.011575228788172609
27 0.2811404927038204 0.2375323377222472 0.006887728788172676 0.008322683030538158
24 0.3023139910368305 0.2443404471153638 0.008705320303441733 0.011575228788172609
23 0.27136687997672404 0.23367388514687173 0.010140274545807215 0.010140274545807237
14 0.2758630613402722 0.2356349978739681 0.008705320303441733 0.011575228788172609
10 0.26171875 0.22890625 0.0046875 0.0109375
23 0.26680692573435855 0.23249402241977535 0.008577774545807193 0.010012728788172609
16 0.32420496649102326 0.25186603362966303 0.011830320303441777 0.011830320303441865
18 0.5895433108812302 0.32876427604361924 0.008832866061076316 0.013137728788172608
18 0.5971007193659611 0.3312515472554466 0.010650457576345307 0.016390274545807236
13 0.5767084710329511 0.32437966498351284 0.013647911818710768 0.015082866061076316
29 0.6038768778506921 0.33380259134609125 0.008832866061076316 0.013137728788172608
18 0.619772944820154 0.3387133608909286 0.008832866061076316 0.013137728788172608
29 0.6159942405777885 0.3374697252850149 0.010650457576345395 0.016390274545807236
23 0.5934495608812302 0.3284454116495329 0.008705320303441778 0.011575228788172609
27 0.6085643778506921 0.3334199540731876 0.006887728788172609 0.008322683030538158
10 0.6123430820930575 0.3346635896791012 0.008705320303441866 0.011575228788172609
10 0.5730573125482202 0.32157352937759925 0.011830320303441689 0.011830320303441865
22 0.5836121752753166 0.32536820907415737 0.011830320303441777 0.011830320303441865
28 0.6017882193659612 0.330868909982543 0.011830320303441689 0.011830320303441689
24 0.6228979448201539 0.33845826937565954 0.008705320303441687 0.011575228788172609
23 0.6289566261837022 0.3402918363451214 0.011830320303441865 0.011830320303441689
18 0.4958887767925253 0.27820590877459506 0.007015274545807237 0.009885183030538158
18 0.4883951411866117 0.27493738756276775 0.007015274545807237 0.009885183030538158
21 0.4513255758841398 0.26321850862481383 0.007270366061076316 0.013010183030538159
15 0.4067623749757542 0.2482311084750326 0.010522911818710767 0.014827774545807238
18 0.4309333275511297 0.2563466263528801 0.007015274545807237 0.009885183030538158
27 0.47640532421714976 0.269707753623844 0.008577774545807238 0.010012728788172609
21 0.4143197834604851 0.2507183796868599 0.007270366061076316 0.013010183030538159
21 0.41581851058166786 0.25137208392922544 0.008832866061076316 0.013137728788172608
18 0.37047405967328223 0.23644845665826147 0.007015274545807237 0.009885183030538158
13 0.3745078554309168 0.23456709226417516 0.011830320303441777 0.011830320303441865
17 0.39470878512747504 0.24378272453610883 0.013647911818710856 0.015082866061076316
28 0.4915201411866117 0.27468229604749866 0.008705320303441687 0.011575228788172609
28 0.5102861166408045 0.28246297407706694 0.011830320303441777 0.011830320303441865
21 0.3320970858860794 0.22173212347794208 0.008832866061076316 0.013137728788172608
24 0.4998587996713426 0.27710579438050864 0.008705320303441687 0.011575228788172609
23 0.5051362310348908 0.2790031342287878 0.011830320303441689 0.011830320303441689
29 0.3902763766427441 0.24104036180901253 0.010522911818710855 0.01482777454580706
24 0.4809652784595153 0.27088761635094033 0.008705320303441778 0.011575228788172609
10 0.46057303012650525 0.2640157340790066 0.011830320303441689 0.011830320303441689
12 0.44845566739940884 0.2603486001400828 0.011830320303441689 0.011830320303441865
31 0.4847439827018807 0.27213125195685406 0.008705320303441778 0.011575228788172609
27 0.46506921149005337 0.26597684680610295 0.008577774545807238 0.010012728788172609
29 0.32388597315898304 0.2177461251449321 0.008832866061076272 0.013137728788172608
13 0.3095524061895212 0.2127078098424601 0.010522911818710812 0.01482777454580706
14 0.400958785127475 0.24327254150557068 0.011830320303441777 0.011830320303441865
32 0.428127191945216 0.2526954678681491 0.011830320303441689 0.011830320303441865
18 0.28909638497769385 0.20661717757052642 0.008832866061076272 0.013137728788172608
31 0.3676679240673686 0.23279729817353054 0.008577774545807238 0.010012728788172609
14 0.456858098762957 0.26199084847309295 0.011830320303441689 0.011830320303441865
27 0.35939303846145493 0.22959254984052047 0.008705320303441778 0.011575228788172609
28 0.38584396815801314 0.23829799908191607 0.011830320303441732 0.011830320303441865
18 0.31404858755306936 0.21466892256955655 0.007015274545807237 0.009885183030538158
23 0.435684600429947 0.25518273907997635 0.008577774545807238 0.010012728788172609
32 0.34277949437081034 0.2239643031745004 0.011830320303441732 0.011830320303441865
24 0.4213510334604851 0.2501444237775045 0.008705320303441687 0.011575228788172609
25 0.4726903928536016 0.26768286801793034 0.011830320303441689 0.011830320303441865
10 0.33821954012844485 0.22278444044740392 0.011830320303441777 0.011830320303441865
24 0.3616092427038204 0.2309637312040687 0.008577774545807193 0.010012728788172609
24 0.41229489785457146 0.24700344832331175 0.011830320303441689 0.011830320303441865
16 0.44096203179349514 0.2570800789282556 0.008705320303441778 0.011575228788172609
29 0.26171875 0.19609375 0.0046875 0.0109375
23 0.31782729179543484 0.21591255817547025 0.008705320303441778 0.011575228788172609
14 0.379785286794465 0.23646443211245421 0.008705320303441733 0.011575228788172609
28 0.2846002036141456 0.20465606484342996 0.008705320303441755 0.011575228788172609
10 0.2733916366446838 0.19936265802568903 0.008705320303441733 0.011575228788172609
23 0.299061316341242 0.20813188014590187 0.011830320303441777 0.011830320303441689
24 0.32779222315898304 0.2174272607508457 0.011830320303441732 0.011830320303441689
28 0.279450318008232 0.20119622499515089 0.008705320303441755 0.011575228788172609
25 0.355741879976724 0.22678641423460685 0.013647911818710856 0.015082866061076316
32 0.26733295528113554 0.19752909105622712 0.013520366061076271 0.013520366061076317
14 0.30433874770479025 0.21002921999418103 0.008705320303441733 0.011575228788172609
16 0.2938476578565111 0.20545329029762271 0.010522911818710812 0.01482777454580706
21 0.7694860313344531 0.3489976724003787 0.008832866061076316 0.013137728788172608
18 0.6743009481541339 0.31718930513135435 0.007015274545807059 0.009885183030538158
18 0.743816351637895 0.3402284502801658 0.007015274545807237 0.009885183030538158
18 0.8064918237581079 0.36149780133833254 0.010650457576345218 0.016390274545807236
11 0.8405001619393971 0.37269052179155543 0.013647911818710768 0.015082866061076316
17 0.6221803387610173 0.29971463376974583 0.008705320303441866 0.011575228788172609
29 0.792158256788646 0.35645948603586064 0.008832866061076316 0.013137728788172608
18 0.7944382339098287 0.3570494173994089 0.007015274545807237 0.009885183030538158
18 0.7989344152733769 0.35901053012650513 0.008832866061076316 0.013137728788172608
29 0.8729460001206861 0.38401078800241295 0.008832866061076316 0.013137728788172608
18 0.46353853346048507 0.24670068832137204 0.007015274545807237 0.009885183030538158
29 0.6077829989127382 0.295457568467274 0.008705320303441687 0.011575228788172609
29 0.6191191116398346 0.2991884752850149 0.007015274545807237 0.009885183030538158
29 0.6818583566388648 0.31967657634318164 0.008705320303441866 0.011575228788172609
29 0.6961919236083267 0.32471489164565365 0.010522911818710767 0.01482777454580706
17 0.8790046814842345 0.3858443549718748 0.008705320303441687 0.011575228788172609
25 0.8956182255748789 0.391472601637895 0.011830320303441865 0.011830320303441865
18 0.9304078137561682 0.4026015492123006 0.010650457576345395 0.016390274545807236
17 0.4725946690663988 0.2498416637755648 0.008705320303441687 0.011575228788172609
18 0.6455700413363928 0.3078939245264106 0.007015274545807059 0.009885183030538158
13 0.714304194820154 0.33099684255403916 0.010522911818710767 0.014827774545807238
29 0.7415363745167122 0.33963851891661756 0.008832866061076316 0.013137728788172608
11 0.7657073270920878 0.34775403679446504 0.013647911818710768 0.015082866061076316
21 0.9145117467867063 0.39769077966746325 0.008832866061076316 0.013137728788172608
29 0.9289090866349854 0.4019478449699352 0.010522911818710767 0.014827774545807238
29 0.44008505800629233 0.23930264756470737 0.008705320303441778 0.011575228788172609
13 0.5881720005797282 0.28852191331652294 0.011830320303441689 0.011830320303441865
10 0.7596486457285396 0.3459204698250032 0.011830320303441865 0.011830320303441865
21 0.8503375475453107 0.37576772436693096 0.008832866061076316 0.013137728788172608
18 0.8533350017876762 0.3770751328516619 0.010650457576345218 0.01639027454580706
29 0.8880608170901482 0.3889853304260676 0.007015274545807237 0.009885183030538158
10 0.9024581569384272 0.3932423957285396 0.011830320303441865 0.011830320303441865
12 0.6554711998211238 0.31018987710178614 0.008705320303441866 0.011575228788172609
29 0.8049930966369251 0.3608440970959671 0.008832866061076316 0.013137728788172608
32 0.8262303678487525 0.36687095648908363 0.011830320303441865 0.011830320303441865
29 0.47709085042994703 0.25180277650266125 0.008705320303441778 0.011575228788172609
28 0.6780796523964993 0.318432940737268 0.011830320303441865 0.011830320303441689
23 0.7090905363354231 0.3283182527057601 0.011830320303441689 0.011830320303441865
30 0.7279840575472504 0.3345364307353284 0.011830320303441689 0.011830320303441865
0 0.38952694861317577 0.2217004304454643 0.013647911818710811 0.015082866061076316
0 0.39558562997672403 0.22353399741492613 0.010522911818710812 0.014827774545807238
14 0.6282390201245656 0.3015482007392077 0.011830320303441865 0.011830320303441865
28 0.6342977014881137 0.30338176770866954 0.011830320303441689 0.011830320303441865
23 0.6653085854270374 0.3132670796771616 0.011830320303441865 0.011830320303441689
28 0.6713672667905857 0.3151006466466235 0.008705320303441687 0.011575228788172609
24 0.7499388058802604 0.34128076724962764 0.011830320303441689 0.011830320303441865
14 0.857177478908859 0.3775375184575756 0.011830320303441865 0.011830320303441689
14 0.8670148645147726 0.38061472103295113 0.011830320303441689 0.011830320303441689
14 0.9107968154231582 0.39566589406154956 0.011830320303441865 0.011830320303441865
18 0.4432100580062923 0.23904755604943828 0.007015274545807237 0.009885183030538158
23 0.6501937684575756 0.3082925372535069 0.011830320303441689 0.011830320303441865
24 0.6607486311846721 0.3120872169500652 0.011830320303441865 0.011830320303441689
23 0.6917595151235958 0.3219725289185572 0.011830320303441865 0.011830320303441865
10 0.7038131049718748 0.326420912857481 0.010522911818710767 0.014827774545807238
14 0.7740459855768187 0.350177535127475 0.011830320303441865 0.011830320303441865
14 0.8481213433029453 0.3743965430033828 0.011830320303441865 0.011830320303441865
10 0.8844096586054171 0.38617919482015395 0.008705320303441866 0.011575228788172609
12 0.9244129052714373 0.3999867322428388 0.011830320303441689 0.011830320303441865
11 0.36913470028016576 0.21482854817353053 0.010522911818710812 0.014827774545807238
8 0.38196954012844486 0.219213159233637 0.013647911818710811 0.015082866061076316
30 0.5950119319432764 0.29029170740716753 0.011830320303441689 0.011830320303441865
14 0.6388576557304793 0.304561630435766 0.011830320303441689 0.011830320303441865
14 0.7332614889107985 0.33643377058360746 0.011830320303441865 0.011830320303441865
23 0.7544349872438086 0.343241879976724 0.011830320303441865 0.011830320303441689
10 0.7823846440615496 0.35260103346048516 0.011830320303441865 0.011830320303441865
12 0.7869445983039152 0.35378089618758146 0.011830320303441865 0.011830320303441865
31 0.8632361602724071 0.37937108542703746 0.011830320303441865 0.011830320303441865
23 0.9410264493620819 0.40561497890885895 0.008577774545807238 0.010012728788172609
18 0.34724372482597293 0.20730296165923132 0.00908795757634535 0.016262728788172608
13 0.3623585417954348 0.21227750408288593 0.010522911818710812 0.014827774545807238
21 0.4265327410368305 0.23420055938341822 0.005452774545807238 0.009757637272903708
23 0.4514849436122059 0.24225230438244835 0.008705320303441778 0.011575228788172609
24 0.611625476033921 0.2959199540731876 0.011830320303441865 0.011830320303441689
14 0.6864183108812302 0.3208564390702781 0.011830320303441865 0.011830320303441865
28 0.7393201702743468 0.3382673375530693 0.011830320303441865 0.011830320303441865
14 0.8095530508792905 0.36202395982306346 0.011830320303441689 0.011830320303441689
28 0.8156117322428388 0.3638575267925253 0.008705320303441866 0.011575228788172609
14 0.8337877763334834 0.3693582277009109 0.011830320303441865 0.011830320303441689
24 0.9349677679985338 0.40378141193939704 0.011830320303441865 0.011830320303441689
23 0.45982360209693696 0.24467580271545836 0.008705320303441687 0.011575228788172609
31 0.7974994610310114 0.3575755758841398 0.008705320303441866 0.011575228788172609
14 0.9199167239078891 0.39802561951574233 0.011830320303441865 0.011830320303441865
22 0.41219917406736856 0.2291622440809462 0.011830320303441777 0.011830320303441865
24 0.44692498936984054 0.24107244165535188 0.011830320303441777 0.011830320303441865
14 0.5995718861856418 0.29147157013426384 0.011830320303441689 0.011830320303441865
26 0.7227066261837022 0.33263909088704924 0.011830320303441865 0.011830320303441689
29 0.31186420528113556 0.19389403696364288 0.008705320303441733 0.011575228788172609
12 0.43715137664274406 0.23721398907997635 0.008705320303441687 0.011575228788172609
14 0.43350021815801315 0.23440785347406284 0.011830320303441689 0.011830320303441865
16 0.4682260334604851 0.24631805104846843 0.010522911818710767 0.014827774545807238
21 0.2726422086151155 0.18002272666214073 0.005452774545807215 0.009757637272903708
21 0.27485841285748097 0.18139390802568905 0.005452774545807215 0.009757637272903708
14 0.42444408255209953 0.23126687801986998 0.011830320303441689 0.011830320303441689
11 0.2640625 0.17734375 0.009375 0.0140625
11 0.3179228866446838 0.1957276039331047 0.008705320303441778 0.011575228788172609
29 0.28313329846339463 0.18459865635869904 0.008705320303441755 0.011575228788172609
14 0.34509129346242473 0.2051505302956831 0.008705320303441778 0.011575228788172609
14 0.33531768073532836 0.20129207772030763 0.008705320303441733 0.011575228788172609
25 0.4041156070979067 0.22361374574793622 0.013647911818710768 0.015082866061076316
31 0.35121374770479025 0.206202847265145 0.008705320303441733 0.011575228788172609
27 0.3308214993717802 0.19933096499321118 0.008705320303441778 0.011575228788172609
28 0.3081492739175874 0.19186915135772917 0.008705320303441778 0.011575228788172609
22 0.29531443406930824 0.1874845402976227 0.011830320303441732 0.011830320303441865
14 0.32248284088704926 0.19690746666020117 0.011830320303441777 0.011830320303441865
12 0.33987763497769385 0.20247194044740394 0.008705320303441778 0.011575228788172609
24 0.2794183670998464 0.18257377075278533 0.008705320303441733 0.011575228788172609
14 0.3564911790683384 0.2081001871134241 0.011830320303441732 0.011830320303441865
10 0.26964475437275004 0.1787153181774098 0.008705320303441733 0.011575228788172609
30 0.3028718425540392 0.1899718115094501 0.008577774545807238 0.010012728788172609
34 0.37538470028016574 0.21431836514299238 0.013647911818710811 0.015082866061076316
28 0.28775702558457733 0.1849972690857955 0.008705320303441733 0.011575228788172609
11 0.7632678533048849 0.3301041511885513 0.008705320303441687 0.011575228788172609
17 0.6756401786092965 0.30078305513135445 0.012212957576345218 0.016517820303441864
18 0.7398781507295094 0.3219248604318866 0.010650457576345395 0.016390274545807236
15 0.7436568549718748 0.32316849603780023 0.008705320303441866 0.011575228788172609
28 0.7934974872438086 0.34005323603586063 0.013647911818710768 0.015082866061076316
28 0.8509593008792905 0.3586439972457483 0.013647911818710768 0.015082866061076316
13 0.6499704989127382 0.29201383301114153 0.013647911818710768 0.015082866061076316
11 0.7013736311846721 0.30877102725156724 0.013647911818710768 0.015082866061076316
29 0.7383794236083266 0.3212711561895212 0.008832866061076316 0.013137728788172608
29 0.8184496898191842 0.34810498103489074 0.010522911818710767 0.014827774545807238
21 0.6129647064890836 0.2795137040731876 0.007015274545807059 0.009885183030538158
17 0.6310769777009109 0.2857956549815732 0.013647911818710768 0.015082866061076316
21 0.6469730446703728 0.2907064245264106 0.008832866061076316 0.013137728788172608
29 0.6152446836102663 0.28010363543673583 0.007015274545807237 0.009885183030538158
29 0.8562367322428388 0.36054133709402747 0.007015274545807237 0.009885183030538158
13 0.7557742176989712 0.326835629976724 0.013903003333980025 0.018207866061076317
15 0.8434018923945598 0.356156726033921 0.010522911818710767 0.01482777454580706
29 0.8645116178487523 0.36374608542703746 0.007015274545807237 0.009885183030538158
29 0.6697090430033829 0.2973869881618925 0.010522911818710767 0.014827774545807238
30 0.7830063973955295 0.3354773063393024 0.011830320303441865 0.011830320303441865
29 0.4951711707333887 0.23946227316868143 0.008832866061076316 0.013137728788172608
30 0.6085322980043527 0.2767713413460912 0.011830320303441865 0.011830320303441865
31 0.6870400642152101 0.30373271194909535 0.011830320303441689 0.011830320303441865
24 0.7769477160319813 0.33364373936984054 0.011830320303441865 0.011830320303441865
15 0.48005635376392686 0.23448773074502674 0.010522911818710767 0.014827774545807238
27 0.5941349581560735 0.2725142760436192 0.008577774545807238 0.010012728788172609
28 0.6024736166408045 0.27493777437662936 0.008705320303441687 0.011575228788172609
28 0.619087160731449 0.28056602104264944 0.008705320303441866 0.011575228788172609
30 0.6432581133068245 0.2886815389204969 0.011830320303441865 0.011830320303441865
27 0.787566351637895 0.3366571690663987 0.008705320303441866 0.011575228788172609
28 0.62664456921618 0.28305329225447673 0.011830320303441865 0.011830320303441865
24 0.6386981590644591 0.28750167619340045 0.008705320303441866 0.011575228788172609
23 0.6598716573974691 0.29430978558651705 0.011830320303441865 0.011830320303441865
24 0.6651490887610173 0.2962071254347961 0.011830320303441865 0.011830320303441689
14 0.7059335854270374 0.30995088997866366 0.011830320303441865 0.011830320303441865
23 0.7172696981541339 0.3136817967964046 0.011830320303441865 0.011830320303441689
12 0.7256083566388648 0.3161052951294147 0.011830320303441865 0.011830320303441689
14 0.7301045380024129 0.3180664078565111 0.008705320303441687 0.011575228788172609
27 0.7346644922447785 0.3192462705836075 0.007015274545807237 0.009885183030538158
27 0.8109560542132705 0.34483645982306343 0.008705320303441866 0.011575228788172609
14 0.8147347584556359 0.34608009542897716 0.008705320303441866 0.011575228788172609
18 0.4309331986131758 0.21832046786814913 0.008832866061076316 0.013137728788172608
27 0.5035098292181196 0.2418857715016914 0.008705320303441687 0.011575228788172609
18 0.3887775205836075 0.20236049908191606 0.007015274545807237 0.009885183030538158
14 0.598694912398439 0.2736941387707157 0.011830320303441689 0.011830320303441689
14 0.8018999186073568 0.3416954843688707 0.011830320303441689 0.011830320303441865
12 0.8056786228497224 0.3429391199747844 0.011830320303441689 0.011830320303441865
24 0.8404044381521942 0.3548493175491901 0.011830320303441689 0.011830320303441865
10 0.6817626328516619 0.3018353721008163 0.011830320303441865 0.011830320303441865
14 0.6930987455787584 0.3055662789185572 0.011830320303441865 0.011830320303441865
14 0.7119922667905857 0.3117844569481255 0.011830320303441689 0.011830320303441865
14 0.7489980592142403 0.3242845858860795 0.008705320303441866 0.011575228788172609
10 0.8222921669403668 0.34856736664080445 0.011830320303441865 0.011830320303441689
27 0.8283508483039149 0.3504009336102663 0.007015274545807237 0.009885183030538158
17 0.41510090452253123 0.21262844832331176 0.010522911818710767 0.01482777454580706
24 0.48989373936984054 0.23756493332040218 0.011830320303441777 0.011830320303441865
14 0.49894987497575416 0.24070590877459494 0.008705320303441687 0.011575228788172609
31 0.484552535127475 0.2364488434721231 0.008577774545807238 0.010012728788172609
14 0.8691353449699353 0.3641446981541339 0.011830320303441689 0.011830320303441865
29 0.3999860875530693 0.20765390589965707 0.010522911818710767 0.014827774545807238
29 0.44982671982500316 0.22453864589771744 0.008705320303441778 0.011575228788172609
21 0.30877102725156724 0.1747454242365464 0.008832866061076316 0.013137728788172608
10 0.8609880051216561 0.35937744982112374 0.008705320303441866 0.011575228788172609
29 0.36760402225059746 0.19555238968879962 0.008705320303441778 0.011575228788172609
29 0.38649754346242476 0.20177056771836793 0.007015274545807237 0.009885183030538158
29 0.4122309960378002 0.20975853983858084 0.008705320303441778 0.011575228788172609
28 0.5081335563393024 0.24228438422878779 0.008705320303441687 0.011575228788172609
27 0.45907417406736856 0.2253358713519102 0.008705320303441778 0.011575228788172609
10 0.44617556134027225 0.22173251029180374 0.008705320303441778 0.011575228788172609
24 0.4749064681580132 0.23102789089674758 0.011830320303441689 0.011830320303441689
17 0.3721639764929629 0.19673225241589593 0.011830320303441732 0.011830320303441865
34 0.7702991033048849 0.3295301952791959 0.013647911818710768 0.015082866061076316
14 0.4220046087648967 0.21361699241395637 0.011830320303441689 0.011830320303441865
14 0.4635703554309168 0.2272969840790066 0.011830320303441689 0.011830320303441689
28 0.46884778679446504 0.22919432392728573 0.011830320303441689 0.011830320303441865
34 0.8314758483039151 0.3501458420949972 0.010522911818710767 0.014827774545807238
21 0.28381882467619174 0.16669367923751627 0.007270366061076272 0.013010183030538159
21 0.2853175517973745 0.16734738347988182 0.005452774545807215 0.009757637272903708
30 0.36317161376586654 0.19281002696170316 0.011830320303441777 0.011830320303441865
29 0.35333422815995286 0.1897328243863276 0.008705320303441733 0.011575228788172609
10 0.35861165952350105 0.19163016423460685 0.008705320303441733 0.011575228788172609
28 0.4289083130072622 0.2146055365046009 0.008705320303441687 0.011575228788172609
18 0.28837877891855723 0.16787354196461274 0.007270366061076272 0.013010183030538159
30 0.4553592427038204 0.2233109857459965 0.008577774545807238 0.010012728788172609
23 0.44246062997672403 0.21970762468589006 0.011830320303441689 0.011830320303441865
12 0.39183874770479027 0.20288665756664698 0.008705320303441733 0.011575228788172609
14 0.37750518073532835 0.19784834226417516 0.011830320303441732 0.011830320303441865
14 0.4054548375530693 0.20720749574793623 0.011830320303441689 0.011830320303441865
28 0.34805679679640467 0.18783548453804855 0.008705320303441778 0.011575228788172609
10 0.3978974290683384 0.20472022453610883 0.008705320303441733 0.011575228788172609
22 0.3375019340693083 0.18404080484149024 0.011830320303441732 0.011830320303441865
23 0.38206513497769384 0.19902820499127144 0.008705320303441778 0.011575228788172609
30 0.3434968425540392 0.18665562181095216 0.011830320303441777 0.011830320303441689
14 0.32310459422102916 0.1797837395390184 0.008705320303441778 0.011575228788172609
29 0.2694852577067299 0.16165536393504443 0.010522911818710812 0.01482777454580706
10 0.31333098149393274 0.17592528696364287 0.008705320303441778 0.011575228788172609
12 0.31782716285748097 0.17788639969073924 0.008577774545807193 0.010012728788172609
10 0.2642078263431817 0.15975802408676518 0.008577774545807193 0.010012728788172609
24 0.2809489161914608 0.16382377075278534 0.008705320303441755 0.011575228788172609
16 0.43581201724962765 0.2155940805952455 0.010522911818710767 0.014827774545807238
28 0.3276645484633946 0.1809636022661147 0.008705320303441778 0.011575228788172609
23 0.29293873316092267 0.169053404691709 0.011830320303441732 0.011830320303441865
25 0.30511986876683633 0.17193928863063287 0.008705320303441778 0.011575228788172609
16 0.29906118740328813 0.17010572166117094 0.013647911818710811 0.015082866061076316
25 0.2757352577067299 0.16114518090450627 0.010522911818710812 0.014827774545807238
18 0.5412011478545715 0.23648092331846254 0.007015274545807237 0.009885183030538158
18 0.5336437393698406 0.23399365210663525 0.007015274545807237 0.009885183030538158
18 0.43389870194715574 0.2010054221105146 0.007270366061076316 0.013010183030538159
11 0.4665358587648967 0.20998193832137205 0.010522911818710767 0.014827774545807238
13 0.514160286794465 0.22549549695588417 0.013647911818710768 0.015082866061076316
21 0.5368325122486578 0.23295731059136618 0.007015274545807237 0.009885183030538158
15 0.45598099603780023 0.20618725862481382 0.010522911818710855 0.014827774545807238
29 0.4869281070979067 0.21685382059330588 0.008705320303441687 0.011575228788172609
10 0.5314913080062923 0.2318412207430871 0.008705320303441778 0.011575228788172609
23 0.5466061249757541 0.23681576316674172 0.008577774545807238 0.010012728788172609
24 0.45142104179543485 0.20500739589771744 0.011830320303441777 0.011830320303441865
22 0.5239338995215614 0.2293539495312597 0.013520366061076317 0.013520366061076317
18 0.37363075270576007 0.178763502415896 0.007270366061076316 0.013010183030538159
23 0.43780495194715574 0.2006865577164282 0.008705320303441687 0.011575228788172609
11 0.3585797086151155 0.1730077099922413 0.013647911818710811 0.015082866061076316
23 0.48321317573435857 0.2148289349873922 0.008705320303441687 0.011575228788172609
23 0.5088190825520995 0.22437940710760512 0.011830320303441689 0.011830320303441865
28 0.47415704012844484 0.21168795953319944 0.008705320303441687 0.011575228788172609
13 0.3253526204338263 0.16175121666020117 0.008705320303441733 0.011575228788172609
14 0.4960480155826376 0.21921354604749865 0.011830320303441777 0.011830320303441865
10 0.4628209274013485 0.20795705271545833 0.008705320303441778 0.011575228788172609
10 0.5036054240673685 0.22170081725932594 0.011830320303441777 0.011830320303441689
14 0.2686720567983443 0.1430966825714962 0.008705320303441733 0.011575228788172609
14 0.4915518342190895 0.21725243332040217 0.008705320303441687 0.011575228788172609
28 0.42731386209887656 0.19611062801986998 0.008705320303441687 0.011575228788172609
28 0.431873816341242 0.19729049074696636 0.008705320303441687 0.011575228788172609
14 0.47871699437081033 0.2128678222602957 0.008705320303441687 0.011575228788172609
10 0.4061403637658665 0.18930251862675346 0.008705320303441687 0.011575228788172609
11 0.305677849221999 0.1555968115094501 0.013647911818710811 0.015082866061076316
31 0.4167589993717802 0.19231594832331175 0.008705320303441778 0.011575228788172609
21 0.2731682381618925 0.14505779529859258 0.005452774545807215 0.009757637272903708
27 0.3880280925540392 0.18302056771836792 0.008705320303441778 0.011575228788172609
14 0.39258804679640463 0.1842004304454643 0.011830320303441777 0.011830320303441689
12 0.402361659523501 0.18805888302083976 0.008705320303441687 0.011575228788172609
23 0.41148156800823193 0.1904186084750326 0.011830320303441689 0.011830320303441689
18 0.28906430513135434 0.14996856484342996 0.007015274545807193 0.009885183030538158
14 0.36307588997866364 0.17496882271933778 0.011830320303441732 0.011830320303441865
29 0.2867843280101717 0.1493786334798818 0.008705320303441733 0.011575228788172609
24 0.31017403058554716 0.1575579242365464 0.008705320303441778 0.011575228788172609
10 0.31623271194909536 0.15939149120600832 0.008705320303441778 0.011575228788172609
10 0.4220364307353284 0.19421328817159084 0.008705320303441778 0.011575228788172609
23 0.29753050937371983 0.15082956317643995 0.008705320303441755 0.011575228788172609
22 0.3390324831609227 0.16529080484149022 0.013520366061076317 0.013520366061076317
16 0.44483620194715573 0.20011260180707283 0.013647911818710768 0.015082866061076316
28 0.33147507467619175 0.16280353362966302 0.008705320303441778 0.011575228788172609
27 0.3217014619490953 0.15894508105428748 0.008705320303441778 0.011575228788172609
23 0.3766919798269428 0.17928966090062692 0.011830320303441777 0.011830320303441689
25 0.38515818406930824 0.180150659233637 0.008705320303441733 0.011575228788172609
24 0.2921893051313543 0.14971347332816087 0.010267820303441732 0.011702774545807237
34 0.35199486876683633 0.1681129159015967 0.011830320303441777 0.011830320303441865
10 0.34737114164565364 0.1677143031745004 0.008705320303441733 0.011575228788172609
12 0.28241569240425796 0.14585502075278534 0.008705320303441733 0.011575228788172609
16 0.369389662857481 0.17367738968879962 0.010522911818710812 0.01482777454580706
14 0.2779195110407098 0.14389390802568905 0.008705320303441755 0.011575228788172609
34 0.2625 0.1359375 0.00625 0.0125
22 0.611465850429947 0.24083384134609123 0.015337957576345217 0.016772911818710767
28 0.8909624186073568 0.3344253761837022 0.013647911818710768 0.015082866061076316
15 0.6930348437619871 0.26832137043382626 0.010650457576345218 0.016390274545807236
17 0.7942786083058546 0.30196330467231236 0.011830320303441865 0.011830320303441865
17 0.833564377850692 0.31505336497381453 0.010522911818710767 0.014827774545807238
28 0.8789088287590777 0.32997699224477844 0.013647911818710768 0.015082866061076316
15 0.8069859023964993 0.30791041573241884 0.010522911818710767 0.01482777454580706
30 0.869852693153164 0.32683601679058566 0.013647911818710768 0.015082866061076316
11 0.6341380758841397 0.24829565498157322 0.013647911818710768 0.015082866061076316
29 0.7897186540634893 0.3007834419452161 0.008705320303441866 0.011575228788172609
29 0.8214470151235957 0.3113862310348908 0.008832866061076316 0.013137728788172608
12 0.9363068695157424 0.34934900345466613 0.015337957576345217 0.016772911818710767
18 0.9634752763334834 0.3587719298172445 0.012212957576345218 0.016517820303441864
20 0.686976162398439 0.2664878034643644 0.013647911818710768 0.015082866061076316
29 0.7368805675491901 0.28259129346242473 0.008705320303441866 0.011575228788172609
18 0.7413767489127382 0.28455240618952116 0.010522911818710767 0.014827774545807238
17 0.8562366033048849 0.3225151786092965 0.013647911818710768 0.015082866061076316
18 0.7663289514881138 0.2926041511885513 0.010650457576345395 0.016390274545807236
29 0.8434017634566058 0.31813056754919006 0.008705320303441866 0.011575228788172609
29 0.9589790949699353 0.356810817090148 0.008705320303441687 0.011575228788172609
24 0.7203307963373626 0.27618179679640464 0.011830320303441865 0.011830320303441689
29 0.8501779219413367 0.32068161163983466 0.008705320303441866 0.011575228788172609
10 0.6756400496713425 0.2627568966466235 0.011830320303441865 0.011830320303441865
31 0.7716701557304793 0.29372024103683037 0.008705320303441687 0.011575228788172609
29 0.8290044236083267 0.31387350224671806 0.007015274545807237 0.009885183030538158
30 0.9499229593640216 0.3536698416359553 0.011830320303441865 0.011830320303441865
27 0.953701663606387 0.35491347724186895 0.008705320303441866 0.011575228788172609
29 0.9755926390605797 0.3624390637561682 0.010522911818710767 0.014827774545807238
0 0.3085795796771616 0.13906301575181548 0.011830320303441777 0.011830320303441865
13 0.38480736876683636 0.16543445499127146 0.013647911818710811 0.015082866061076316
28 0.6485354157324188 0.2525527202840451 0.011830320303441865 0.011830320303441865
14 0.6680826411866116 0.26026962543479615 0.011830320303441865 0.011830320303441689
10 0.8380605592142404 0.3170144777009109 0.011830320303441865 0.011830320303441689
27 0.9084209855768186 0.33920859997090497 0.008705320303441866 0.011575228788172609
24 0.9808700704241279 0.3643364036044473 0.011830320303441689 0.011830320303441689
21 0.35392403058554717 0.15398664302277948 0.007015274545807237 0.009885183030538158
22 0.6266444402782261 0.24502713376974583 0.011830320303441689 0.011830320303441865
27 0.6439754614900535 0.25137285755694877 0.008705320303441866 0.011575228788172609
32 0.660589005580698 0.25700110422296873 0.011830320303441689 0.011830320303441865
28 0.6817625039137081 0.26380921361608534 0.008705320303441866 0.011575228788172609
24 0.6991572980043527 0.2693736874032881 0.011830320303441865 0.011830320303441865
27 0.7263257048220936 0.2787966137658665 0.006887728788172609 0.008322683030538158
22 0.7467179531551037 0.28566849603780026 0.013520366061076317 0.013520366061076317
14 0.7550566116398347 0.2880919943708104 0.011830320303441865 0.011830320303441865
14 0.7769475870940274 0.29561758088510964 0.011830320303441865 0.011830320303441865
23 0.7830062684575756 0.2974511478545715 0.011830320303441689 0.011830320303441865
10 0.8124546523964993 0.307464005580698 0.011830320303441865 0.011830320303441689
12 0.8177958566388648 0.30858009542897713 0.011830320303441865 0.011830320303441865
30 0.8993648499709049 0.3360676245167122 0.011830320303441865 0.011830320303441865
14 0.9136984169403668 0.3411059398191842 0.011830320303441865 0.011830320303441865
22 0.9197570983039152 0.34293950678864604 0.013520366061076317 0.013520366061076317
28 0.968099003454666 0.3591705425443409 0.011830320303441689 0.011830320303441689
14 0.6183057817934952 0.24260363543673585 0.011830320303441689 0.011830320303441865
14 0.6394792801265051 0.2494117448298523 0.011830320303441865 0.011830320303441689
27 0.7044347293679009 0.2712710272515674 0.008705320303441687 0.011575228788172609
24 0.9447093008792905 0.3509912517876762 0.011830320303441689 0.011830320303441865
15 0.2752887186170551 0.12858777241977534 0.005452774545807215 0.009757637272903708
0 0.3025208983136134 0.13722944878235363 0.008705320303441733 0.011575228788172609
22 0.7127733878526318 0.27369452558457735 0.013520366061076317 0.013520366061076317
14 0.801899789669403 0.30366932588413975 0.011830320303441865 0.011830320303441865
14 0.8608603304260676 0.3229137913363928 0.011830320303441865 0.011830320303441865
14 0.9288132339098286 0.3460804822428388 0.011830320303441689 0.011830320303441865
29 0.3667588704338263 0.15837125408288594 0.005452774545807238 0.00975763727290353
14 0.7308856590644591 0.27997647649296287 0.008705320303441866 0.011575228788172609
16 0.7635865887610173 0.2881717427038204 0.013647911818710768 0.015082866061076316
22 0.3244118737678062 0.14475503529665285 0.013520366061076271 0.013520366061076317
24 0.3720363017973745 0.160268593931165 0.011830320303441777 0.011830320303441865
12 0.36219891619146083 0.15719139135578947 0.008705320303441733 0.011575228788172609
18 0.36903884755500904 0.15896118544643406 0.007015274545807237 0.009885183030538158
23 0.3780949831609227 0.16210216090062693 0.011830320303441777 0.011830320303441689
14 0.3511178949796335 0.15033548453804854 0.011830320303441732 0.011830320303441689
10 0.3155470567983443 0.13927030984246008 0.010267820303441777 0.01170277454580706
8 0.29515480846533426 0.13239842757052633 0.010522911818710812 0.014827774545807238
29 0.2816024914958724 0.12729633938923718 0.008705320303441755 0.011575228788172609
23 0.34356048649490256 0.14784821332622117 0.011830320303441777 0.011830320303441865
25 0.9056148499709049 0.33555744148617406 0.013647911818710768 0.015082866061076316
14 0.35939278058554713 0.15354023287105853 0.011830320303441777 0.011830320303441865
29 0.2627089702840451 0.1210781613596689 0.005452774545807215 0.009757637272903708
10 0.39183861876683634 0.16486049908191608 0.011830320303441777 0.011830320303441865
24 0.3382192822525371 0.1467321234779421 0.011830320303441777 0.011830320303441689
10 0.27332760588995875 0.12409159105622711 0.008705320303441755 0.011575228788172609
27 0.2891598999806034 0.1297836106010645 0.008705320303441733 0.011575228788172609
34 0.3979610730092018 0.16591281605137792 0.013647911818710856 0.015082866061076316
14 0.2853811957382379 0.12853997499515088 0.008705320303441733 0.011575228788172609
28 0.26655144740522785 0.12154054696558259 0.008577774545807215 0.010012728788172609
24 0.2609375 0.11796875 0.003125 0.0109375
17 0.6182100580062924 0.22476243119437028 0.013647911818710768 0.015082866061076316
13 0.5456334274013485 0.20119712756082803 0.013647911818710768 0.015082866061076316
29 0.6415997605816678 0.23294172195103507 0.011830320303441865 0.011830320303441865
29 0.5320811104318867 0.1960950393795388 0.008705320303441687 0.011575228788172609
29 0.550974631643714 0.20231321740910707 0.008705320303441687 0.011575228788172609
17 0.7549608878526317 0.2702507901284449 0.008705320303441866 0.011575228788172609
13 0.808580224366931 0.28837916573241884 0.011830320303441865 0.011830320303441865
32 0.8388736311846721 0.2975470005797282 0.016900457576345396 0.01690045757634522
29 0.5350785646742521 0.1974024478642698 0.007015274545807237 0.009885183030538158
11 0.6937841428536016 0.24963514331264358 0.013647911818710768 0.015082866061076316
20 0.7163925954289772 0.25787820694812547 0.008705320303441866 0.011575228788172609
18 0.7382835708831699 0.2654037934624248 0.007015274545807237 0.009885183030538158
18 0.788187976033921 0.2815072834604851 0.010650457576345218 0.016390274545807236
15 0.9649420525462805 0.3408031798172445 0.010522911818710767 0.014827774545807238
18 0.9672220296674633 0.34139311118079263 0.007015274545807237 0.009885183030538158
29 0.9815555966369252 0.34643142648326464 0.008705320303441687 0.011575228788172609
18 0.9853343008792905 0.34767506208917826 0.010522911818710767 0.014827774545807238
21 0.4557895484633946 0.1705048501400829 0.007270366061076316 0.013010183030538159
18 0.5283024061895212 0.19485140377362517 0.010522911818710767 0.014827774545807238
29 0.47461929679640463 0.1775042781696512 0.007270366061076316 0.013010183030538159
29 0.8720369464871439 0.3095847439117684 0.008832866061076316 0.013137728788172608
17 0.8780956278506921 0.3114183108812302 0.011830320303441865 0.011830320303441865
29 0.8886504905777886 0.3152129905777885 0.010522911818710767 0.014827774545807238
13 0.9158188973955295 0.32463591694036686 0.013647911818710768 0.015082866061076316
29 0.9589471440615496 0.33818836284778264 0.008705320303441866 0.011575228788172609
18 0.9603820983039151 0.3396233170901481 0.010522911818710767 0.014827774545807238
18 0.44614348149393274 0.16508389756470737 0.005452774545807238 0.00975763727290353
18 0.47696304679640467 0.17731295953319942 0.010650457576345395 0.01639027454580706
24 0.5548171087648968 0.2027756030150208 0.008705320303441687 0.011575228788172609
20 0.8659782651235958 0.3077511769423065 0.013647911818710768 0.015082866061076316
21 0.9257200558802605 0.3269318695157423 0.008705320303441687 0.011575228788172609
13 0.4204738017973745 0.15631467544449446 0.010522911818710767 0.014827774545807238
21 0.4385860730092018 0.16259662635288005 0.007015274545807237 0.009885183030538158
18 0.4408660501303846 0.1631865577164282 0.007015274545807237 0.009885183030538158
29 0.44223723149393274 0.16540276195879366 0.007270366061076316 0.013010183030538159
14 0.5397022917954348 0.19780106059136618 0.008705320303441778 0.011575228788172609
27 0.7347599581560735 0.2610351578565111 0.011830320303441689 0.011830320303441689
29 0.7512459564890837 0.26822590452253114 0.008705320303441866 0.011575228788172609
24 0.7075277784595153 0.2523934814939327 0.011830320303441865 0.011830320303441865
30 0.9076077846684332 0.3206499186073568 0.011830320303441865 0.011830320303441689
10 0.9771231881521942 0.34368906375616814 0.011830320303441689 0.011830320303441865
21 0.3183212414958724 0.12429901408482565 0.008832866061076316 0.013137728788172608
28 0.681858098762957 0.24362425937371981 0.008705320303441866 0.011575228788172609
12 0.7128052098230635 0.2542908213422118 0.008705320303441687 0.011575228788172609
12 0.7702032505797283 0.27366283255209944 0.011830320303441865 0.011830320303441865
28 0.8261663370940274 0.2915998895196218 0.008705320303441866 0.011575228788172609
10 0.8548972439117684 0.30089527012456563 0.011830320303441865 0.011830320303441865
28 0.8608921523964993 0.30351008709402744 0.010522911818710767 0.01482777454580706
10 0.8850631049718748 0.3116256049718748 0.008705320303441866 0.011575228788172609
12 0.9447411228497223 0.3315875475453106 0.011830320303441689 0.011830320303441865
12 0.9719733025462804 0.3402292239078891 0.008705320303441866 0.011575228788172609
23 0.9953125 0.3484375 0.009375 0.0125
13 0.38346800937371983 0.14381454650654052 0.013647911818710856 0.015082866061076316
27 0.49826409088704926 0.1825585689263159 0.008705320303441687 0.011575228788172609
27 0.6357323978545715 0.22876440498157322 0.008705320303441866 0.011575228788172609
24 0.7007516199747844 0.2498424374032881 0.011830320303441865 0.011830320303441865
31 0.7226425954289771 0.25736802391758734 0.011830320303441865 0.011830320303441865
23 0.7438160937619871 0.26417613331070394 0.011830320303441865 0.011830320303441865
22 0.7846005904280073 0.2779198978545715 0.013520366061076317 0.013520366061076317
24 0.9016766490625194 0.317253851637895 0.011830320303441689 0.011830320303441865
27 0.9545785084556359 0.3346647501206862 0.008705320303441866 0.011575228788172609
24 0.9900855737581079 0.34651117481627464 0.011830320303441865 0.011830320303441689
27 0.5200275205836075 0.1916466554406151 0.008705320303441687 0.011575228788172609
29 0.39324162210081626 0.14767299908191606 0.010522911818710855 0.014827774545807238
10 0.4680344569481255 0.1726094840790066 0.011830320303441777 0.011830320303441689
13 0.3766280780101717 0.142044752415896 0.010522911818710812 0.014827774545807238
14 0.6244600580062923 0.22425224816383213 0.011830320303441689 0.011830320303441865
22 0.6599671233087643 0.2360986728594206 0.011830320303441689 0.011830320303441865
24 0.7778244319432763 0.27536885376392684 0.011830320303441689 0.011830320303441689
23 0.7951554531551037 0.2817145775511297 0.011830320303441689 0.011830320303441689
14 0.8465585854270374 0.29847177179155543 0.011830320303441865 0.011830320303441865
10 0.9311888058802605 0.32648545936402157 0.011830320303441689 0.011830320303441865
14 0.48086929679640467 0.17699409513911304 0.008705320303441687 0.011575228788172609
10 0.4937041366446838 0.1813787061992195 0.011830320303441689 0.011830320303441689
27 0.47181316119049105 0.17385311968492018 0.008705320303441778 0.011575228788172609
18 0.3804067822525371 0.1432883880218096 0.007015274545807237 0.009885183030538158
12 0.4484234586151155 0.1656738289282556 0.008705320303441687 0.011575228788172609
24 0.43330864164565364 0.1606992865046009 0.008705320303441778 0.011575228788172609
14 0.5035415222505975 0.18445590877459495 0.011830320303441777 0.011830320303441865
27 0.6478497605816679 0.2324315389204969 0.007015274545807237 0.009885183030538158
30 0.6531271919452161 0.23432887876877598 0.011830320303441865 0.011830320303441865
10 0.8155477014881137 0.28858645982306347 0.011830320303441689 0.011830320303441689
14 0.9235676245167121 0.3247794381521942 0.011830320303441865 0.011830320303441689
28 0.48692797815995287 0.17882766210857498 0.011830320303441689 0.011830320303441865
22 0.5254962705836075 0.19120024528889426 0.011830320303441689 0.011830320303441689
10 0.4098551661914608 0.15330124574793622 0.011830320303441689 0.011830320303441865
10 0.45220216285748094 0.16691746453416928 0.008705320303441687 0.011575228788172609
14 0.5156588849776937 0.18812304271351882 0.008705320303441778 0.011575228788172609
31 0.6765806673994088 0.24172691952544073 0.011830320303441865 0.011830320303441865
14 0.7634270920949973 0.27111178846145495 0.011830320303441865 0.011830320303441689
34 0.8956179676989713 0.31542028466843314 0.010522911818710767 0.01482777454580706
14 0.9507998042132705 0.3334211145147726 0.011830320303441865 0.011830320303441689
17 0.28971788043576596 0.1134411334798818 0.010522911818710812 0.01482777454580706
13 0.3403397627076997 0.13026210059912485 0.010522911818710855 0.01482777454580706
11 0.3478971711924307 0.13274937181095217 0.010522911818710812 0.014827774545807238
25 0.5111627036141456 0.18616192998642234 0.013647911818710856 0.015082866061076316
10 0.6297374893698405 0.22614958801211138 0.011830320303441865 0.011830320303441865
25 0.6675245317934951 0.23858594407124797 0.011830320303441689 0.011830320303441865
21 0.26171875 0.10234375 0.0046875 0.0109375
10 0.7287012767925253 0.25920159088704925 0.013647911818710768 0.015082866061076316
23 0.4144151204338263 0.1544811084750326 0.011830320303441689 0.011830320303441689
34 0.8216701557304791 0.2896387767925253 0.011830320303441689 0.011830320303441865
25 0.4636020484633946 0.1698671213519102 0.013647911818710768 0.015082866061076316
29 0.28000804058748685 0.10880143090450627 0.010522911818710812 0.014827774545807238
28 0.4031427805855472 0.1499689516572916 0.008705320303441687 0.011575228788172609
16 0.8012779073974692 0.28276689452059156 0.013647911818710768 0.015082866061076316
29 0.33134739998060336 0.1263398751449321 0.008832866061076272 0.013137728788172608
23 0.37141441952544074 0.13936616256761686 0.011830320303441732 0.011830320303441689
21 0.263330723618025 0.10395443423848612 0.005452774545807215 0.009757637272903708
34 0.9372474872438087 0.3283190263334834 0.013903003333980025 0.018207866061076317
10 0.38952669073726803 0.14564811347600237 0.008705320303441778 0.011575228788172609
14 0.32307251437468965 0.12313512681192193 0.008705320303441778 0.011575228788172609
14 0.39708409922199894 0.14813538468782977 0.011830320303441777 0.011830320303441689
25 0.42809498316092265 0.15802069665632174 0.013647911818710768 0.015082866061076316
28 0.30945642452641053 0.11881428863063288 0.008577774545807238 0.010012728788172609
10 0.3669182381618925 0.13740504984052046 0.011830320303441777 0.011830320303441689
12 0.32763246861705514 0.1243149895390184 0.008705320303441778 0.011575228788172609
12 0.3608595567983443 0.13557148287105852 0.008705320303441778 0.011575228788172609
14 0.3359073542229688 0.1275197378720284 0.008577774545807193 0.010012728788172609
32 0.27017065498157317 0.10572422832913073 0.013520366061076271 0.013520366061076317
27 0.29890156179931415 0.11501960893407456 0.008705320303441733 0.011575228788172609
14 0.31551510588995874 0.12064785560009472 0.011830320303441732 0.011830320303441865
12 0.2837867448298523 0.11004506651041997 0.008705320303441733 0.011575228788172609
14 0.29434160755694866 0.11383974620697819 0.010267820303441732 0.011702774545807237
28 0.3035252889204969 0.11541822166117095 0.008705320303441778 0.011575228788172609
10 0.2771381321027559 0.10593152241977535 0.008705320303441733 0.011575228788172609
34 0.3549284211924307 0.1321754159015967 0.010522911818710812 0.01482777454580706
21 0.5070331840693083 0.17020209013814327 0.005452774545807238 0.009757637272903708
21 0.510094411190491 0.1707282486228742 0.007270366061076316 0.013010183030538159
13 0.45947252891855717 0.15390728150363114 0.011830320303441689 0.011830320303441865
11 0.4987582984633946 0.1669973418051331 0.013647911818710768 0.015082866061076316
18 0.4783660501303846 0.16012545953319943 0.007270366061076316 0.013010183030538159
14 0.6551838995215614 0.21864010588995875 0.011830320303441689 0.011830320303441689
29 0.517651819675222 0.1732155198347014 0.008705320303441687 0.011575228788172609
15 0.6302954698250032 0.2098071108909286 0.007015274545807059 0.009885183030538158
12 0.700528350429947 0.23356373316092274 0.013647911818710768 0.015082866061076316
21 0.7141444402782261 0.2378845713422119 0.007015274545807237 0.009885183030538158
13 0.7800086852772562 0.2581175808851096 0.013647911818710768 0.015082866061076316
18 0.9475790804260675 0.3158350017876762 0.010522911818710767 0.014827774545807238
18 0.9747474872438087 0.32525792815025445 0.008832866061076316 0.013137728788172608
21 0.48214475437275006 0.16136909513911304 0.005452774545807238 0.00975763727290353
24 0.5131556383116738 0.17125440710760512 0.008705320303441778 0.011575228788172609
17 0.6417591283097341 0.21197551770866951 0.011830320303441865 0.011830320303441865
21 0.6597438537639269 0.21981996861705522 0.008832866061076316 0.013137728788172608
18 0.9883635770920878 0.3295787663315437 0.008832866061076316 0.013137728788172608
11 0.4119118737678062 0.1376124728691189 0.010522911818710767 0.014827774545807238
18 0.4859234586151155 0.16261273074502663 0.008832866061076316 0.013137728788172608
21 0.7127732589146779 0.23566836709984643 0.007015274545807059 0.009885183030538158
29 0.9256881049718748 0.30830941527337696 0.007015274545807237 0.009885183030538158
18 0.9294668092142404 0.3095530508792906 0.010522911818710767 0.014827774545807238
10 0.5033820255845773 0.16739595453222958 0.011830320303441689 0.011830320303441865
29 0.6740774207333887 0.22485828391952706 0.008832866061076316 0.013137728788172608
21 0.692970941945216 0.23107646194909534 0.007015274545807237 0.009885183030538158
21 0.7588351869442462 0.251309471491993 0.008832866061076316 0.013137728788172608
15 0.3501451974052278 0.11471684893213485 0.010522911818710855 0.01482777454580706
29 0.43321291785845073 0.14285808226223545 0.008705320303441778 0.011575228788172609
22 0.47021871028210543 0.15535821120018928 0.013520366061076317 0.013520366061076317
28 0.5214942967964047 0.1736779054406151 0.008705320303441687 0.011575228788172609
29 0.6357004469461859 0.21014195073920766 0.008705320303441687 0.011575228788172609
21 0.7565552098230635 0.2507195401284449 0.008832866061076316 0.013137728788172608
21 0.9114183108812302 0.30248984997090494 0.008832866061076316 0.013137728788172608
29 0.9567627617896157 0.31741347724186897 0.008705320303441687 0.011575228788172609
18 0.39014844407124794 0.12852438635481978 0.008832866061076316 0.013137728788172608
29 0.7376616886112362 0.24450136209887657 0.010522911818710767 0.014827774545807238
27 0.8056783649738145 0.2668868030053225 0.008577774545807238 0.010012728788172609
29 0.9786537372438087 0.32493906375616816 0.007015274545807059 0.009885183030538158
23 0.4897659357362982 0.16307511635094035 0.008705320303441687 0.011575228788172609
27 0.3720361728594206 0.12224243544643407 0.011830320303441777 0.011830320303441865
27 0.9726588287590777 0.32232424678670635 0.008705320303441866 0.011575228788172609
23 0.45588514331264357 0.15031989589771744 0.011830320303441689 0.011830320303441865
10 0.47627739164565364 0.1571917781696511 0.008705320303441778 0.011575228788172609
32 0.7709525496713425 0.25497660543091677 0.011830320303441865 0.011830320303441689
24 0.81023831921618 0.26806666573241883 0.011830320303441865 0.011830320303441865
10 0.8419666802762864 0.2786694548220936 0.011830320303441865 0.011830320303441865
32 0.8570814972457483 0.2836439972457483 0.011830320303441689 0.011830320303441689
12 0.9220369464871438 0.30550327966746327 0.011830320303441865 0.011830320303441689
23 0.9401492176989713 0.3117852305758488 0.011830320303441865 0.011830320303441865
23 0.99375 0.32890625 0.0125 0.0109375
10 0.40754323816189253 0.13408886014202254 0.011830320303441689 0.011830320303441865
28 0.4180981008889889 0.13788353983858084 0.008705320303441687 0.011575228788172609
12 0.6719887622486578 0.2219246025559789 0.008705320303441687 0.011575228788172609
10 0.7512777784595153 0.2488222002801658 0.008705320303441866 0.011575228788172609
12 0.817014477700911 0.27061770982306343 0.011830320303441689 0.011830320303441689
28 0.8283505904280073 0.27434861664080445 0.011830320303441689 0.011830320303441689
28 0.8472441116398347 0.28056679467037277 0.011830320303441865 0.011830320303441689
24 0.9333730592142404 0.3092341864852042 0.008705320303441866 0.011575228788172609
23 0.9522665804260676 0.31545236451477254 0.011830320303441865 0.011830320303441689
14 0.4362741449796335 0.14338424074696637 0.008705320303441778 0.011575228788172609
23 0.3947083983136134 0.12970424908191608 0.008705320303441778 0.011575228788172609
23 0.42865296361608535 0.14167821953513907 0.011830320303441777 0.011830320303441689
11 0.26328125 0.08515625 0.0078125 0.0140625
10 0.37809485422296885 0.12407600241589592 0.008705320303441733 0.011575228788172609
10 0.44982646194909537 0.14848632892825558 0.011830320303441689 0.011830320303441865
14 0.4233755322525371 0.1397808796868599 0.008705320303441687 0.011575228788172609
14 0.4422690534643644 0.1459990577164282 0.011830320303441689 0.011830320303441865
24 0.6266443113402722 0.2070009752850149 0.011830320303441865 0.011830320303441689
30 0.8782549955787584 0.29045210663886484 0.011830320303441865 0.011830320303441865
27 0.8827511769423065 0.2924132193659611 0.008577774545807238 0.010012728788172609
28 0.8880286083058546 0.2943105592142404 0.013647911818710768 0.015082866061076316
29 0.2919659066485631 0.0954086106010645 0.005452774545807215 0.00975763727290353
12 0.35692135588995877 0.11726789302277947 0.011830320303441732 0.011830320303441689
28 0.3879322398288825 0.12715320499127145 0.010522911818710855 0.01482777454580706
14 0.6644313537639268 0.2194373313441515 0.011830320303441689 0.011830320303441865
27 0.6863223292181196 0.22696291785845074 0.008705320303441866 0.011575228788172609
14 0.7203306673994089 0.23815563831167372 0.011830320303441865 0.011830320303441689
14 0.7316667801265051 0.2418865451294147 0.011830320303441865 0.011830320303441689
24 0.7633951411866116 0.2524893342190895 0.011830320303441865 0.011830320303441689
14 0.8630764057304792 0.28625881421521016 0.011830320303441689 0.011830320303441689
30 0.8948047667905857 0.29686160330488487 0.011830320303441689 0.011830320303441689
14 0.9077033795176821 0.30046496436499137 0.011830320303441689 0.011830320303441689
14 0.9174769922447783 0.3043234169403668 0.011830320303441689 0.011830320303441865
14 0.9605414660319813 0.31865711284778264 0.011830320303441865 0.011830320303441865
28 0.3842173084653343 0.12512831938535784 0.011830320303441777 0.011830320303441689
10 0.3622625601323242 0.11838398287105853 0.008705320303441778 0.011575228788172609
14 0.6478815825520995 0.21302783467813136 0.011830320303441865 0.011830320303441865
24 0.7082770775511297 0.23370725437274995 0.011830320303441689 0.011830320303441865
30 0.7876298666408045 0.25982360209693683 0.011830320303441689 0.011830320303441865
14 0.7928435251255354 0.26250219194521607 0.011830320303441689 0.011830320303441865
14 0.8230731590644591 0.2724512767925253 0.011830320303441865 0.011830320303441865
28 0.8336917946703728 0.2754647064890836 0.013647911818710768 0.015082866061076316
17 0.2980245880121113 0.09724217757052642 0.008705320303441733 0.011575228788172609
12 0.32525676770866957 0.1058838539331047 0.008705320303441778 0.011575228788172609
24 0.6787649207333887 0.2244756466466235 0.011830320303441689 0.011830320303441865
10 0.6886023063393024 0.22755284922199898 0.008705320303441866 0.011575228788172609
24 0.7445653928536016 0.24548990618952118 0.011830320303441689 0.011830320303441865
25 0.8019634336102662 0.26486191739940884 0.010522911818710767 0.01482777454580706
14 0.9000821981541339 0.29875894315316404 0.011830320303441865 0.011830320303441865
28 0.3350941533145832 0.10896105650848024 0.008705320303441778 0.011575228788172609
24 0.34714774316286234 0.11340944044740393 0.008705320303441778 0.011575228788172609
23 0.3683212414958724 0.12021754984052047 0.008577774545807238 0.010012728788172609
28 0.34037158467813144 0.11085839635675931 0.008705320303441733 0.011575228788172609
14 0.30258454225447673 0.09842204029762272 0.011830320303441732 0.011830320303441865
24 0.31919808634512137 0.10405028696364287 0.008705320303441733 0.011575228788172609
31 0.28297354392146673 0.09148638514687164 0.008705320303441755 0.011575228788172609
34 0.9817787372438087 0.32468397224089907 0.013647911818710768 0.015082866061076316
14 0.33053419907221776 0.10778119378138387 0.010267820303441777 0.011702774545807237
16 0.7264531216417742 0.23920795528113556 0.013647911818710768 0.015082866061076316
25 0.8729775642152102 0.28855476679058567 0.013647911818710768 0.015082866061076316
14 0.2874697252850149 0.09344749787396811 0.008705320303441733 0.011575228788172609
24 0.2609375 0.0828125 0.003125 0.0125
27 0.27841358967910124 0.09030652241977535 0.005452774545807215 0.009757637272903708
27 0.3147019049815732 0.1020891742365464 0.008705320303441778 0.011575228788172609
28 0.2693574540731876 0.08716554696558258 0.008705320303441733 0.011575228788172609
16 0.9674451702743468 0.3196456569384273 0.013903003333979846 0.018207866061076317
16 0.4008308525559789 0.13075656605137792 0.013647911818710856 0.015082866061076316
14 0.2747624311943703 0.08750038681386166 0.008705320303441755 0.011575228788172609
25 0.3110507464968423 0.09928303863063288 0.008705320303441778 0.011575228788172609
11 0.4957926661914608 0.14628622907803682 0.013647911818710768 0.015082866061076316
12 0.6529357443708104 0.19864647028404506 0.013903003333979846 0.018207866061076317
21 0.7126137622486578 0.21860841285748087 0.008832866061076316 0.013137728788172608
17 0.7201711707333887 0.22109568406930827 0.012212957576345395 0.016517820303441687
29 0.5146861874032881 0.1525044071076051 0.008705320303441778 0.011575228788172609
15 0.48973398482791264 0.14445266210857488 0.010522911818710767 0.014827774545807238
21 0.5048488017973745 0.14942720453222957 0.005452774545807238 0.009757637272903708
21 0.50784625603974 0.1507346130169605 0.005452774545807238 0.009757637272903708
24 0.4859552805855472 0.14320902650266126 0.011830320303441689 0.011830320303441865
24 0.5109074831609227 0.15126077150169143 0.008705320303441778 0.011575228788172609
22 0.6756717427038204 0.20532703391952706 0.011830320303441689 0.011830320303441689
29 0.7148937393698406 0.21919834422102918 0.008832866061076316 0.013137728788172608
13 0.3892714702840451 0.11074695499127145 0.013903003333979846 0.018207866061076317
18 0.46484555513135434 0.13561966710954473 0.009087957576345396 0.016262728788172608
28 0.5184648916456537 0.1537480427135188 0.008705320303441778 0.011575228788172609
10 0.5010700975550091 0.14818356892631587 0.011830320303441689 0.011830320303441689
22 0.6666156070979067 0.20218605846533427 0.013520366061076317 0.013520366061076317
23 0.6884428096732822 0.2104928949796335 0.011830320303441865 0.011830320303441689
15 0.3749379033145832 0.10570863968879962 0.010522911818710812 0.01482777454580706
11 0.4111624457382379 0.11827254150557076 0.013647911818710768 0.015082866061076316
24 0.6341059960378003 0.19164704225447676 0.011830320303441865 0.011830320303441865
24 0.6840104011885513 0.20775053225253712 0.011830320303441689 0.011830320303441689
32 0.6960639910368304 0.2121989161914609 0.011830320303441865 0.011830320303441865
13 0.3628843134663041 0.10126025574987585 0.010522911818710812 0.014827774545807238
23 0.4693417364949026 0.13758077983664113 0.011830320303441689 0.011830320303441689
18 0.3047050227096394 0.08195201741880549 0.010650457576345352 0.016390274545807236
24 0.43917587543479614 0.12685044498933182 0.011830320303441777 0.011830320303441689
12 0.45357321528307526 0.13110751029180373 0.008705320303441687 0.011575228788172609
30 0.6386659502801658 0.19282690498157323 0.011830320303441865 0.011830320303441865
27 0.644724631643714 0.19466047195103506 0.008705320303441687 0.011575228788172609
24 0.6590581986131758 0.1996987872535069 0.011830320303441865 0.011830320303441865
10 0.7088350580062923 0.21736477725156728 0.013647911818710768 0.015082866061076316
24 0.41728489998060336 0.1193248584750326 0.011830320303441689 0.011830320303441689
30 0.4596318966466234 0.13294107726126558 0.011830320303441689 0.011830320303441865
27 0.3938951974052278 0.11114556771836792 0.007015274545807237 0.009885183030538158
27 0.4634106008889889 0.13418471286717928 0.007015274545807237 0.009885183030538158
14 0.7027763766427441 0.21553121028210542 0.011830320303441865 0.011830320303441689
23 0.266200503164802 0.06879818423848612 0.013647911818710811 0.015082866061076316
28 0.4323997169500652 0.1242994008986873 0.008705320303441687 0.011575228788172609
18 0.29721138710372574 0.07868349620697809 0.008832866061076272 0.013137728788172608
24 0.3976739016475933 0.11238920332428162 0.008705320303441778 0.011575228788172609
27 0.4437358296771616 0.1280303077164282 0.008705320303441778 0.011575228788172609
33 0.4218448542229688 0.12050472120212899 0.008705320303441687 0.011575228788172609
14 0.3681617448298523 0.103157595598155 0.008705320303441778 0.011575228788172609
14 0.426341035586517 0.12246583392922546 0.008705320303441687 0.011575228788172609
22 0.350830723618025 0.09681187181095216 0.013520366061076317 0.013520366061076317
14 0.3343447252850149 0.0896211251449321 0.008705320303441778 0.011575228788172609
24 0.378780380435766 0.10617102529471331 0.008705320303441733 0.011575228788172609
28 0.3192299083155531 0.08464658272127731 0.008705320303441778 0.011575228788172609
27 0.3381234295273804 0.09086476075084571 0.008705320303441778 0.011575228788172609
10 0.35760688210275593 0.0993629159015967 0.011830320303441777 0.011830320303441865
32 0.326787316800284 0.08713385393310472 0.013520366061076271 0.013520366061076317
27 0.38327656179931413 0.10813213802180961 0.008705320303441733 0.011575228788172609
14 0.3426196108909286 0.09282587347794209 0.008705320303441733 0.011575228788172609
31 0.29505895574017754 0.07653106484342995 0.008705320303441755 0.011575228788172609
16 0.47637298649490256 0.13700682392728575 0.011830320303441689 0.011830320303441865
23 0.3139524769520049 0.08274924287299826 0.008705320303441778 0.011575228788172609
25 0.4045776058899587 0.11337774741492615 0.012212957576345395 0.016517820303441687
28 0.30183511422490844 0.07908210893407457 0.008705320303441733 0.011575228788172609
24 0.28900027437662934 0.07469749787396811 0.008705320303441755 0.011575228788172609
24 0.3087388184672739 0.08007065302471919 0.010267820303441732 0.01170277454580706
27 0.28522157013426386 0.07345386226805442 0.005325228788172676 0.008195137272903708
24 0.2739492302859848 0.0689417054503135 0.008705320303441733 0.011575228788172609
25 0.2815066387707157 0.07142897666214072 0.008705320303441733 0.011575228788172609
12 0.5264207839195271 0.12283288256179788 0.013647911818710768 0.015082866061076316
13 0.5989336416456537 0.14717943619534016 0.013903003333979846 0.018207866061076317
29 0.4525367448298523 0.09627012468589005 0.008705320303441687 0.011575228788172609
29 0.5740452119490953 0.13834644119631 0.008705320303441687 0.011575228788172609
17 0.45553419907221776 0.09757753317062097 0.008705320303441687 0.011575228788172609
14 0.5945650060397399 0.14365582346824377 0.011830320303441689 0.011830320303441689
25 0.4691502889204969 0.1018983713519102 0.011830320303441689 0.011830320303441689
27 0.5424443966466235 0.12618115210663525 0.008832866061076316 0.013137728788172608
28 0.4857638330111415 0.10752661801793036 0.013647911818710856 0.015082866061076316
21 0.4215258608909286 0.08638481271739806 0.007270366061076316 0.013010183030538159
29 0.5454418508889889 0.12748856059136618 0.010522911818710767 0.014827774545807238
28 0.5711753034643644 0.13547653271157908 0.008705320303441687 0.011575228788172609
24 0.5333882610407098 0.12304017665244249 0.011830320303441689 0.011830320303441865
24 0.5522817822525371 0.1292583546820108 0.011830320303441689 0.011830320303441865
14 0.5635541221008162 0.1337705114997517 0.008705320303441778 0.011575228788172609
16 0.38152261422490846 0.07257727529471322 0.013520366061076271 0.013520366061076317
14 0.41852840664856317 0.08507740423266714 0.013647911818710768 0.015082866061076316
10 0.47748894740522785 0.10432186968492019 0.011830320303441689 0.011830320303441865
31 0.5575592136160854 0.13115569453028986 0.008577774545807238 0.010012728788172609
21 0.40947227104264944 0.08193642877847437 0.010522911818710767 0.01482777454580706
27 0.566615349221999 0.13429666998448261 0.008705320303441778 0.011575228788172609
29 0.434424473618025 0.08998817377750452 0.007015274545807237 0.009885183030538158
2 0.3558529345283502 0.0638080531745004 0.010522911818710855 0.01482777454580706
30 0.5393831695254407 0.12565499362190433 0.011830320303441689 0.011830320303441865
25 0.5902601433126435 0.1393509607411474 0.013647911818710768 0.015082866061076316
2 0.3664715701342639 0.06682148287105863 0.013647911818710811 0.015082866061076316
18 0.43670445073920766 0.09057810514105266 0.007015274545807237 0.009885183030538158
24 0.5786689390702782 0.1387450539234064 0.008705320303441687 0.011575228788172609
12 0.4298645193756595 0.08880831105040805 0.011830320303441689 0.011830320303441865
0 0.3717490014978121 0.06871882271933778 0.013647911818710811 0.015082866061076316
30 0.4927950830111415 0.10695266210857497 0.011830320303441777 0.011830320303441865
27 0.5000973999806033 0.11256493332040218 0.008705320303441687 0.011575228788172609
22 0.5122147627076997 0.11623206725932596 0.013520366061076317 0.013520366061076317
31 0.6481843425540392 0.16178419907221775 0.013903003333979846 0.018207866061076317
14 0.46243790331458323 0.09856607726126558 0.011830320303441689 0.011830320303441865
14 0.519835944071248 0.11793808847115325 0.011830320303441777 0.011830320303441689
0 0.36197538877071567 0.06486037014396225 0.008705320303441778 0.011575228788172609
11 0.3114810522564165 0.046476903024719185 0.010522911818710812 0.01482777454580706
17 0.34301809468007105 0.059423442114393946 0.010522911818710812 0.01482777454580706
29 0.34002064043770563 0.05811603362966302 0.008705320303441778 0.011575228788172609
23 0.44732308634512136 0.09359153483761098 0.008705320303441778 0.011575228788172609
25 0.5842014619490954 0.13751739377168554 0.010522911818710767 0.01482777454580706
29 0.7004324977047902 0.17769637043382627 0.008832866061076316 0.013137728788172608
15 0.7026487019471557 0.1790675517973745 0.010650457576345395 0.016390274545807236
14 0.5062198542229688 0.11361725028986402 0.011830320303441689 0.011830320303441865
24 0.4412644049815732 0.09175796786814913 0.011830320303441777 0.011830320303441865
21 0.7109873604318866 0.18149105013038458 0.008832866061076316 0.013137728788172608
21 0.7124860875530693 0.18214475437274996 0.008832866061076316 0.013137728788172608
20 0.29936368952932 0.04280976908579541 0.010522911818710812 0.014827774545807238
15 0.32203591498351286 0.05027158272127741 0.007270366061076316 0.013010183030538159
27 0.40360490831555307 0.07775911180901254 0.008705320303441687 0.011575228788172609
14 0.3900525913460912 0.0726570236277233 0.011830320303441732 0.011830320303441689
14 0.39910872695200483 0.07579799908191606 0.008705320303441687 0.011575228788172609
14 0.4270583837697458 0.08515715256567713 0.008705320303441687 0.011575228788172609
25 0.4980725143746897 0.10885000195685404 0.010522911818710767 0.014827774545807238
23 0.3938312955884567 0.073900659233637 0.011830320303441732 0.011830320303441865
10 0.4081648625579185 0.07893897453610883 0.008705320303441778 0.011575228788172609
14 0.3492680946800711 0.058913259083855786 0.008705320303441778 0.011575228788172609
14 0.6552155925540392 0.16121024316286237 0.011830320303441689 0.011830320303441689
27 0.6597755467964046 0.16239010588995875 0.007015274545807237 0.009885183030538158
27 0.670330409523501 0.16618478558651706 0.008705320303441866 0.011575228788172609
12 0.6967813392200594 0.17489023482791258 0.011830320303441865 0.011830320303441865
27 0.32881207346824376 0.05282262681192194 0.008705320303441778 0.011575228788172609
30 0.7073362019471556 0.17868491452447088 0.008705320303441866 0.011575228788172609
24 0.3250971421046956 0.05079774120600833 0.008705320303441778 0.011575228788172609
28 0.3039236437716855 0.0439896318128918 0.008705320303441778 0.011575228788172609
14 0.3341532777106092 0.05393871666020118 0.008705320303441733 0.011575228788172609
31 0.26476541998448266 0.029337071511389735 0.010267820303441732 0.011702774545807237
14 0.6741091137658666 0.16742842119243068 0.011830320303441865 0.011830320303441689
28 0.6808852722505975 0.1699794652830752 0.008705320303441866 0.011575228788172609
14 0.6915039078565111 0.1729928949796335 0.011830320303441689 0.011830320303441689
14 0.2897176225598582 0.03738881651041996 0.011830320303441754 0.011830320303441865
14 0.31747596074114737 0.04909171999418103 0.011830320303441777 0.011830320303441865
32 0.28365894119631 0.03555524954095803 0.013520366061076271 0.013520366061076317
23 0.2761015327115791 0.033067978329130734 0.011830320303441732 0.011830320303441689
14 0.26926160134803084 0.03129818423848611 0.011830320303441754 0.011830320303441865
14 0.2949950539234064 0.03928615635869903 0.008705320303441733 0.011575228788172609
14 0.26171875 0.0265625 0.0046875 0.0125
34 0.6651805239175873 0.16272494573823781 0.008705320303441866 0.011575228788172609
34 0.717301133310704 0.18019961709984642 0.010522911818710767 0.014827774545807238
25 0.6855727722505975 0.16959682801017167 0.013647911818710768 0.015082866061076316
18 0.3354287352869546 0.03831371666020118 0.005452774545807238 0.009757637272903708
17 0.3558209836199646 0.04518559893213485 0.008705320303441733 0.011575228788172609
13 0.3022016471056654 0.027057223328160872 0.008705320303441778 0.011575228788172609
11 0.3143827827115791 0.029943107267084556 0.008705320303441733 0.011575228788172609
21 0.33314875816577183 0.03772378529665286 0.008832866061076272 0.013137728788172608
11 0.28193694453028983 0.018622841056227114 0.011830320303441732 0.011830320303441777
29 0.35282352937759914 0.04387819044740393 0.008705320303441733 0.011575228788172609
29 0.3641596421046956 0.04760909726514502 0.008705320303441778 0.011575228788172609
18 0.2704732860455589 0.016454434238486117 0.008832866061076272 0.013137728788172608
10 0.3620072107411474 0.04545666590159669 0.008705320303441778 0.011575228788172609
27 0.32728139543867546 0.03354646832719101 0.007015274545807237 0.009885183030538158
17 0.2625 0.0109375 0.00625 0.0125
23 0.3416149624081373 0.03858478362966302 0.008705320303441778 0.011575228788172609
30 0.33177757680222364 0.03550758105428749 0.008705320303441778 0.011575228788172609
28 0.30760662422684815 0.02739206317644003 0.008705320303441778 0.011575228788172609
30 0.29099308013620356 0.02176381651041992 0.011830320303441732 0.011830320303441777
24 0.2857156487726553 0.01986647666214081 0.011830320303441732 0.011830320303441689
27 0.2743795360455589 0.01613556984439981 0.006887728788172698 0.008322683030538158
23 0.29627051149975175 0.02366115635869903 0.011830320303441732 0.011830320303441689
14 0.26838462756082804 0.013520752874937925 0.008705320303441733 0.011575228788172697
34 0.31978775983276175 0.03027794711536371 0.010522911818710812 0.014827774545807238
16 0.3463662352869546 0.03742089635675931 0.012085411818710812 0.014955320303441866
21 0.5571764474052279 0.09781703604555894 0.008832866061076316 0.013137728788172608
29 0.5664876745264106 0.0978330114997517 0.008705320303441778 0.011575228788172609
13 0.48120374983082215 0.06832059680610296 0.010522911818710767 0.014827774545807238
13 0.5377567677086696 0.08853763089480786 0.013647911818710768 0.015082866061076316
14 0.570266378768776 0.0990766471056654 0.011830320303441777 0.011830320303441689
29 0.5113058380121113 0.07983218165341235 0.008705320303441687 0.011575228788172609
27 0.5748263330111415 0.10025650983276187 0.008705320303441778 0.011575228788172609
17 0.5150845422544768 0.08107581725932586 0.008705320303441687 0.011575228788172609
10 0.5627727431628624 0.095808125893838 0.008705320303441687 0.011575228788172609
28 0.5521541075569487 0.09279469619727987 0.011830320303441689 0.011830320303441865
13 0.42602191331652295 0.05031976695976352 0.010522911818710767 0.014827774545807238
29 0.4721476142249085 0.0651796213519102 0.010522911818710767 0.014827774545807238
11 0.38217618952932003 0.03604984393116508 0.010522911818710812 0.014827774545807238
13 0.44426173028598476 0.05503921786814914 0.011830320303441689 0.011830320303441865
14 0.5243957693756596 0.08109179271351871 0.011830320303441689 0.011830320303441689
18 0.4124058234682438 0.04599892877847438 0.008832866061076316 0.013137728788172608
10 0.5423804948298523 0.08893624362190433 0.008705320303441687 0.011575228788172609
29 0.5008147481638321 0.07525625195685404 0.005452774545807238 0.009757637272903708
14 0.5302631321027559 0.08526910968298065 0.011830320303441777 0.011830320303441865
21 0.3368955114997517 0.02034496666020109 0.007270366061076272 0.013010183030538159
21 0.36934134968104093 0.03166523287105853 0.008832866061076316 0.013137728788172608
27 0.5197082693756595 0.08147442998642233 0.008705320303441687 0.011575228788172609
23 0.4684964557401775 0.06237348574599651 0.008705320303441687 0.011575228788172609
21 0.3370230572573863 0.018782466660201093 0.007270366061076316 0.013010183030538159
13 0.37552757680222365 0.03193629984052047 0.013903003333979891 0.018207866061076317
23 0.4397655489224365 0.05307810514105267 0.011830320303441689 0.011830320303441865
24 0.4586590701342638 0.05929628317062097 0.008705320303441778 0.011575228788172609
24 0.5062197252850149 0.0755910918051331 0.011830320303441689 0.011830320303441865
18 0.3082921504396453 0.0094870860552573 0.005452774545807238 0.00975763727290362
18 0.31435083180319345 0.01132065302471914 0.007270366061076316 0.013010183030538159
10 0.4337068675588884 0.051244538171590824 0.011830320303441689 0.011830320303441865
11 0.32646819453028986 0.014987786963642868 0.010522911818710812 0.014827774545807238
30 0.48960618119437027 0.06996284513911304 0.011830320303441689 0.011830320303441689
14 0.4767713413460912 0.06557823407900668 0.008705320303441687 0.011575228788172609
12 0.4050397336199646 0.04116790756664699 0.008705320303441687 0.011575228788172609
12 0.4526003887707157 0.05746271620115913 0.011830320303441689 0.011830320303441865
27 0.39520234801405096 0.03809070499127145 0.008705320303441778 0.011575228788172609
21 0.309790877560828 0.01014079029762276 0.005452774545807238 0.00975763727290362
30 0.46393650149781207 0.06119362301890021 0.008705320303441778 0.011575228788172609
34 0.549347971951035 0.08914353771254895 0.013903003333979846 0.018207866061076317
22 0.296875 0.00546875 0.0125 0.0109375
14 0.40875466498351287 0.04319279317256068 0.008705320303441687 0.011575228788172609
14 0.42165327771060923 0.04679615423266714 0.011830320303441777 0.011830320303441689
29 0.3468604428632999 0.02185966923557663 0.008705320303441778 0.011575228788172609
10 0.3324631030150208 0.01760260393310471 0.008705320303441778 0.011575228788172697
14 0.39898105225641645 0.039334340597185144 0.008705320303441687 0.011575228788172609
25 0.49572863543673573 0.07101516210857488 0.010522911818710767 0.014827774545807238
14 0.3877087124081373 0.03482218377944424 0.008705320303441778 0.011575228788172609
28 0.34992166998448265 0.022385827720307595 0.008705320303441778 0.011575228788172697
31 0.4164396192258783 0.044117564384388075 0.008705320303441687 0.011575228788172609
30 0.36809771407512726 0.027886528628693164 0.008705320303441733 0.011575228788172609
23 0.3189745589243762 0.011719265751815566 0.008705320303441778 0.011575228788172609
24 0.34158301149975173 0.019962329387297518 0.008705320303441733 0.011575228788172697
24 0.3620390327115791 0.026052961659231322 0.008705320303441733 0.011575228788172609
10 0.3030784919549144 0.006808496206978187 0.008705320303441733 0.011575228788172609
12 0.35676160134803087 0.024155621810952165 0.008705320303441778 0.011575228788172609
13 0.5180500455884567 0.06376077150169142 0.013647911818710768 0.015082866061076316
29 0.5059326828613603 0.060093637562767734 0.007015274545807237 0.009885183030538158
21 0.4629319819529747 0.044978691655351885 0.008832866061076316 0.013137728788172608
11 0.47498557180125384 0.04942707559427566 0.013903003333979846 0.018207866061076317
13 0.46820941331652294 0.046876031503631135 0.013647911818710768 0.015082866061076316
20 0.4411685522564165 0.03589060514105267 0.008705320303441687 0.011575228788172609
23 0.5038440243766293 0.0571599561992195 0.008705320303441778 0.011575228788172609
29 0.4199950539234064 0.02908249574793622 0.008705320303441778 0.011575228788172609
13 0.35810083180319346 0.007749371810952166 0.011830320303441777 0.011830320303441689
12 0.49022793452835023 0.052839118017930356 0.011830320303441689 0.011830320303441865
18 0.3453125 0.00546875 0.00625 0.0109375
24 0.4933529345283502 0.05258402650266127 0.008705320303441687 0.011575228788172609
21 0.34765625 0.00546875 0.0078125 0.0109375
29 0.39210916998448264 0.01894209226417507 0.010522911818710812 0.014827774545807238
18 0.37171692165147263 0.01207020999224131 0.007270366061076272 0.013010183030538159
30 0.5000653201342639 0.05591632059330589 0.008705320303441778 0.011575228788172609
27 0.43517364377168555 0.033275788171590825 0.008705320303441687 0.011575228788172609
17 0.3769943530150208 0.013967549840520465 0.008705320303441778 0.011575228788172697
22 0.4261175081657719 0.03013481271739806 0.013520366061076317 0.013520366061076317
24 0.38318058013620354 0.014238616809982308 0.008705320303441778 0.011575228788172609
10 0.3996665784692136 0.02142936347600246 0.008705320303441778 0.011575228788172609
10 0.43211241665050276 0.032749629686859905 0.008705320303441687 0.011575228788172609
32 0.4495072107411474 0.03831410347406274 0.013520366061076317 0.013520366061076317
30 0.4593445963470611 0.04139130604943828 0.008577774545807238 0.010012728788172609
29 0.37321564877265534 0.012723914234606771 0.008705320303441778 0.011575228788172609
14 0.5137451828613603 0.059455908774594945 0.011830320303441689 0.011830320303441865
28 0.41706137255985815 0.0269938372632053 0.008705320303441687 0.011575228788172609
32 0.3656582402879244 0.010236643022779468 0.011830320303441732 0.011830320303441689
24 0.4125014183174927 0.02581397453610883 0.008705320303441687 0.011575228788172609
24 0.45556589210469556 0.04014767044352467 0.008705320303441687 0.011575228788172609
14 0.48045432180125386 0.04898066544255482 0.011830320303441689 0.011830320303441865
30 0.3883304657421172 0.017698456658261464 0.011830320303441732 0.011830320303441689
22 0.3359375 0.0015625 0.0125 0.003125
10 0.3421875 0.003125 0.009375 0.00625
25 0.4065702827115791 0.022417907566647032 0.008705320303441687 0.011575228788172697
14 0.3515625 0.00390625 0.009375 0.0078125
18 0.5361303658918983 0.05142026816771157 0.010650457576345395 0.01639027454580706
15 0.5384103430130811 0.05201019953125972 0.008832866061076316 0.013137728788172608
13 0.49234841498351284 0.03636909513911304 0.013903003333979846 0.018207866061076317
13 0.5504639328613603 0.0564585834701834 0.013903003333979846 0.018207866061076317
13 0.45240894119631003 0.02178030771642825 0.012212957576345395 0.016517820303441778
11 0.5113057090741575 0.04180602316868134 0.013647911818710768 0.015082866061076316
18 0.5408178658918984 0.05103763089480786 0.007270366061076316 0.013010183030538159
11 0.40234375 0.00546875 0.0140625 0.0109375
27 0.5340417074071675 0.04848658680416325 0.008705320303441687 0.011575228788172609
18 0.39140625 0.003125 0.0078125 0.00625
29 0.47136623528695465 0.027217235745996503 0.007015274545807237 0.009885183030538158
14 0.5453778201342638 0.05221749362190433 0.011830320303441777 0.011830320303441865
31 0.5249855718012538 0.045345611349970484 0.008705320303441687 0.011575228788172609
29 0.5000971421046956 0.036512616350940344 0.010522911818710767 0.014827774545807238
18 0.38359375 0.00234375 0.0078125 0.0046875
14 0.5167106861953401 0.042140863016960496 0.011830320303441689 0.011830320303441865
21 0.41328125 0.0078125 0.0109375 0.015625
29 0.42224308013620354 0.011049972869118907 0.010522911818710767 0.014827774545807238
21 0.45019273695394457 0.020409126352880058 0.010650457576345395 0.016390274545807236
24 0.503094596347061 0.03782002483567126 0.010522911818710767 0.01482777454580706
23 0.4774249166505028 0.029050802715458346 0.011830320303441689 0.011830320303441865
14 0.48719852937759917 0.03290925529083388 0.011830320303441689 0.011830320303441865
21 0.3859375 0.0015625 0.00625 0.003125
10 0.7586115305855472 0.12095229179543487 0.013647911818710768 0.015082866061076316
21 0.4109375 0.00703125 0.009375 0.0140625
14 0.48192109801405103 0.031011915442554817 0.011830320303441689 0.011830320303441865
32 0.4352692386209345 0.013090833929225365 0.013520366061076317 0.013520366061076317
24 0.4412641471056654 0.01570565089868725 0.008705320303441687 0.011575228788172697
23 0.4616563954386755 0.02257753317062101 0.008705320303441687 0.011575228788172697
11 0.7004322398288825 0.10164405346436442 0.013647911818710768 0.015082866061076316
17 0.7374380322525371 0.11414418240231834 0.013647911818710768 0.015082866061076316
25 0.7525528492219989 0.11911872482597294 0.013647911818710768 0.015082866061076316
14 0.5295455260436193 0.046525474077066954 0.008705320303441687 0.011575228788172609
24 0.42015442165147265 0.00811629150557076 0.008705320303441687 0.011575228788172609
24 0.46693382680222373 0.024474873018900167 0.011830320303441777 0.011830320303441777
22 0.6800399914958725 0.09477217119243067 0.013647911818710768 0.015082866061076316
28 0.7676676661914609 0.12409326724962763 0.013647911818710768 0.015082866061076316
30 0.44582410134803085 0.01688551362578363 0.008705320303441687 0.011575228788172697
28 0.42693058013620355 0.010667335596215332 0.008705320303441687 0.011575228788172697
23 0.39609375 0.00234375 0.0078125 0.0046875
15 0.7276006466466234 0.1110669798269428 0.010650457576345395 0.016390274545807236
29 0.7321606008889889 0.11224684255403919 0.008832866061076316 0.013137728788172608
23 0.7790675517973745 0.12704292406736856 0.011830320303441689 0.011830320303441865
29 0.7887773916456536 0.13168262664274408 0.010522911818710767 0.01482777454580706
10 0.40859375 0.0046875 0.0078125 0.009375
22 0.6943735584653343 0.09981048649490258 0.011830320303441865 0.011830320303441689
28 0.7156108296771616 0.10583734588801903 0.008705320303441687 0.011575228788172609
14 0.794899845888019 0.13273494361220592 0.011830320303441865 0.011830320303441865
14 0.705773444071248 0.10276014331264349 0.011830320303441865 0.011830320303441865
24 0.7238857152830752 0.1090420942210292 0.008705320303441866 0.011575228788172609
14 0.7737901204338262 0.12514558421908947 0.011830320303441865 0.011830320303441689
10 0.7850624602821055 0.1296577410368304 0.008705320303441687 0.011575228788172609
14 0.6883786499806034 0.09719566952544074 0.011830320303441865 0.011830320303441865
14 0.7442779636160853 0.11591397649296287 0.011830320303441865 0.011830320303441865
27 0.7110508754347962 0.10465748316092274 0.008705320303441687 0.011575228788172609
29 0.26640625 0.4375 0.0140625 0.03125
27 0.2745882484536962 0.44139079029762274 0.02053564060688349 0.023405549091614474
30 0.2859243611807927 0.4451216971153638 0.027040732122152567 0.027040732122152633
22 0.30559913239262 0.4512761022661147 0.035108323637421626 0.030803460910325244
25 0.32774519936208185 0.4556766887804141 0.0322384151526907 0.03367336939505634
21 0.2754331423945596 0.40251960893407457 0.016103232122152568 0.02614791181871077
29 0.2996040949699352 0.41063512681192205 0.0322384151526907 0.03367336939505616
13 0.28527052800047337 0.4055968115094501 0.025860869395056163 0.03160068636451818
30 0.32109645769703155 0.41353698620503854 0.02378818636451805 0.025223140606883375
22 0.3383637060300416 0.4206639599922413 0.028603232122152544 0.027168277879787085
10 0.26796875 0.3953125 0.0171875 0.028125
27 0.3097603449699352 0.40980607938729746 0.017283094849248927 0.02158795757634522
25 0.35907481875713804 0.42362959226417507 0.025860869395056163 0.031600686364518
18 0.6439758483039151 0.3654513330111415 0.007015274545807237 0.009885183030538158
31 0.13203125 0.9390625 0.2546875 0.121875
13 0.07578125 0.9015625 0.1515625 0.196875
28 0.14609375 0.78046875 0.2265625 0.4046875
19 0.071875 0.6875 0.14375 0.296875
24 0.259375 1 0.8532280734375 1 0.8753403875 0.9529675140624999 0.893625671875 0.8429142859375001 0.8577289499999999 0.6879934828125001 0.7710569875 0.605490296875 0.6517346359375 0.5746437078125 0.550408778125 0.594469859375 0.45988081562499994 0.644699653125 0.329407596875 0.7798922703125 0.259375 0.9288503218749999 0.259375 1