0 0.9171875 0.39453125 0.0921875 0.175
0 0.8875 0.91875 0.084375 0.1625
1 0.0984375 0.084375 0.06875 0.16875
2 0.2953125 0.0953125 0.0953125 0.171875
3 0.5 0.1046875 0.090625 0.184375
4 0.71953125 0.1171875 0.1015625 0.1765625
5 0.93359375 0.12578125 0.0890625 0.1765625
6 0.1 0.35 0.0828125 0.175
7 0.284375 0.359375 0.0796875 0.1703125
8 0.47578125 0.36953125 0.0890625 0.1671875
9 0.66796875 0.3796875 0.0828125 0.1703125
1 0.84140625 0.3875 0.065625 0.178125
1 0.06796875 0.61171875 0.0609375 0.1671875
1 0.1234375 0.61875 0.0546875 0.1734375
1 0.23203125 0.62265625 0.0578125 0.1671875
1 0.05546875 0.878125 0.059375 0.1671875
1 0.2359375 0.8890625 0.0609375 0.1703125
1 0.43203125 0.63359375 0.05625 0.171875
1 0.6234375 0.6421875 0.0625 0.1703125
1 0.828125 0.65625 0.0578125 0.1703125
1 0.4140625 0.8984375 0.0609375 0.175
1 0.60390625 0.90859375 0.05625 0.16875
2 0.309375 0.625 0.0875 0.165625
3 0.5015625 0.63515625 0.0734375 0.1640625
4 0.703125 0.64921875 0.090625 0.171875
5 0.90234375 0.6578125 0.078125 0.1734375
6 0.1265625 0.88203125 0.0796875 0.1734375
7 0.30546875 0.89140625 0.084375 0.1734375
8 0.48984375 0.9 0.0921875 0.171875
9 0.67265625 0.91171875 0.0859375 0.1703125
2 0.80234375 0.91484375 0.0953125 0.1703125