6 0.0234375 0.09140625 0.046875 0.1828125
7 0.1140625 0.03984375 0.178125 0.0796875
1 0.09344680339353566 0.3253540380049483 0.15943997402109958 0.18396112602253184
1 0.14398775277311698 0.2980497404330885 0.15809599530842303 0.18704066191590946
1 0.23603885895763285 0.23744119787579362 0.15620571337743777 0.18230769780928657
1 0.403125 0.409375 0.15625 0.08125
1 0.4092964064759583 0.129065093560874 0.1595492346647612 0.185523626022532
1 0.5734375 0.0578125 0.165625 0.115625
1 0.56015625 0.36015625 0.1640625 0.1796875
1 0.67265625 0.26171875 0.0546875 0.1828125
2 0.30267470190059687 0.19401179513108432 0.18386081981405517 0.19870558762187224
3 0.4671875 0.09140625 0.16875 0.1828125
4 0.625 0.0421875 0.15 0.084375
6 0.30546875 0.43515625 0.1734375 0.0296875
7 0.46328125 0.38515625 0.1828125 0.1296875
8 0.6140625 0.321875 0.171875 0.20625
32 0.85 0.225 0.3 0.45
22 0.35 0.725 0.7 0.55
32 0.85 0.725 0.3 0.55