7 0.3026497627704952 0.15285720607890543 0.04324201734563573 0.09111589600572714
6 0.2015594301002226 0.1251220100652243 0.052780649347544895 0.10528748400699968
5 0.09816171009704103 0.10048454205122485 0.04324201734563582 0.09111589600572714
5 0.05 0.2546875 0.053125 0.028125
4 0.00859375 0.07421875 0.0171875 0.0890625
3 0.07384296276254103 0.09160898138127056 0.054343149347544806 0.10530566534054522
3 0.1765139767663591 0.12092485872849715 0.05281701201463562 0.10841248400699968
3 0.27915771876985895 0.14789698607572382 0.05107269867918127 0.09276930267345432
3 0.36875 0.17734375 0.021875 0.0921875
4 0.02734375 0.2515625 0.0546875 0.034375
3 0.60625 0.134375 0.453125 0.26875
11 0.3796875 1 0.3796875 0.346979978125 0.1672095953125 0.348216640625 0.18616685156249999 1 0.3796875 1
12 0.5269455640625 0.26875 0.5046428109375001 0.294238609375 0.45853880468749997 0.42786961718749994 0.45675293906250003 0.6529295265625 0.5201557109375 0.8275990203125 0.606125709375 0.9187854984375001 0.6820686109375 0.9516841625 0.8072665765625 0.9592906546875 0.9143494671875001 0.9169915765625 0.9631197531249999 0.8750318874999999 1 0.8082364703125 1 0.6743045624999999 0.9401568921875001 0.6584511890625 0.9021408687499999 0.78369995625 0.8536129718750001 0.8339934015625001 0.7960275375 0.8593340625 0.687490315625 0.8516306015625 0.6108202453125 0.7937306671875 0.5476598609375001 0.627394928125 0.5423273015625 0.44405228750000003 0.580828103125 0.33547103125 0.645206896875 0.26875 0.5269455640625 0.26875