6 0.1203125 0.253125 0.09375 0.053125
7 0.05617562901010427 0.2025244686505462 0.08656885277546911 0.09315111067790856
8 0.01875 0.1203125 0.0375 0.096875
4 0.37578125 0.25703125 0.0859375 0.0453125
1 0.34375 0.23125 0.103125 0.096875
5 0.32965954996063135 0.21966432594686616 0.10614652372599612 0.11368178668045381
1 0.2796476211014388 0.16240635662000216 0.09476335475263546 0.10261701734563573
6 0.2662244496566202 0.13989555728836578 0.10289418973360735 0.11052042401336308
1 0.20927677129171932 0.08506315396245627 0.09476335475263546 0.10261701734563573
7 0.1929196008354838 0.06727621729791071 0.10126802273741298 0.10893974267981754
1 0.1453125 0.03046875 0.1 0.0609375
8 0.1296875 0.021875 0.103125 0.04375
6 0.38984375 0.0359375 0.0578125 0.071875
2 0.3953125 0.046875 0.046875 0.09375
13 0.709375 0.13984375 0.58125 0.2796875
6 0.209375 0.63984375 0.41875 0.7203125
14 0.710691978125 0.2796875 0.9178837312500001 0.423551234375 0.933312953125 0.4437970359375 0.8848645609375 0.48641695 0.820986946875 0.5087910609375 0.5631637015625 0.3297713140625 0.4552527265625 0.416895940625 0.7196868234375 0.6005059375 0.6756417671875 0.6366507968749999 0.6337925312499999 0.65525530625 0.41875 0.5059403796874999 0.41875 0.6814132015625 0.682346196875 0.870086284375 1 0.6304668234374999 1 0.30898352500000004 0.9578080265625001 0.2796875 0.710691978125 0.2796875