1 0.02421875 0.20859375 0.0484375 0.0921875
3 0.03359375 0.18359375 0.0671875 0.1078125
1 0.062176590779937556 0.13490414976756887 0.10378427956950462 0.08824268119435104
4 0.07729432258297249 0.11323124556052448 0.13612589867609248 0.11386539406758586
1 0.13371129652812458 0.06309448776685436 0.11999147642635144 0.10183528763096845
5 0.15234375 0.0484375 0.1203125 0.096875
1 0.20703125 0.01953125 0.1109375 0.0390625
6 0.23046875 0.0140625 0.1171875 0.028125
8 0.5078125 0.015625 0.084375 0.03125
7 0.44212526406313585 0.054876704246385355 0.1005137303552928 0.0848991599070276
6 0.3667934702256076 0.12406946463794552 0.11188787799792799 0.09503898441265975
6 0.50078125 0.2734375 0.0984375 0.1
5 0.2967121025667618 0.19833213728232177 0.10378427956950453 0.08824268119435104
5 0.4364380744449994 0.345266757464694 0.09880568114108108 0.08166489926336595
4 0.22063544603278656 0.26668901735205114 0.10378427956950453 0.08824268119435104
4 0.36328125 0.41640625 0.1015625 0.0859375
3 0.14534003949881127 0.3351005277436113 0.11188787799792799 0.09503898441265975
3 0.28984375 0.4484375 0.1171875 0.021875
2 0.07745687262575371 0.4126520913534801 0.11174232878371626 0.09191398441265974
2 0.0578125 0.41640625 0.115625 0.0859375
2 0.20193894996172798 0.28105751994994116 0.10378427956950462 0.08824268119435104
2 0.2757446311028091 0.21097424891471928 0.11352315260503384 0.09671074505632156
2 0.34727933685099616 0.13916458691400474 0.11850175103345731 0.10328852698730664
2 0.4248457187778656 0.07247946748793713 0.11679370181924557 0.10005426634364482
2 0.4984375 0.025 0.103125 0.05
2 0.13100355769577635 0.35682806227248653 0.10869010339082212 0.09325796312533612
3 0.3421875 0.4203125 0.1125 0.078125
3 0.417632416463282 0.3619790100625841 0.11679370181924557 0.100054266343645
3 0.49140625 0.28984375 0.1171875 0.1015625
3 0.53203125 0.21953125 0.0359375 0.0921875
1 0.775 0.2296875 0.45 0.459375
34 0.275 0.7296875 0.55 0.540625
26 0.775 0.7296875 0.45 0.540625