2 0.43029546982500316 0.308666282392025 0.17601985030926065 0.17603847316352947
5 0.16798601483373163 0.09465835132890273 0.17601985030926065 0.17603847316352939
5 0.5015625 0.39140625 0.075 0.1359375
5 0.0703125 0.4265625 0.140625 0.065625
9 0.2963186957382378 0.20767188618493782 0.1961728536432407 0.19442752775932134
2 0.66015625 0.39609375 0.1390625 0.1265625
2 0.7751931237678061 0.3358457533960861 0.13714879788366643 0.13779799352159508
4 0.892412316800284 0.2708239258213349 0.13207866061076282 0.13281010487264702
9 0.97265625 0.203125 0.0546875 0.128125
19 0.26953125 0.7296875 0.5390625 0.540625
31 0.8265625 0.5609375 0.346875 0.203125
28 0.8609375 0.7 0.278125 0.40625
19 0.71953125 0.86953125 0.3609375 0.2609375
13 0.67578125 0.6453125 0.2734375 0.3625