5 0.20253763007767045 0.11731906118886601 0.15721357806243946 0.17746491701630243
9 0.10315927791292996 0.2864969589091365 0.17760789129415605 0.19306660622842173
22 0.7046875 0.2046875 0.590625 0.409375
7 0.2046875 0.7046875 0.409375 0.590625
2 0.9846274465308408 0.5744417091096292 0.01571590359079611 0.016808991701630305
2 0.9542223290443982 0.5658129929278081 0.015715903590796287 0.016808991701630305
0 0.9690342627876195 0.5701569508112595 0.01884999394987581 0.018608290041956365
0 0.9394149404807166 0.5606877850443569 0.01884999394987581 0.018608290041956365
2 0.7582376633533535 0.5619220887832677 0.01884999394987581 0.018608290041956365
1 0.9788359887835144 0.6303248562051997 0.012590903590796287 0.016572193361304242
1 0.9655820098607532 0.6266437491515855 0.01571590359079611 0.016808991701630305
8 0.7410819796101322 0.5577557296550608 0.01884999394987581 0.018608290041956365
8 0.7254978862259904 0.5519084713566912 0.01884999394987581 0.018608290041956365
1 0.8893770164018567 0.9736739597343291 0.01259090359079611 0.016572193361304242
2 0.6726758506126164 0.9065376943869895 0.01884999394987581 0.018608290041956365
1 0.45986729928475645 0.8414491811142423 0.012590903590796199 0.016572193361304242
9 0.4473945703619953 0.8377088744755465 0.01571590359079611 0.016808991701630305