1 0.4875 0.0234375 0.08125 0.046875
2 0.12981201887182464 0.18569738201365946 0.11079763527271584 0.12838342072720588
5 0.1234375 0.03515625 0.125 0.0703125
5 0.4707572502004925 0.17221917951273752 0.11368583693238961 0.1254586798265045
5 0.4796875 0.31953125 0.109375 0.0609375
9 0.1421875 0.32265625 0.128125 0.0546875
31 0.775 0.22421875 0.290625 0.2515625
28 0.82890625 0.06796875 0.3421875 0.1359375
13 0.93203125 0.2375 0.1359375 0.225
6 0.5782467510256852 0.5759275655407918 0.0728473493799445 0.09951794108527157
4 0.453625259324055 0.5836423311184954 0.07476504689043359 0.10430557063492074
5 0.3308739209417727 0.597757291020673 0.0832879419114116 0.1141812183831675
6 0.20240537882522394 0.6044404827242533 0.07836364357108563 0.11075582973421945
5 0.07989083878326766 0.615430442626431 0.07812684523075956 0.10763082973421945
12 0.763359946875 0.35 0.837763125 0.4035584984375 0.8990571562499999 0.5627426234375 0.90423214375 0.740378496875 0.8668690171875 0.8469901734375 0.8040771140625 0.914217078125 0.724411103125 0.9578789171875 0.6296875 0.9244550874999999 0.6296875 1 0.800284640625 1 0.862548428125 0.9765089078125001 0.94080308125 0.8844009203125001 0.9855447406250001 0.7532371640625 0.9872778359375 0.5349004953125001 0.9257485765624999 0.3676420125 0.9085393749999999 0.35 0.763359946875 0.35