4 0.2875 0.44609375 0.115625 0.0453125
5 0.32435341315351307 0.3471336935861446 0.1247517510334573 0.09881323620994635
6 0.3484375 0.221875 0.08125 0.09375
5 0.36796875 0.10234375 0.0421875 0.0953125
2 0.5814680922276796 0.3884573755603136 0.11152400496239867 0.08282452335696497
4 0.6261706242783835 0.26850022822588065 0.10825345574818712 0.07960859514371972
9 0.6686021809361934 0.14691238473151363 0.10505568114108108 0.07795516693047429
6 0.7125 0.03359375 0.109375 0.0671875
2 0.08671875 0.91171875 0.1734375 0.1765625
0 0.07578125 0.57265625 0.1515625 0.2078125
7 0.69453125 0.734375 0.6109375 0.53125