0 0.03046875 0.27265625 0.0609375 0.1078125
4 0.11578329375927895 0.34620326162236204 0.11403592378986112 0.12691954274124875
3 0.22734375 0.4359375 0.1171875 0.128125
0 0.32109375 0.4765625 0.0765625 0.046875
27 0.85234375 0.16171875 0.2953125 0.3234375
30 0.6421875 0.140625 0.4375 0.28125
14 0.87109375 0.3828125 0.2578125 0.234375
20 0.7078125 0.328125 0.4625 0.34375
12 0.48984375 0.23671875 0.2609375 0.4015625
29 0.49375 0.39765625 0.26875 0.2046875
19 0.1796875 0.75 0.359375 0.5
19 0.6484375 0.75 0.578125 0.5