6 0.22625283092062914 0.42876479179543486 0.11510833148532651 0.10736570303441759
4 0.15200471786527156 0.3265005322525371 0.12006884727034209 0.11243584030732112
5 0.08313434954824217 0.22222736255791853 0.12998987884037305 0.12257611485312836
6 0.03359375 0.11796875 0.0671875 0.1203125
24 0.82734375 0.1546875 0.3453125 0.309375
31 0.58125 0.2140625 0.2625 0.428125
13 0.703125 0.36171875 0.353125 0.2546875
17 0.9140625 0.334375 0.171875 0.309375
26 0.225 0.74453125 0.45 0.5109375
0 0.9546875 0.74375 0.090625 0.365625
1 0.9 0.62265625 0.2 0.2671875
2 0.83046875 0.546875 0.3390625 0.115625
5 0.65546875 0.97578125 0.3890625 0.0484375
6 0.6 0.87890625 0.3 0.2421875
7 0.53515625 0.76640625 0.1703125 0.3765625