17 0.3770067131821858 0.10784685400523238 0.014471676959604097 0.015292809330833278
17 0.4225585570722643 0.21978092601273236 0.014471676959604097 0.015292809330833278
17 0.51328125 0.29765625 0.0109375 0.0140625
17 0.4595166509623427 0.3324668537224085 0.014471676959604097 0.015292809330833278
27 0.30448920401098584 0.03821715065939886 0.01125574874635884 0.011894407257314832
27 0.5074778116911178 0.01575851588069561 0.009693248746358662 0.01175770622055552
27 0.12885636968781888 0.16636941936833374 0.009647784639736123 0.01019520622055552
27 0.34401601992524566 0.23918432836907488 0.009693248746358662 0.01175770622055552
27 0.28410982251167044 0.25304106828430617 0.011255748746358752 0.011894407257314655
27 0.3516443149898231 0.3129246247404175 0.011255748746358662 0.011894407257314832
27 0.4340620098961159 0.3190290703105566 0.009693248746358662 0.01175770622055552
27 0.20843152408188081 0.3708819706406487 0.00969324874635875 0.01175770622055552
14 0.43984375 0.00703125 0.0171875 0.0140625
14 0.3853982232113157 0.019389946747917542 0.017596676959604096 0.015566211404351904
14 0.31616248990436313 0.03562939288370446 0.01438074874635884 0.012167809330833279
14 0.5140625 0.0109375 0.009375 0.0125
14 0.4688759644358271 0.08884399283643622 0.01438074874635884 0.012167809330833279
14 0.17164326326132814 0.15636014085745414 0.01750574874635875 0.012441211404351903
14 0.5002001722742436 0.14249667313801034 0.014380748746358663 0.012167809330833279
14 0.4568426288590189 0.21364850320402873 0.014380748746358663 0.012167809330833279
14 0.4093909673388209 0.22484913482518606 0.014380748746358663 0.012167809330833279
14 0.3945926814454436 0.22771029467439902 0.01438074874635884 0.012167809330833279
14 0.29734560840504776 0.2503166094718526 0.014380748746358751 0.012167809330833279
14 0.23976042893816119 0.2631870478319451 0.014380748746358751 0.012167809330833279
14 0.48784022776366226 0.2829945340239826 0.017505748746358664 0.012441211404351903
14 0.43181754829677566 0.2957282713473157 0.017596676959604096 0.015566211404351904
14 0.36490283293651177 0.31098141592796374 0.017596676959604096 0.015566211404351726
14 0.42241145605604996 0.322398078086251 0.014380748746358663 0.012167809330833279
14 0.2994740612288994 0.3503849599902322 0.014471676959604097 0.015292809330833278
14 0.12265625 0.38671875 0.0171875 0.0046875
14 0.37476957792194676 0.3539795602257879 0.01438074874635884 0.012167809330833279
14 0.3615337920285695 0.3567040190382416 0.014380748746358663 0.012167809330833279
14 0.33115597024181476 0.362494689255047 0.017505748746358664 0.012441211404351903
14 0.5171875 0.359375 0.003125 0.0125
14 0.4653862177345324 0.3726817506121307 0.017505748746358664 0.01244121140435155
10 0.3568306055020539 0.11431146748310272 0.01438074874635884 0.012167809330833279
10 0.25802103246165803 0.13705448331731543 0.014380748746358751 0.012167809330833279
10 0.09073424406099825 0.17518734476893547 0.014380748746358751 0.012167809330833279
10 0.040157582540800305 0.18666137846361136 0.014380748746358751 0.012167809330833279
10 0.32069218019180246 0.24514109392046368 0.014380748746358663 0.012167809330833279
10 0.4465392778428045 0.3171542120164824 0.01438074874635884 0.012167809330833279
10 0.51484375 0.3203125 0.0078125 0.0125
10 0.486389039521287 0.3677112866158808 0.01750574874635884 0.01244121140435155
13 0.484364572115959 0.08278948246884373 0.017596676959604096 0.015566211404351904
13 0.061114940220932265 0.18012841446736133 0.01447167695960414 0.015292809330833278
13 0.28463031122889937 0.35168361983944507 0.017596676959604096 0.015566211404351904
13 0.10078125 0.38671875 0.0171875 0.0046875
13 0.4898490086424746 0.3251136835056029 0.014471676959604097 0.015292809330833278
13 0.3459087920285695 0.3580710294058342 0.014471676959604097 0.015292809330833278
13 0.3171162022951262 0.3645062485858803 0.014471676959604097 0.015292809330833278
24 0.27902385424841264 0.1320840193210655 0.01438074874635884 0.012167809330833279
24 0.2221971927282147 0.14410485716277838 0.014335284639736124 0.01060530933083328
24 0.2074443709414601 0.1485285170119912 0.014380748746358751 0.012167809330833279
24 0.14209215558119617 0.16364496055588001 0.014335284639736124 0.01060530933083328
24 0.5074192903792168 0.20217446950935294 0.01438074874635884 0.012167809330833279
24 0.4926437365391509 0.20581687935856588 0.014380748746358663 0.012167809330833279
24 0.35568930581862296 0.2365965705933805 0.017505748746358664 0.012441211404351903
24 0.23490309586863542 0.3654330530157413 0.01750574874635884 0.012441211404351903
24 0.17421564845506018 0.37935814344935237 0.01750574874635875 0.012441211404351903
24 0.15859375 0.3828125 0.0140625 0.0125
23 0.33250054374442917 0.03185028199773221 0.014380748746358663 0.012167809330833279
23 0.4540776785424498 0.09170515268564916 0.017505748746358664 0.012441211404351903
23 0.3233732478219219 0.1219380397734267 0.014380748746358663 0.012167809330833279
23 0.07593595816762093 0.17804850461814842 0.014335284639736079 0.01060530933083328
23 0.37965565472326634 0.3065577560787508 0.014380748746358663 0.012167809330833279
23 0.4955307073096911 0.3050356293585659 0.01438074874635884 0.012167809330833279
23 0.34223822274909727 0.33959443147935264 0.014380748746358663 0.012167809330833279
23 0.505428544535852 0.3221841731380103 0.014380748746358663 0.012167809330833279
23 0.43934054328221067 0.33893146720027867 0.014380748746358663 0.012167809330833279
23 0.38871841765539017 0.3488430008949546 0.017505748746358664 0.01244121140435155
30 0.4984270721159591 0.08155917313801035 0.014380748746358663 0.012167809330833279
30 0.2654507507249158 0.25780648072541734 0.01438074874635884 0.012167809330833279
30 0.2193462920285695 0.3691438133833339 0.01438074874635884 0.012167809330833279
28 0.3706226693712497 0.023032356597130477 0.014471676959604097 0.015292809330833278
28 0.4965857757977405 0.018277923138010355 0.014380748746358663 0.012167809330833279
28 0.515625 0.075 0.00625 0.009375
28 0.43229360675569506 0.09674396720027874 0.014380748746358663 0.012167809330833279
28 0.02770304664742298 0.1893174867576853 0.014380748746358751 0.012167809330833279
28 0.51171875 0.1390625 0.0140625 0.0125
28 0.4381380929656416 0.21685141564513985 0.014471676959604097 0.015292809330833278
28 0.2522149648315385 0.26053093953787093 0.01438074874635884 0.012167809330833279
28 0.4178005124033984 0.2985210806781491 0.014471676959604097 0.015292809330833278
28 0.4659795996295591 0.31232044905699186 0.014380748746358663 0.012167809330833279
28 0.374959794535852 0.3335987097074081 0.014380748746358663 0.012167809330833279
28 0.3617240086424746 0.3363231685198619 0.01438074874635884 0.012167809330833279
28 0.4097894356020788 0.3462162868987047 0.014380748746358663 0.012167809330833279
28 0.4988435754146643 0.3650551783218067 0.014380748746358663 0.012167809330833279
28 0.4521731638944663 0.37618745942458426 0.014380748746358663 0.012167809330833279
11 0.425060116784825 0.009654070310556494 0.014471676959604097 0.015292809330833278
11 0.47145670981697363 0.28521114490995475 0.017596676959604096 0.015566211404351904
15 0.15293872736795083 0.15956305329856518 0.009784176959604096 0.014882706220555519
15 0.3673171276053777 0.232446312817686 0.009784176959604096 0.014882706220555519
21 0.3396658375553653 0.11659642888745445 0.006613712852981379 0.013046804147036895
21 0.18170858504808277 0.15234658411851898 0.006613712852981379 0.013046804147037072
21 0.4676892006457735 0.20956659594671398 0.006613712852981379 0.013046804147037072
21 0.32841375197855704 0.24133258873666746 0.006613712852981379 0.013046804147036895
21 0.13359375 0.38359375 0.0046875 0.0109375
21 0.47471575362790974 0.3702990443915752 0.006613712852981379 0.013046804147037249
32 0.4875 0.0015625 0.021875 0.003125
32 0.40896976702225185 0.10270073275166762 0.017505748746358664 0.012441211404351903
18 0.3596851693712497 0.02398926385444522 0.006613712852981379 0.013046804147036895
18 0.3956657849689405 0.10308144156412125 0.006613712852981379 0.013046804147037072
18 0.3318533375553653 0.11727993407125074 0.006613712852981379 0.013046804147037072
18 0.406840280350087 0.2986967379354638 0.006613712852981379 0.013046804147036895
18 0.5055960290964456 0.3010220726196307 0.006613712852981379 0.013046804147036895
18 0.3834398842692952 0.3289406040052324 0.006613712852981379 0.013046804147037249
18 0.3523262765891634 0.33636212474041755 0.006613712852981379 0.013046804147037249
18 0.27373827533552203 0.3542030270967599 0.006613712852981379 0.013046804147036895
18 0.4478433650689654 0.3350546114981029 0.006613712852981379 0.013046804147037249
16 0.3488840616911178 0.029633671111760053 0.017596676959604096 0.015566211404351904
16 0.23628242478152606 0.1436557978319451 0.014471676959604097 0.015292809330833278
16 0.1926915491547055 0.15295217686120424 0.014471676959604097 0.015292809330833278
16 0.4794306826990849 0.2093225881710196 0.014471676959604097 0.015292809330833278
16 0.3960846367765777 0.3059036451927787 0.017596676959604096 0.015566211404351904
16 0.4808006175762478 0.31024053920777883 0.017596676959604096 0.015566211404351904
16 0.3283121150689653 0.34551224081018594 0.014471676959604097 0.015292809330833278
16 0.18901393434843752 0.37649698360013933 0.017596676959604096 0.015566211404351904
16 0.14375 0.38359375 0.015625 0.0109375
16 0.4238064714954561 0.3434234775678712 0.014471676959604097 0.015292809330833278
34 0.24816161381532412 0.36348984420328756 0.014471676959604097 0.015292809330833278
29 0.5100548939027136 0.07740891536231595 0.009784176959604096 0.014882706220555519
29 0.4431629105957612 0.09344330994296399 0.008176212852981379 0.013183505183796384
29 0.3886799990755632 0.10525909622953789 0.009784176959604096 0.014882706220555519
29 0.28987042603516733 0.12800211206375067 0.009784176959604096 0.014882706220555519
29 0.38365518144544364 0.22866720193171383 0.009784176959604096 0.014882706220555519
29 0.30821491224511377 0.24701595221453773 0.009784176959604096 0.014882706220555519
29 0.2659939714954561 0.3572302822805561 0.009784176959604096 0.014882706220555519
29 0.47043141890903134 0.3307286964650936 0.009784176959604096 0.014882706220555519
20 0.30855222987523334 0.12401794962263964 0.014471676959604097 0.015292809330833278
20 0.012882028700734339 0.19139739660689833 0.014471676959604097 0.015292809330833278
32 0.4578125 0.00546875 0.028125 0.0109375
13 0.3993925270513817 0.015815887417084264 0.017596676959604096 0.015566211404351904
28 0.2593358283841652 0.04765023072541723 0.017596676959604096 0.015566211404351904
10 0.18309157713052399 0.06528608152662088 0.017596676959604096 0.015566211404351904
30 0.16758023739708067 0.07055934189421346 0.014335284639736124 0.01060530933083328
16 0.1543671835570147 0.0740650507066671 0.014471676959604097 0.015292809330833278
22 0.11408081584775287 0.17001182921754668 0.02067621285298147 0.014277113477870352
5 0.3464878020576993 0.27029762733231555 0.014471676959604097 0.015292809330833278
32 0.50546875 0.27578125 0.0265625 0.0171875
13 0.44811013803021893 0.29038666046134354 0.02076714106622681 0.01740211347787035
28 0.3072494573096911 0.32150810428805626 0.017596676959604096 0.015566211404351904
10 0.23102793810936123 0.33992520508925994 0.017596676959604096 0.015566211404351549
30 0.21629784837591792 0.3451301149384728 0.014380748746358751 0.012167809330833279
16 0.20154502658916326 0.3495537747876856 0.014471676959604097 0.015292809330833278
22 0.3990648842692952 0.32757359363763977 0.02067621285298138 0.014277113477870173
32 0.259375 0.69453125 0.51875 0.6109375
25 0.51875 0.3890625 0.51875 0.6637364109374999 0.5578037890624999 0.6711846203125 0.8164840640625 0.6119556796875 0.861923159375 0.8765215484375 0.8364728359375 0.924010903125 0.7650959515625 0.9486861890625 0.7733576046875 0.9967890765625 1 0.9388793343749999 1 0.877016803125 0.9683889625 0.860476940625 0.87991221875 0.3890625 0.51875 0.3890625