17 0.029957579150814963 0.12512590376522628 0.0231851944820761 0.026401813695090582
17 0.0437124626879001 0.2192368491694344 0.0231851944820761 0.026401813695090582
17 0.053797870873928975 0.08622409007013569 0.02318519448207601 0.026401813695090582
17 0.36061003561867866 0.18958561536544688 0.014799484396167628 0.014963665946843818
27 0.08592213760941499 0.4983946206072343 0.01784259724103805 0.013601425046142524
27 0.0875 0.50625 0.01875 0.00625
27 0.09423700588135216 0.3545945558324096 0.014799484396167805 0.014963665946843818
27 0.09219530755408889 0.05183979565337671 0.011510710085908293 0.011638406847545291
27 0.09713843509828024 0.0912329626799548 0.011510710085908293 0.011638406847545291
27 0.28237881501732076 0.2709042689737896 0.011510710085908293 0.011638406847545291
27 0.2769045002271426 0.06336187924510747 0.011510710085908293 0.011638406847545291
27 0.39816651006522363 0.438675155001844 0.011510710085908293 0.011638406847545113
14 0.003125 0.278125 0.00625 0.025
14 0.022630921530612903 0.4580688116925057 0.02006019448207601 0.026201554595791876
14 0.03687264247065505 0.156606441242155 0.020060194482076098 0.026201554595791876
14 0.06537169945891703 0.355665702500922 0.02006019448207601 0.026201554595791876
14 0.06462582824630378 0.1470416741232919 0.02006019448207601 0.026201554595791876
14 0.07821693747312941 0.2442776195275 0.02006019448207601 0.026201554595791876
14 0.09201276458777943 0.33760731493170815 0.02006019448207601 0.026201554595791876
14 0.10181381049476497 0.403162463759689 0.021704581637205768 0.02786418414544123
14 0.11206855778123152 0.474917547812845 0.020060194482076098 0.026201554595791876
14 0.08976634837269178 0.038758804752675416 0.011674484396167806 0.01476340684754529
14 0.10986308514370871 0.1752877876338122 0.011674484396167806 0.014763406847545114
14 0.14239338138937857 0.015142029614247755 0.011674484396167806 0.01476340684754529
14 0.14395920341564591 0.029835585289773814 0.011674484396167806 0.01476340684754529
14 0.16743324570458684 0.1910641795219627 0.011674484396167806 0.01476340684754529
14 0.24580830845860008 0.017858414562567936 0.013400758706427318 0.017988536397194645
14 0.2623639654014335 0.13281278609265276 0.011674484396167629 0.01476340684754529
14 0.27101194708406784 0.1906555644702829 0.011674484396167806 0.014763406847545114
14 0.2807311058359236 0.2577732132982636 0.011674484396167629 0.014763406847545114
14 0.27677834746818064 0.050911944019932154 0.013400758706427318 0.017988536397194645
14 0.34915795850402864 0.09610572563676474 0.011674484396167629 0.014763406847545114
14 0.39178371325372696 0.3970383675249153 0.013400758706427318 0.017988536397194464
14 0.4063463387617533 0.05973862662421388 0.011674484396167629 0.01476340684754529
10 0.0078125 0.34140625 0.015625 0.0265625
10 0.039714359453968215 0.17666861736803172 0.020060194482076098 0.026201554595791876
10 0.07002489993388687 0.38573393430232467 0.02006019448207601 0.026201554595791876
10 0.05894239427967731 0.10691732187153846 0.020060194482076098 0.026201554595791876
10 0.1063032366594753 0.43635569556109166 0.02006019448207601 0.026201554595791876
10 0.33700984057077565 0.015907085908082673 0.011674484396167806 0.01476340684754529
10 0.36497330902442693 0.21032891194167425 0.011674484396167806 0.01476340684754529
10 0.3793047246736877 0.3082960425710578 0.011674484396167806 0.014763406847545114
10 0.40384994403185015 0.47879950725359743 0.011674484396167629 0.014763406847545468
13 0.0160467288575592 0.4351319594407522 0.02318519448207601 0.026401813695090582
13 0.01171875 0.00625 0.0234375 0.0125
13 0.055655862733328565 0.30334173889811655 0.0231851944820761 0.026401813695090582
13 0.07402300316781867 0.42830216610372746 0.0231851944820761 0.026401813695090582
13 0.09596992424414638 0.3809567967331109 0.0263101944820761 0.026602072794389107
13 0.11171875 0.49609375 0.0265625 0.0265625
13 0.34524838647776124 0.0815623642857127 0.016525758706427317 0.01818879549649317
13 0.40546875 0.5046875 0.0140625 0.009375
24 0.017434324966943436 0.022371143586193475 0.021704581637205768 0.02786418414544123
24 0.055198839327580275 0.2823481184477659 0.021704581637205855 0.02786418414544123
24 0.07088579432510586 0.19102221160022062 0.020060194482076098 0.026201554595791876
24 0.09553166949444795 0.07732065700442874 0.011674484396167806 0.01476340684754529
24 0.1052098846687389 0.14521955583240959 0.011674484396167806 0.014763406847545114
24 0.2526038630720128 0.066476387264672 0.013400758706427141 0.017988536397194464
24 0.37642206411280965 0.2890151164451811 0.011674484396167629 0.01476340684754529
24 0.38437068295057364 0.3453454595976358 0.011674484396167629 0.01476340684754529
24 0.386717754976841 0.3599889504983372 0.011674484396167806 0.01476340684754529
24 0.39647785730626167 0.42632534932631794 0.011674484396167806 0.01476340684754529
24 0.3988923648810352 0.00882696869693449 0.011674484396167806 0.01476340684754529
23 0.0046875 0.3 0.009375 0.025
23 0.02547263851392616 0.4781309878183825 0.020060194482076098 0.026201554595791876
23 0.07282567333963522 0.40657736042820136 0.018415807326946254 0.024538925046142523
23 0.048029227725905434 0.03286855259320705 0.020060194482076098 0.026201554595791876
23 0.10751601311744138 0.1606442967331109 0.011674484396167806 0.01476340684754529
23 0.27846592096478606 0.2415672223975623 0.011674484396167806 0.01476340684754529
23 0.2705626469932108 0.02094384176817874 0.011674484396167806 0.01476340684754529
23 0.29605729195025665 0.024760454198964953 0.011674484396167806 0.01476340684754529
23 0.35072378053029596 0.1107992813122908 0.011674484396167806 0.01476340684754529
23 0.37028492876670216 0.24269082896825234 0.011674484396167806 0.01476340684754529
23 0.4061970160581175 0.4934429981542987 0.011674484396167806 0.014763406847545114
30 0.016411899029375742 0.4133070242155769 0.018415807326946344 0.024538925046142523
30 0.06149974898394719 0.32554740592469467 0.02006019448207601 0.026201554595791876
30 0.08377978347097201 0.4798448797065328 0.016689533016686832 0.02131379549649317
30 0.08575279850897735 0.2936267774547795 0.02006019448207601 0.026201554595791876
30 0.26875 0.00703125 0.0125 0.0140625
30 0.3445047580290588 0.06603749383536206 0.011674484396167629 0.01476340684754529
30 0.4012394369073025 0.023470459597635784 0.011674484396167806 0.01476340684754529
27 0.4029280896662645 0.035820265273161844 0.011510710085908116 0.011638406847545291
28 0.011840585709535657 0.3816762924141742 0.019896420171816587 0.023076554595791877
28 0.02890625 0.503125 0.0203125 0.0125
28 0.045146567165027296 0.013587626467330338 0.020060194482076098 0.026201554595791876
28 0.08287013794809925 0.27434585132890277 0.019896420171816497 0.023076554595791877
28 0.1473774525111348 0.05375394664082585 0.011674484396167806 0.01476340684754529
28 0.1690809548859839 0.20419523519748867 0.011674484396167806 0.014763406847545114
28 0.27270059984302986 0.20300537014580886 0.011674484396167629 0.01476340684754529
28 0.2794562901412343 0.07409912014580886 0.011674484396167629 0.01476340684754529
28 0.34100462177844015 0.04368163248431003 0.011510710085908293 0.011638406847545291
28 0.3541829732033497 0.13393639266334284 0.011674484396167629 0.01476340684754529
28 0.40552082315792115 0.04577625617386318 0.011674484396167806 0.014763406847545202
11 0.07307241406738108 0.22358438772609723 0.02318519448207601 0.026401813695090582
11 0.2472922433297377 0.03411447023809391 0.01652575870642714 0.01818879549649317
11 0.26384790027257116 0.14906884176817883 0.014799484396167805 0.014963665946843818
15 0.0913354924252265 0.06824604565337675 0.014635710085908294 0.011838665946843907
15 0.24807681535600504 0.0488580906884446 0.014635710085908294 0.011838665946843907
15 0.39314481739217 0.4156381732004412 0.014635710085908115 0.011838665946843819
21 0.00703125 0.35625 0.0140625 0.009375
21 0.05989962743264967 0.3412224706995192 0.01915943577564878 0.009014054595791876
21 0.10737773575496416 0.46042425123661773 0.019077548620519025 0.007451554595791876
21 0.24927082315792112 0.05578921113879529 0.012827548620519024 0.007051036397194554
21 0.33713599332973765 0.028357021133257998 0.012745661465389269 0.005488536397194643
21 0.3664163003179997 0.2273662176172003 0.012745661465389269 0.005488536397194465
21 0.38923192333963524 0.3863011266242138 0.012827548620519024 0.007051036397194466
32 0.025464830959837224 0.07713898673864819 0.021950243102595034 0.032551684145441226
32 0.0828125 0.0046875 0.015625 0.009375
32 0.1390625 0.0046875 0.0125 0.009375
32 0.2555274672104558 0.08497606339054861 0.015290807326946343 0.024338665946843818
32 0.29296875 0.009375 0.0140625 0.01875
32 0.35764216587640335 0.15707350401439485 0.013564533016686652 0.021113536397194644
18 0.0046875 0.32734375 0.009375 0.0140625
18 0.025962797943150484 0.09735135718899883 0.020967597241038048 0.013801684145441228
18 0.10626561510817778 0.45193063078626705 0.020967597241038048 0.013801684145441228
18 0.0826465671650273 0.01118451727574663 0.012827548620519024 0.007051036397194554
18 0.09874520070211243 0.10514526835548085 0.012827548620519024 0.007051036397194466
18 0.16237060945396822 0.16880844772055995 0.012827548620519024 0.007051036397194466
18 0.2720455026019918 0.21550537014580887 0.012827548620519024 0.007051036397194466
18 0.33503458276885956 0.009026030232556614 0.012827548620519024 0.007051036397194554
18 0.3577273750578005 0.17030468923957018 0.012827548620519024 0.007051036397194644
18 0.36678811454235094 0.23512865284237564 0.012745661465389269 0.005488536397194465
16 0.2777632360936485 0.22526110194721163 0.014799484396167628 0.014963665946843818
16 0.38354516734674143 0.33138308914728504 0.014799484396167805 0.014963665946843818
16 0.38976418984797867 0.3761448766242138 0.014799484396167628 0.014963665946843818
12 0.02093446121756202 0.044727004937245504 0.018415807326946344 0.024538925046142523
12 0.04255607643728147 0.19673079349390843 0.02006019448207601 0.026201554595791876
12 0.080856179332529 0.46134520358065617 0.020060194482076098 0.026201554595791876
29 0.00546875 0.31484375 0.0109375 0.0171875
29 0.012625157735802972 0.396419912864525 0.020967597241038048 0.013801684145441228
29 0.026915629807498842 0.49516829349390845 0.021213258706427318 0.018489184145441227
29 0.028555531434807067 0.1073073480897003 0.021131371551297563 0.01692668414544123
29 0.05058433966626454 0.058399478719083756 0.021131371551297563 0.01692668414544123
29 0.06644063376422774 0.17184141502399317 0.020967597241038048 0.013801684145441228
29 0.10243460821077281 0.42103108421003965 0.021131371551297563 0.01692668414544123
29 0.0862662121220732 0.016402943401623293 0.011510710085908293 0.011638406847545291
29 0.08729644561372982 0.02645906385197403 0.014635710085908294 0.011838665946843819
29 0.14404441259704298 0.043066770514949136 0.011510710085908293 0.011638406847545291
29 0.33203125 0.00234375 0.0109375 0.0046875
29 0.341171718114967 0.055350317709485355 0.011510710085908293 0.011638406847545291
29 0.35089087686682274 0.12246796653746612 0.011510710085908293 0.011638406847545291
29 0.3589213828597166 0.17723580968992092 0.011510710085908293 0.011638406847545113
29 0.3731709113538476 0.2767654403193044 0.011510710085908293 0.011638406847545291
20 0.16422303652318976 0.17803325339608608 0.014635710085908115 0.011838665946843819
20 0.37024730721540455 0.25826576419342767 0.014799484396167628 0.014963665946843818
25 0.0917195154922906 0.31348869448135747 0.0231851944820761 0.026401813695090582
22 0.051204058119915796 0.25457357187153845 0.02203213025772479 0.03411418414544123
31 0.06178411126299057 0.12697949799741517 0.020060194482076098 0.026201554595791876
25 0.10051574061620423 0.11593257403100683 0.016525758706427317 0.01818879549649317
17 0.10282186906490667 0.13135731493170813 0.014799484396167805 0.014963665946843818
2 0.15269239427967732 0.10090954889257926 0.016525758706427317 0.01818879549649317
8 0.15561599841812032 0.11940922501845588 0.016525758706427317 0.01818879549649317
8 0.15788118328925788 0.13561521591915726 0.016525758706427317 0.01818879549649317
21 0.16134037596231163 0.1587523272702093 0.014799484396167805 0.014963665946843818
32 0.2421875 0.00625 0.01875 0.0125
32 0.25865911126299057 0.11436317474160074 0.01866146879233561 0.029226425046142524
13 0.26800645579049504 0.1737183883444061 0.01652575870642714 0.01818879549649317
28 0.28781658751855793 0.31571612122554304 0.016525758706427317 0.01818879549649317
10 0.2986069233396352 0.39210864050387445 0.01652575870642714 0.01818879549649317
30 0.30243460821077284 0.4082145018549266 0.011674484396167806 0.014763406847545114
16 0.305603873814605 0.4220266779808032 0.014799484396167628 0.014963665946843818
2 0.30671931648765877 0.4453139836563292 0.014799484396167805 0.014963665946843818
2 0.3107140976953232 0.4730885302325566 0.014799484396167805 0.014963665946843818
2 0.31484375 0.503125 0.0140625 0.0125
0 0.31306116972159065 0.4877320211332581 0.014799484396167628 0.014963665946844174
13 0.27282783186434845 0.037149832668880126 0.014799484396167628 0.014963665946843818
22 0.40047263851392606 0.4540998959025453 0.015290807326946165 0.024338665946843818
32 0.725 0.2546875 0.55 0.509375
14 0.21884363125 0.509375 0.21318961718749999 0.5405457359375 0 0.679928946875 0 0.7609205171875 0.2248032921875 0.6213290328125 0.263664365625 0.6532635328125 0.27501006562499997 0.8513720265625 0.230333553125 1 0.3178702484375 1 0.343173296875 0.9679395765625 0.2700689453125 0.509375 0.21884363125 0.509375
32 0.703125 0.7546875 0.50625 0.490625