2 0.7265625 0.425 0.00625 0.021875
2 0.710594149878363 0.44011744885831894 0.01728749394987581 0.017487508928453722
2 0.6817833486486989 0.45601913838773767 0.02200226502711473 0.02225682954530477
0 0.695800396853301 0.44845210023829074 0.025145445745273776 0.02543637662320535
0 0.6685430052645573 0.4628185633066598 0.025145445745273776 0.02543637662320535
2 0.4890625 0.4984375 0.025 0.021875
1 0.6962180324901162 0.38596573700776593 0.020430674668035033 0.020667056006354302
1 0.6837543939264347 0.3919975486961632 0.02200226502711473 0.02225682954530477
8 0.4734375 0.503125 0.025 0.0125
1 0.5537204185197149 0.06163611850223529 0.01885908430895533 0.0190772824674041
2 0.3512726502711464 0.17449680843869114 0.025145445745273776 0.025436376623205435
1 0.15116408684303817 0.28661715868357246 0.01728749394987581 0.017487508928453722
9 0.14027203863843626 0.2942387439109201 0.022002265027114644 0.02225682954530477
7 0.2339619095427245 0.016996179786890785 0.022002265027114644 0.02225682954530477
5 0.865625 0.27265625 0.26875 0.3953125
8 0.81015625 0.3890625 0.1609375 0.240625
0 0.890625 0.12265625 0.21875 0.2453125
0 0.67421875 0.540625 0.1078125 0.0625
4 0.5812646773003136 0.605732766228759 0.1084488251355733 0.11125687418757338
3 0.48023396330647133 0.695366236196987 0.11002041549465283 0.11284664772652375
0 0.38392256556940757 0.7905502767820659 0.11473518657189175 0.11761596834337489
0 0.289123670857406 0.8771678409060952 0.11315450585373252 0.11446369480442442
8 0.2078125 0.9640625 0.09375 0.071875
13 0.86484375 0.80859375 0.2703125 0.3828125
33 0.93828125 0.665625 0.1234375 0.2875
19 0.828125 0.61953125 0.196875 0.2203125