17 0.22541683091449022 0.13110648904174527 0.018691211404351815 0.017988020678164497
17 0.37131438275245304 0.20275454900932394 0.018691211404351905 0.017988020678164407
17 0.3154759029219903 0.08455251261539383 0.018691211404351815 0.017988020678164497
17 0.4882291892085643 0.13141674235151415 0.02039041244111104 0.01962329528527036
17 0.3484375 0.0078125 0.01875 0.015625
27 0.06048277243212872 0.3529387553766835 0.022089613477870352 0.021258569892376223
27 0.009375 0.24453125 0.01875 0.0203125
27 0.027261586381110425 0.22427009987616547 0.01699201036759257 0.016352746071058542
27 0.33203125 0.3875 0.0140625 0.003125
27 0.3613727462303233 0.22361285856261787 0.013593608294074144 0.013082196856846907
27 0.4833837387374528 0.28225365033323147 0.013593608294074144 0.013082196856846907
27 0.2522630034403699 0.08828113420318102 0.011894407257314832 0.011446922249741042
27 0.32671549076370315 0.14129266418697037 0.013593608294074055 0.013082196856846907
27 0.38111931823782347 0.18033373945602998 0.013593608294074144 0.013082196856846907
27 0.4484647687089348 0.026585847190078348 0.013593608294074144 0.013082196856846862
27 0.4342949619699997 0.017048181350478142 0.013593608294074144 0.013082196856846862
14 0.0046875 0.375 0.009375 0.028125
14 0.0125 0.3171875 0.025 0.028125
14 0.04539501465643427 0.3418749768406363 0.02705051555138884 0.024601893713693812
14 0.02211475659791593 0.2551027229116948 0.028886417624907335 0.027799668320799498
14 0.07075730815305481 0.2551904600914132 0.028886417624907335 0.027799668320799498
14 0.24765625 0.37734375 0.0296875 0.0234375
14 0.31953125 0.3828125 0.0171875 0.0125
14 0.10946920216805496 0.16866860918179044 0.01699201036759259 0.016352746071058633
14 0.14545522031134195 0.19444770512901446 0.01855451036759259 0.016425520678164496
14 0.15714457601351786 0.20253203287927352 0.01699201036759259 0.016352746071058633
14 0.2960593959947676 0.3019604904894873 0.01699201036759259 0.016352746071058633
14 0.3428851693218509 0.3350790514905233 0.01699201036759259 0.016352746071058633
14 0.35542412554240654 0.3439082419372294 0.016992010367592413 0.016352746071058633
14 0.3505329910465271 0.21627339350880598 0.020253711404351726 0.01806079528527036
14 0.4249854783698604 0.26928492349259525 0.020253711404351903 0.01806079528527027
14 0.5253654786526842 0.34069969706624387 0.016992010367592413 0.016352746071058633
14 0.22723360914254584 0.09807566522042768 0.01699201036759259 0.016352746071058542
14 0.4731885325168973 0.27331529797586657 0.020253711404351903 0.01806079528527036
14 0.24220449825657364 0.08090528184581616 0.020253711404351817 0.01806079528527027
14 0.26402070966092545 0.09714671195344002 0.01699201036759259 0.016352746071058542
14 0.34265284905777715 0.1531013054194647 0.01699201036759259 0.016352746071058542
14 0.3911094729032401 0.18692834181339485 0.01699201036759259 0.016352746071058542
14 0.26419707544787 0.04536588813212243 0.020253711404351817 0.01806079528527027
14 0.45744737238486044 0.1830541710113959 0.01699201036759259 0.016352746071058633
14 0.3480833513668514 0.08068049586617079 0.016992010367592413 0.016352746071058633
14 0.4493129521680549 0.1528401321362664 0.016992010367592413 0.016352746071058633
14 0.4611786736571754 0.10914363606520787 0.01855451036759259 0.016425520678164496
14 0.4585232738927312 0.033961699547443214 0.016992010367592413 0.016352746071058542
14 0.5321261606976847 0.08622836683478549 0.01699201036759259 0.016352746071058633
10 0.01328125 0.38203125 0.0265625 0.0140625
10 0.0396829654103696 0.2676198395370833 0.02705051555138884 0.024601893713693722
10 0.09578599392124913 0.3081506401990371 0.028886417624907335 0.027799668320799498
10 0.2961291635724068 0.1772323182397463 0.01699201036759259 0.016352746071058542
10 0.42218310711629553 0.23725367349259532 0.01699201036759259 0.016352746071058633
10 0.2974579262490736 0.12069121981132289 0.020253711404351817 0.01806079528527036
10 0.40201757860541604 0.1950490568672068 0.016992010367592413 0.016352746071058633
10 0.4950642410465271 0.20954174235151415 0.01699201036759259 0.016352746071058633
10 0.2744121140435182 0.027632578578828504 0.01699201036759259 0.016352746071058542
10 0.43943081277120316 0.09368345595758401 0.020253711404351903 0.01806079528527027
10 0.36279110885972193 0.015671925973794652 0.016992010367592413 0.016352746071058542
13 0.2098771796894435 0.356962667701627 0.030585618661666557 0.02943494292790554
13 0.3356502848259716 0.20755336497275864 0.022089613477870352 0.021258569892376133
13 0.3980914962303233 0.22190265529563025 0.018691211404351905 0.017988020678164497
13 0.4255329910465271 0.2127802123677248 0.018691211404351905 0.017988020678164497
13 0.349762720028518 0.10884188316972372 0.018691211404351905 0.017988020678164407
13 0.54375 0.25078125 0.0125 0.0203125
13 0.3669509285581478 0.04528665136668879 0.02039041244111104 0.01962329528527027
24 0.1426117672483324 0.3412692012000731 0.030448917624907333 0.027872442927905538
24 0.16102957657916575 0.3545311805219086 0.028886417624907422 0.027799668320799498
24 0.11673348096175844 0.28756415839600213 0.030448917624907333 0.027872442927905538
24 0.22972078798351755 0.36858937241635675 0.030448917624907423 0.02787244292790536
24 0.2750927851087955 0.2864639230783105 0.01699201036759259 0.016352746071058633
24 0.21331737210203655 0.11833466129148622 0.020253711404351817 0.01806079528527036
24 0.46763159962342515 0.2994604210113959 0.020253711404351903 0.01806079528527036
24 0.3152797047599531 0.16300499834737012 0.01699201036759259 0.016352746071058633
24 0.35792582601351786 0.19318049586617078 0.01699201036759259 0.016352746071058633
24 0.4397027977854623 0.22231787820732501 0.01699201036759259 0.016352746071058542
24 0.36542667624907355 0.11752552440221811 0.016992010367592413 0.016352746071058633
24 0.40474274594749937 0.14550282113523041 0.016992010367592413 0.016352746071058633
24 0.43648076149888826 0.16755760360021915 0.01699201036759259 0.016352746071058542
24 0.38485061951013844 0.10642320450984193 0.016992010367592413 0.016352746071058542
24 0.3367070624883793 0.02237784429459424 0.01855451036759259 0.016425520678164406
24 0.397839343591157 0.06659657113523043 0.018554510367592415 0.01642552067816445
24 0.5358362125356475 0.16449891604899722 0.01699201036759259 0.016352746071058633
24 0.41015625 0.00390625 0.0203125 0.0078125
24 0.4952905420360182 0.059704408191114354 0.020253711404351903 0.01806079528527027
23 0.08832551696550847 0.2677075767168017 0.02874971658814811 0.026237168320799586
23 0.2400944855799069 0.1374827675777925 0.01699201036759259 0.016352746071058633
23 0.3221250270502771 0.19641681182960552 0.01699201036759259 0.016352746071058542
23 0.2757585835063884 0.1326839516143578 0.01699201036759259 0.016352746071058633
23 0.3853474884546289 0.21072971484892414 0.020253711404351903 0.01806079528527036
23 0.44576687007578625 0.25576607899311327 0.01699201036759259 0.016352746071058542
23 0.4681107617817122 0.24217445988652542 0.01699201036759259 0.016352746071058542
23 0.2767360316684256 0.05419507857882851 0.01699201036759259 0.016352746071058542
23 0.46998632860541606 0.191883361458102 0.016992010367592413 0.016352746071058633
23 0.3982391762490735 0.11599725765299507 0.016992010367592413 0.016352746071058542
23 0.4564426555138884 0.08190904797586666 0.01699201036759259 0.016352746071058633
23 0.5078978487749533 0.06931484863782042 0.01699201036759259 0.016352746071058542
30 0.13521964081097138 0.3016073877178377 0.028886417624907335 0.027799668320799498
30 0.1407670117817122 0.25742074007520255 0.01699201036759255 0.016352746071058633
30 0.26418467940661955 0.2783432080244985 0.01699201036759259 0.016352746071058633
30 0.31036732082972157 0.1875512340793465 0.01699201036759259 0.016352746071058633
30 0.43550331333685105 0.2460464766357484 0.01699201036759259 0.016352746071058633
30 0.5385599628184714 0.24046210256676184 0.016992010367592413 0.016352746071058542
30 0.3346947946279163 0.07110644272301765 0.01699201036759259 0.016352746071058542
30 0.35158976870893477 0.031097872830641516 0.01855451036759259 0.016425520678164406
30 0.4118724492933329 0.07457173697483066 0.01855451036759259 0.016425520678164406
30 0.5453125 0.1734375 0.009375 0.015625
30 0.4225372557494442 0.00818260360021914 0.016992010367592413 0.016352746071058587
28 0.26640625 0.384375 0.0296875 0.009375
28 0.1764119858627308 0.21653887489755608 0.01699201036759259 0.016352746071058633
28 0.3771719864283787 0.3593684220448532 0.01699201036759259 0.016352746071058633
28 0.3714312514141197 0.23098871091998271 0.016992010367592413 0.016352746071058542
28 0.41042540089574003 0.22838809574233626 0.01699201036759259 0.016352746071058633
28 0.49408679288448987 0.2880306153870434 0.01699201036759259 0.016352746071058633
28 0.2798897174366199 0.10817410318593437 0.01699201036759259 0.016352746071058633
28 0.3344699106976847 0.09543435463367644 0.01699201036759259 0.016352746071058542
28 0.5185113029692585 0.22649164785203216 0.013593608294074144 0.013082196856846907
28 0.28701942078245335 0.03724301902553458 0.01699201036759259 0.016352746071058542
28 0.3597727070690273 0.08876482361642979 0.01699201036759259 0.016352746071058542
28 0.4091472819512495 0.124117972706807 0.01699201036759259 0.016352746071058542
28 0.5057290475026383 0.14315260897690263 0.018554510367592415 0.016425520678164406
28 0.38616982026407365 0.03184058147431266 0.016992010367592413 0.016352746071058542
28 0.4280346915176384 0.062052466296666206 0.016992010367592413 0.016352746071058587
28 0.4389427972198144 0.07017318135047815 0.013593608294074144 0.013082196856846817
28 0.47021262959490706 0.04204602729770222 0.01699201036759259 0.016352746071058542
28 0.5203001039587496 0.0765815390845265 0.01699201036759259 0.016352746071058542
28 0.5421875 0.09296875 0.015625 0.0171875
11 0.4385107361455548 0.2804214766357484 0.022089613477870175 0.021258569892376223
11 0.5388907364283787 0.35183625020939696 0.018691211404351905 0.017988020678164497
11 0.3150944855799069 0.13398958643671138 0.018691211404351905 0.017988020678164407
11 0.36949831305402714 0.17303066170577103 0.018691211404351905 0.017988020678164497
15 0.4504051434028695 0.29084955438600735 0.01699201036759259 0.016352746071058633
15 0.3535609547599531 0.16122202047327666 0.01699201036759259 0.016352746071058542
21 0.1921875 0.3796875 0.01875 0.01875
21 0.45628399651314727 0.29528234326113695 0.013730309330833279 0.014644696856846906
21 0.24670607054689767 0.11442625723871033 0.010331907257314832 0.011374147642635179
21 0.5029156972670826 0.21858925661953776 0.011894407257314832 0.011446922249741042
21 0.42345378972694386 0.1352181385464072 0.013730309330833279 0.014644696856846906
21 0.3576736733743515 0.037874411705771015 0.013730309330833279 0.014644696856846861
32 0.01171875 0.209375 0.0234375 0.03125
32 0.2846427338364805 0.3597558738640988 0.02521461347787035 0.021404119106587773
32 0.13121706305402717 0.18412878928941426 0.021952912441111083 0.019696069892376135
32 0.32949661258291574 0.32550499834737023 0.021952912441111038 0.019696069892376045
32 0.4835689579174991 0.3112690622438903 0.02521461347787035 0.021404119106587773
32 0.4538726045243974 0.2318555440469252 0.02521461347787035 0.02140411910658786
32 0.32253725574944414 0.012840178454994012 0.02521461347787035 0.02140411910658786
32 0.33359375 0.003125 0.0265625 0.00625
18 0.034263442083286334 0.23257275144774203 0.018827912441111084 0.019550520678164495
18 0.17559036258291574 0.3326732971472971 0.01882791244111104 0.019550520678164495
18 0.2949062905754157 0.3694754762214637 0.013730309330833279 0.014644696856846906
18 0.2666863798777309 0.12761546195343998 0.011894407257314832 0.011446922249741042
18 0.33286774594749946 0.14885045306209985 0.013730309330833279 0.014644696856846906
18 0.3238352070690273 0.0904386395798645 0.013730309330833279 0.014644696856846906
18 0.4861287384546289 0.20603575269059632 0.013730309330833279 0.014644696856846906
18 0.29239042596624965 0.04483719520421703 0.011894407257314832 0.011446922249741042
18 0.37577841588148103 0.10135471484892414 0.013730309330833279 0.014644696856846906
18 0.4301822433556013 0.14039579011798375 0.013730309330833279 0.014644696856846906
18 0.4965884933556013 0.13730286931598484 0.013730309330833279 0.014644696856846906
18 0.4205933384073607 0.05769245202864257 0.013730309330833279 0.014644696856846861
18 0.4490696529219903 0.07833028370784297 0.013730309330833279 0.014644696856846906
16 0.12412560739911949 0.32722597187823743 0.0339840207351851 0.032705492142117265
16 0.18100988590999903 0.3677203852366383 0.0339840207351851 0.032705492142117085
16 0.47054411173444394 0.09066546381546683 0.022089613477870352 0.021258569892376223
34 0.25890327417555503 0.11934919768541637 0.018691211404351815 0.017988020678164497
34 0.3867261863338422 0.05613210608141852 0.02039041244111104 0.01962329528527027
12 0.3788152329880088 0.1270995775453712 0.016992010367592413 0.016352746071058633
12 0.30366967855814775 0.04823402295447603 0.020253711404351817 0.01806079528527027
12 0.5239418052783328 0.1540708382987382 0.01699201036759259 0.016352746071058633
19 0.35099232082972154 0.18565909429459423 0.015429510367592592 0.01627997146395277
29 0.05327657370444365 0.2795376426802364 0.023788814514629573 0.022893844499482084
29 0.04333564571194374 0.23764124110865986 0.02052711347787033 0.02118579528527036
29 0.05502500141411963 0.24572556885891883 0.02052711347787035 0.02118579528527036
29 0.1487448985866658 0.3127439408609908 0.022226314514629576 0.022821069892376044
29 0.1855805172483324 0.33926789950466196 0.022226314514629576 0.022821069892376044
29 0.30058009213055453 0.37156451509659316 0.013593608294073967 0.013082196856846907
29 0.30978899679597116 0.378195504757511 0.01699201036759259 0.016352746071058633
29 0.11633435683347162 0.17540876075336698 0.013593608294074055 0.013082196856846817
29 0.16655853223407338 0.21150677254019126 0.011894407257314832 0.011446922249741042
29 0.2853563418477306 0.29618352543567533 0.013593608294074055 0.013082196856846907
29 0.365619331762962 0.35284659429459425 0.013593608294074144 0.013082196856846907
29 0.3035219985393976 0.15413942059711117 0.01699201036759259 0.016352746071058542
29 0.30463614773819403 0.07721304756158184 0.013593608294074055 0.013082196856846907
29 0.3924771918004624 0.13979863068852438 0.013593608294073967 0.013082196856846907
29 0.44596306823782345 0.17731359326113694 0.013593608294074144 0.013082196856846907
29 0.47861903482597157 0.20089448842257268 0.013593608294074144 0.013082196856846907
29 0.5271440091898141 0.23550277481650284 0.013593608294074144 0.013082196856846907
29 0.3690499622528236 0.09617706327734758 0.013593608294073967 0.013082196856846907
29 0.4271652586241662 0.0879792655108779 0.01699201036759259 0.016352746071058633
29 0.47732108350638836 0.12329602729770217 0.01699201036759259 0.016352746071058633
29 0.371150413006759 0.02155805293826536 0.013593608294074144 0.013082196856846862
20 0.41384363534435115 0.2046958846174658 0.018691211404351905 0.017988020678164407
20 0.4385415475026383 0.14628191708245453 0.016992010367592413 0.016352746071058633
20 0.449762720028518 0.10418430831494882 0.02039041244111104 0.01962329528527036
25 0.23970421484472176 0.10612360566713375 0.018691211404351815 0.017988020678164407
25 0.42472305527833265 0.15869202584996014 0.018691211404351905 0.017988020678164407
25 0.4833277842603237 0.048495080440855355 0.022089613477870352 0.021258569892376133
23 0.003125 0.303125 0.00625 0.034375
31 0.027826805843980597 0.3293578602152477 0.02705051555138884 0.024601893713693812
10 0.084375 0.371875 0.0375 0.034375
28 0.1046875 0.38046875 0.03125 0.0171875
12 0.003125 0.2328125 0.00625 0.034375
14 0.06979013044337883 0.28896614660917785 0.028886417624907335 0.027799668320799498
14 0.2046875 0.38046875 0.028125 0.0171875
7 0.023668403204814226 0.17423371257261255 0.018691211404351815 0.017988020678164407
3 0.042086212535647524 0.18749569189444815 0.020390412441111082 0.01962329528527036
7 0.05462516875620307 0.19632488234115422 0.022089613477870352 0.021258569892376133
10 0.07474217912379563 0.2110765870558839 0.023788814514629573 0.022893844499481997
22 0.09231038793624931 0.22359370368127243 0.02705051555138884 0.024601893713693722
10 0.12659720504277705 0.24788307423560232 0.022089613477870352 0.021258569892376133
16 0.15564971800226773 0.2661407686112498 0.018691211404351815 0.017988020678164497
2 0.1726417283698603 0.2810380225401913 0.018691211404351815 0.017988020678164497
2 0.19771964081097138 0.2986964034336034 0.018691211404351815 0.017988020678164497
2 0.22534635480722134 0.31858937241635676 0.018691211404351815 0.017988020678164497
0 0.21110819754990656 0.30827045657675656 0.018691211404351815 0.017988020678164317
0 0.23951616154615651 0.3281270382559569 0.018691211404351815 0.017988020678164317
29 0.26884207657916576 0.3495097326316044 0.022089613477870352 0.021258569892376046
27 0.09458649594749943 0.1599485806457431 0.022089613477870352 0.021258569892376133
2 0.061080928840971715 0.13562282278786028 0.022089613477870352 0.021258569892376223
2 0.07368823557990686 0.1452332632345663 0.018691211404351815 0.017988020678164497
2 0.415625 0.38359375 0.021875 0.0109375
1 0.21586475659791593 0.24607867163056846 0.01699201036759259 0.016352746071058633
1 0.22755411230009184 0.2541629993808274 0.01699201036759259 0.016352746071058633
26 0.24923362266768442 0.2688419294884513 0.028886417624907422 0.027799668320799588
29 0.3146139063623602 0.3167849698113228 0.018691211404351815 0.017988020678164317
19 0.198434665881481 0.10961463275543899 0.02039041244111104 0.01962329528527036
13 0.25949859646587903 0.15305210959607515 0.023788814514629573 0.022893844499481997
28 0.2812464573518513 0.16851228970369903 0.022089613477870352 0.021258569892376133
32 0.40762232111254554 0.25911155686720677 0.02874971658814811 0.026237168320799496
32 0.5087835713953694 0.3304899431373024 0.03214811866166656 0.029507717535011226
27 0.21405010395874954 0.09084536207727453 0.022089613477870352 0.021258569892376133
16 0.2882291892085643 0.14073189206106385 0.018691211404351815 0.017988020678164497
13 0.46000502733310106 0.2660849948327135 0.018691211404351905 0.017988020678164497
17 0.22725344151763852 0.07140400330976888 0.0254880155513888 0.02452911910658786
28 0.2493827197456941 0.03742710959607516 0.022089613477870352 0.021258569892376133
13 0.28869878944412 0.0654044063290875 0.022089613477870352 0.021258569892376133
11 0.26116025834134227 0.019621025435675364 0.02039041244111104 0.01962329528527027
26 0.32280038737060146 0.06067836497275865 0.022089613477870352 0.021258569892376133
22 0.40798603166842556 0.0480820115819365 0.02521461347787035 0.02140411910658786
16 0.775 0.19453125 0.45 0.3890625
15 0.275 0.69453125 0.55 0.6109375
29 0.775 0.69453125 0.45 0.6109375