4 0.09794797345450554 0.3265425863981856 0.020289189212119398 0.020967264427970277
4 0.1075481164008913 0.3395237360353659 0.020289189212119398 0.020967264427970277
1 0.603125 0.03359375 0.321875 0.0671875
2 0.7546875 0.125 0.36875 0.25
3 0.85859375 0.225 0.2828125 0.328125
4 0.9265625 0.365625 0.146875 0.35
6 0.4296875 0.1828125 0.259375 0.353125
7 0.5447315755337423 0.32649300109630836 0.40175821245684346 0.36622028855940536
8 0.6640625 0.453125 0.38125 0.3125
9 0.809375 0.5265625 0.34375 0.165625
26 0.171875 0.68359375 0.25625 0.1484375
25 0.9505225390625001 0.609375 0.48339290156250003 1 1 1 1 0.6522314078125 0.9649836796875 0.609375 0.9505225390625001 0.609375