17 0.43125 0.3417492081071659 0.0203125 0.024976689212119395
17 0.20390625 0.1237408788484459 0.0140625 0.015128092531467185
17 0.2078125 0.2732556267738534 0.0140625 0.015128092531467274
17 0.128125 0.17737351909553922 0.0140625 0.015128092531467185
17 0.1 0.33696108403260483 0.0140625 0.015128092531467274
17 0.0484375 0.17055391141722503 0.0140625 0.015128092531467274
27 0.3890625 0.00234375 0.015625 0.0046875
27 0.36328125 0.00390625 0.0140625 0.0078125
27 0.3875 0.3228090313426012 0.0109375 0.010203794191141213
27 0.39453125 0.36162307760833484 0.0109375 0.011766294191141214
27 0.23046875 0.2734099147412173 0.0109375 0.010203794191141213
27 0.23125 0.39768786432629877 0.009375 0.010085395020978183
27 0.15703125 0.1280014037435552 0.009375 0.008522895020978184
27 0.17265625 0.2104353954451854 0.009375 0.010085395020978183
27 0.184375 0.27069838922140804 0.009375 0.010085395020978183
27 0.00859375 0.17065973257806794 0.009375 0.011647895020978183
27 0.02578125 0.26024337344986115 0.009375 0.010085395020978183
27 0.02265625 0.24438157510953512 0.009375 0.011647895020978183
14 0.4453125 0.02890625 0.009375 0.0234375
14 0.3921875 0.012226728853090263 0.0171875 0.023177390871793248
14 0.37265625 0.05137173922605247 0.0171875 0.023177390871793248
14 0.4109375 0.24958501889504658 0.0171875 0.023177390871793335
14 0.43984375 0.4025566535430626 0.0171875 0.023177390871793335
14 0.38515625 0.31013143258735665 0.0109375 0.014891294191141213
14 0.2828125 0.0461262869416786 0.0109375 0.014891294191141168
14 0.28984375 0.08572158320741222 0.0109375 0.014891294191141168
14 0.29296875 0.10002088154773825 0.0109375 0.014891294191141168
14 0.32265625 0.2546142157808357 0.0109375 0.014891294191141213
14 0.33203125 0.3068871108018138 0.0109375 0.014891294191141213
14 0.33515625 0.32040515914213985 0.0109375 0.014891294191141213
14 0.228125 0.26151356598597275 0.0125 0.016572193361304242
14 0.24375 0.34472880768760295 0.0125 0.016572193361304242
14 0.175 0.11139424420042995 0.009375 0.014772895020978182
14 0.22734375 0.3856731164008913 0.0125 0.016572193361304242
14 0.1546875 0.11610505498831065 0.0109375 0.016453794191141215
14 0.159375 0.13989775249879974 0.0109375 0.014891294191141213
14 0.17578125 0.22785969378551146 0.0109375 0.014891294191141213
14 0.18671875 0.2818134879766526 0.0109375 0.014891294191141213
14 0.11484375 0.11855462614915355 0.0125 0.016572193361304242
14 0.15625 0.33497345415847357 0.0109375 0.014891294191141213
14 0.1125 0.201189527393909 0.0109375 0.014891294191141213
14 0.13359375 0.31528791619110985 0.0109375 0.014891294191141213
14 0.09140625 0.3066223885967082 0.0109375 0.014891294191141213
14 0.003125 0.13125 0.00625 0.015625
14 0.02734375 0.2712992726200242 0.0109375 0.014891294191141213
14 0.04296875 0.3529520143216544 0.0109375 0.014891294191141213
10 0.39609375 0.03283522677849784 0.0171875 0.021614890871793246
10 0.4078125 0.09466072055472052 0.0171875 0.023177390871793248
10 0.4328125 0.3621801072773289 0.0171875 0.023177390871793335
10 0.21640625 0.2012505722097501 0.0109375 0.014891294191141213
10 0.21640625 0.3293755722097501 0.0109375 0.014891294191141213
10 0.16640625 0.1779305487645333 0.0125 0.016572193361304242
10 0.1890625 0.2952723367318971 0.0109375 0.014891294191141213
10 0.16484375 0.37624964959437024 0.0109375 0.014891294191141213
10 0.09609375 0.11869633610719728 0.0109375 0.014891294191141213
10 0.08671875 0.2812671910862191 0.0125 0.016572193361304156
10 0.05 0.18551606058738807 0.0109375 0.014891294191141213
10 0.0546875 0.41321500809787715 0.0109375 0.014891294191141213
13 0.43984375 0.24786915354306252 0.0203125 0.024976689212119308
13 0.40546875 0.20854562179947597 0.0203125 0.024976689212119308
13 0.22578125 0.24649221723072823 0.015625 0.016808991701630215
13 0.21328125 0.30257627386942404 0.0140625 0.015128092531467274
13 0.19453125 0.3214679838274678 0.0140625 0.015128092531467274
13 0.13515625 0.21540631536127286 0.0140625 0.015128092531467274
13 0.07421875 0.2021949977249149 0.0140625 0.015128092531467185
13 0.0109375 0.18177483133331243 0.0140625 0.015128092531467185
24 0.41796875 0.14699281516078017 0.01875 0.024858290041956277
24 0.421875 0.1676013130861877 0.0171875 0.023177390871793335
24 0.440625 0.2703125 0.01875 0.025
24 0.3828125 0.10292258383211213 0.01875 0.024858290041956277
24 0.40703125 0.229757770969639 0.01875 0.024858290041956277
24 0.3921875 0.3481642288530903 0.0109375 0.014891294191141213
24 0.4046875 0.41473642221439444 0.0109375 0.014891294191141213
24 0.31796875 0.23160276827034662 0.0109375 0.014891294191141213
24 0.1984375 0.10848273175287533 0.0109375 0.016453794191141215
24 0.253125 0.39231420270858114 0.0125 0.016572193361304242
24 0.1953125 0.20980843341254926 0.009375 0.014772895020978182
24 0.2046875 0.2581750784335274 0.0109375 0.014891294191141213
24 0.196875 0.3364893325827123 0.0109375 0.014891294191141213
24 0.13671875 0.2311497145314359 0.009375 0.014772895020978182
24 0.1453125 0.27555090996733245 0.0109375 0.014891294191141213
24 0.1515625 0.3103995066479846 0.009375 0.014772895020978182
24 0.1203125 0.24318777324472407 0.0109375 0.014891294191141213
24 0.06640625 0.16722800187409978 0.009375 0.014772895020978182
24 0.0796875 0.23542189482048545 0.0109375 0.014891294191141213
24 0.109375 0.39079647905358295 0.0109375 0.014891294191141213
24 0.00625 0.16110713382282338 0.0109375 0.014891294191141213
24 0.0171875 0.21740467801396451 0.0125 0.016572193361304242
24 0.03515625 0.31251626847083924 0.0109375 0.016453794191141215
23 0.3765625 0.07119898715146004 0.015625 0.023058991701630217
23 0.41875 0.2900207647458617 0.0171875 0.023177390871793248
23 0.40703125 0.425 0.0109375 0.009375
23 0.2046875 0.13786257843352737 0.0109375 0.014891294191141213
23 0.221875 0.2305712193053207 0.009375 0.014772895020978182
23 0.18515625 0.16528883880648956 0.009375 0.014772895020978182
23 0.20859375 0.2873773263589349 0.0109375 0.016453794191141215
23 0.2234375 0.3572521184754837 0.009375 0.014772895020978182
23 0.203125 0.3689941792633643 0.009375 0.014772895020978182
23 0.11796875 0.13207267448947957 0.009375 0.014772895020978182
23 0.159375 0.34771025249879967 0.0109375 0.014891294191141213
23 0.12265625 0.25742787199996864 0.009375 0.014772895020978182
23 0.0703125 0.29018024979950735 0.0109375 0.014891294191141213
23 0.03828125 0.3268155668111653 0.0109375 0.014891294191141213
23 0.05078125 0.39182526017246955 0.009375 0.014772895020978182
30 0.38671875 0.1235310817575197 0.0171875 0.023177390871793248
30 0.34609375 0.10951520333328109 0.0109375 0.014891294191141213
30 0.315625 0.21892516951510207 0.0109375 0.014891294191141213
30 0.21953125 0.21554987055007616 0.009375 0.014772895020978182
30 0.21953125 0.34289362055007616 0.009375 0.014772895020978182
30 0.1734375 0.4234375 0.009375 0.0125
30 0.109375 0.18689022905358293 0.0109375 0.014891294191141213
30 0.06796875 0.1837526510442628 0.009375 0.014772895020978182
30 0.08125 0.25116529399064846 0.0109375 0.014891294191141213
30 0.11171875 0.4042553278088275 0.009375 0.014772895020978182
27 0.1140625 0.4161516765640719 0.009375 0.010085395020978183
30 0.01953125 0.23086352676920904 0.009375 0.014772895020978182
28 0.41484375 0.27175601682045414 0.0171875 0.023177390871793248
28 0.296875 0.12062937947314581 0.0109375 0.014891294191141213
28 0.33984375 0.344979106652629 0.0109375 0.014891294191141213
28 0.23203125 0.2844658139113803 0.0109375 0.014891294191141213
28 0.2140625 0.31591672345450555 0.009375 0.014772895020978182
28 0.23203125 0.4086845639113803 0.0109375 0.014891294191141213
28 0.1625 0.15810330083912572 0.0109375 0.014891294191141213
28 0.13046875 0.19708236785078376 0.009375 0.014772895020978182
28 0.16953125 0.40238609710485934 0.009375 0.011647895020978183
28 0.09921875 0.13377688444752325 0.0109375 0.014891294191141213
28 0.11484375 0.21464837614915355 0.0109375 0.014891294191141213
28 0.125 0.2701054707552132 0.0109375 0.014891294191141213
28 0.10234375 0.3558886827878494 0.0109375 0.014891294191141213
28 0.11484375 0.42421875 0.0109375 0.0109375
28 0.05546875 0.21171170768295858 0.0109375 0.014891294191141213
28 0.0640625 0.25923790311885525 0.0109375 0.014891294191141213
28 0.06640625 0.2711342518740998 0.0109375 0.011766294191141214
28 0.0296875 0.28475812137526874 0.0109375 0.014891294191141213
28 0.0390625 0.3401560163962468 0.0109375 0.014891294191141213
28 0.04453125 0.36635166349181747 0.0109375 0.014891294191141213
11 0.24765625 0.36143105561301053 0.015625 0.016808991701630305
11 0.17109375 0.1978169962750224 0.0140625 0.015128092531467185
11 0.1828125 0.25807999005124505 0.0140625 0.015128092531467185
15 0.39296875 0.3388484284381718 0.0140625 0.012003092531467275
15 0.25234375 0.3742862531234996 0.0140625 0.012003092531467275
15 0.17890625 0.24059649212583753 0.0140625 0.010440592531467275
21 0.43125 0.20503045810716589 0.0171875 0.009114890871793336
21 0.253125 0.38137670270858115 0.0125 0.007197193361304244
21 0.18203125 0.13458329046616355 0.0125 0.005634693361304155
21 0.16796875 0.3866426979346963 0.0125 0.005634693361304244
21 0.12890625 0.28524521868062075 0.0125 0.007197193361304155
21 0.071875 0.1910798989696704 0.0125 0.007197193361304244
32 0.44609375 0.32265625 0.0078125 0.0296875
32 0.37734375 0.26969568673654154 0.0125 0.022822193361304245
32 0.28671875 0.06985978486708615 0.0125 0.019697193361304155
32 0.3296875 0.29186576204656933 0.0125 0.019697193361304245
32 0.25625 0.4105197510489072 0.0125 0.022822193361304245
32 0.2 0.35156988092303826 0.0125 0.022822193361304245
32 0.06328125 0.15136620353377372 0.0109375 0.022703794191141213
32 0.04453125 0.15385166349181745 0.0125 0.022822193361304245
18 0.36796875 0.011954041715563423 0.01875 0.010795790041956277
18 0.39765625 0.16967237594866086 0.0171875 0.009114890871793246
18 0.38203125 0.2825508842470306 0.0125 0.007197193361304244
18 0.39765625 0.37435987594866094 0.0125 0.007197193361304244
18 0.18515625 0.15591383880648957 0.0125 0.005634693361304244
18 0.1765625 0.218543893370593 0.0125 0.007197193361304244
18 0.1296875 0.18686691826570226 0.0125 0.007197193361304244
18 0.16484375 0.36843714959437024 0.0125 0.007197193361304244
18 0.103125 0.14110413237293082 0.0125 0.005634693361304244
18 0.11875 0.23291312407456108 0.0125 0.007197193361304155
18 0.13046875 0.2931761178507838 0.0125 0.007197193361304244
18 0.1015625 0.3464544832027679 0.0125 0.007197193361304244
18 0.06328125 0.2513662035337737 0.0125 0.007197193361304244
18 0.06953125 0.28230855021442586 0.0125 0.007197193361304244
18 0.05 0.38395356058738805 0.009375 0.006960395020978183
16 0.41328125 0.12632511765029109 0.0234375 0.025213487552445367
16 0.425 0.18893186142651378 0.0234375 0.025213487552445367
16 0.071875 0.3051423989696703 0.015625 0.016808991701630305
16 0.05546875 0.42734375 0.0140625 0.0046875
34 0.18046875 0.14540239129600052 0.0140625 0.015128092531467185
34 0.07578125 0.22262589689507792 0.0140625 0.015128092531467185
34 0.0125 0.20298698050347547 0.0140625 0.015128092531467185
12 0.44375 0.29140625 0.0125 0.0234375
12 0.13984375 0.24701151287176187 0.009375 0.014772895020978182
12 0.10234375 0.15198243278784931 0.0125 0.016572193361304242
12 0.1046875 0.37559753154309383 0.0109375 0.014891294191141213
12 0.0046875 0.1453125 0.009375 0.015625
19 0.2015625 0.24934453009320134 0.0140625 0.008878092531467185
29 0.40078125 0.04803417428898691 0.01875 0.017045790041956277
29 0.36875 0.022169491300644918 0.01875 0.013920790041956278
29 0.37109375 0.03562834005588944 0.01875 0.013920790041956278
29 0.39140625 0.13873002926800876 0.01875 0.013920790041956278
29 0.39921875 0.1807282751188239 0.01875 0.013920790041956278
29 0.425 0.31393186142651375 0.01875 0.017045790041956367
29 0.44296875 0.4234375 0.0140625 0.0125
29 0.38125 0.2879604346619491 0.0109375 0.010203794191141213
29 0.38359375 0.29829428341719366 0.0140625 0.010440592531467275
29 0.2859375 0.05495683528200466 0.0109375 0.01020379419114117
29 0.296875 0.1112543794731458 0.0109375 0.008641294191141213
29 0.321875 0.2436175161957542 0.0109375 0.010203794191141213
29 0.3390625 0.33320115706754744 0.0109375 0.010203794191141213
29 0.19296875 0.19791208465730473 0.0140625 0.010440592531467185
29 0.12578125 0.16469592034029468 0.0109375 0.010203794191141213
29 0.14453125 0.26299171038225094 0.0109375 0.010203794191141213
29 0.15546875 0.3231955045733921 0.0109375 0.010203794191141213
29 0.1625 0.35888455083912574 0.0109375 0.010203794191141213
29 0.1734375 0.41283834503026695 0.0109375 0.010203794191141213
29 0.11796875 0.22582267448947957 0.0109375 0.010203794191141124
29 0.08671875 0.2687671910862191 0.0140625 0.010440592531467185
29 0.09765625 0.3250647352773603 0.0140625 0.010440592531467275
29 0.05234375 0.1950686593426326 0.0109375 0.010203794191141213
20 0.1921875 0.3080091350722232 0.0140625 0.015128092531467274
20 0.1328125 0.3035099666060283 0.0140625 0.012003092531467275
20 0.09140625 0.2941223885967082 0.0140625 0.015128092531467274
25 0.1765625 0.125575143370593 0.0140625 0.015128092531467274
25 0.1484375 0.29688145830765855 0.0140625 0.015128092531467274
25 0.03046875 0.29731732096035024 0.015625 0.016808991701630215
23 0.44296875 0.009375 0.0140625 0.01875
31 0.446875 0.0484375 0.00625 0.021875
14 0.40234375 0.06534007345914991 0.0171875 0.023177390871793248
14 0.43125 0.2175304581071659 0.0171875 0.023177390871793335
31 0.4359375 0.381948155617655 0.0171875 0.023177390871793335
3 0.32578125 0.003125 0.0140625 0.00625
7 0.32890625 0.012900312461487795 0.015625 0.016808991701630215
10 0.3328125 0.03585256038689537 0.015625 0.019933991701630217
22 0.33671875 0.055679808312302924 0.015625 0.023058991701630262
10 0.34453125 0.09455305416311806 0.015625 0.016808991701630215
16 0.34765625 0.12525860250344412 0.0140625 0.015128092531467274
2 0.35390625 0.1452634491840962 0.0140625 0.015128092531467185
2 0.359375 0.17302159627966676 0.0140625 0.015128092531467274
2 0.365625 0.2039639429603189 0.0140625 0.015128092531467274
0 0.3625 0.18888339461999282 0.0140625 0.015128092531467185
0 0.36796875 0.21976654171556342 0.0140625 0.015128092531467274
29 0.375 0.253111837981297 0.015625 0.016808991701630215
25 0.4 0.38547497470390546 0.015625 0.016808991701630305
17 0.403125 0.40055552304423153 0.0140625 0.015128092531467274
27 0.28125 0.03038288777151559 0.015625 0.016808991701630215
2 0.27578125 0.00703125 0.0140625 0.0140625
2 0.35 0.3894987012586887 0.015625 0.016808991701630305
1 0.30703125 0.1659302240792055 0.0140625 0.012003092531467275
1 0.309375 0.17782657283445 0.0140625 0.012003092531467186
26 0.3125 0.20228212117477606 0.0171875 0.023177390871793248
29 0.328125 0.27534111287640634 0.0140625 0.015128092531467274
8 0.353125 0.40770424959901475 0.015625 0.016808991701630305
8 0.35625 0.42265625 0.015625 0.0140625
19 0.196875 0.09273933258271227 0.0140625 0.01512809253146723
13 0.209375 0.16087402594401645 0.015625 0.019933991701630304
28 0.2140625 0.18544797345450553 0.015625 0.016808991701630215
32 0.24140625 0.3273637089323584 0.0171875 0.026302390871793334
27 0.1734375 0.09721334503026693 0.015625 0.016808991701630215
16 0.1875 0.1795289375617341 0.0140625 0.015128092531467274
13 0.2265625 0.3723326668158098 0.0140625 0.015128092531467274
17 0.15234375 0.09952120623306611 0.015625 0.019933991701630217
28 0.11328125 0.1028112269789905 0.015625 0.01680899170163026
13 0.121875 0.1472124224148871 0.015625 0.016808991701630305
11 0.09453125 0.10529668693703424 0.0140625 0.015128092531467274
26 0.1046875 0.17247253154309386 0.015625 0.016808991701630305
22 0.06015625 0.23550440519344767 0.0125 0.022822193361304245
27 0.003125 0.11640625 0.00625 0.0171875
2 0.01953125 0.387894776769209 0.0140625 0.015128092531467274
23 0.725 0.21484375 0.55 0.4296875
12 0.3877340265625 1 0.3736162125 0.914498175 0.302642346875 0.7935551671875001 0.225173240625 0.7218928468750001 0.08083552656250001 0.6339063078125 0 0.605264415625 0 0.7130690281250001 0.1842676109375 0.7995099328124999 0.2989569140625 0.8990979703124999 0.335958203125 0.967474915625 0.338150025 1 0.3877340265625 1
25 0.8380417437500001 1 0.8853105375 0.9568216609375 0.9106347843750001 0.8810526062499999 0.8472506921875 0.50857276875 0.816087925 0.512268825 0.8221453531249999 0.5438905953125 0.8033163468750001 0.570378965625 0.45 0.61228399375 0.45 0.6931345265625 0.46008809062499995 0.6919380296875 0.5087664234375 0.9044609781249999 0.5736828609375 0.9937822125 0.5869374281249999 1 0.8380417437500001 1