0 0.08828125 0.23046875 0.1765625 0.3421875
1 0.17734375 0.1421875 0.2359375 0.284375
2 0.3265625 0.1015625 0.225 0.203125
5 0.1859375 0.453125 0.3 0.153125
6 0.32265625 0.396875 0.2328125 0.265625
3 0.6304475508748524 0.19388457392455444 0.15643036661563342 0.16830152179152655
6 0.86484375 0.46171875 0.1640625 0.1359375
8 0.7530653557040375 0.33800019670481674 0.17750687056996634 0.18847191015912915
9 0.5078125 0.4921875 0.1375 0.075
3 0.27048230186343564 0.6973155765224445 0.16293503460041112 0.17498856436617347
5 0.05390625 0.91328125 0.1078125 0.1734375
8 0.37265625 0.8328125 0.1328125 0.196875
16 0.71953125 0.76484375 0.5609375 0.4703125