2 0.3359375 0.03203125 0.275 0.0640625
3 0.3423082790722707 0.16358645982306347 0.2743283551898026 0.17544550758604363
4 0.346875 0.32421875 0.265625 0.1515625
7 0.08359375 0.0625 0.1671875 0.125
8 0.07578125 0.20078125 0.1515625 0.1859375
9 0.07265625 0.35 0.1453125 0.1
19 0.66796875 0.28984375 0.1640625 0.2203125
29 0.740625 0.078125 0.16875 0.15625
35 0.8234375 0.275 0.159375 0.25
15 0.87109375 0.3625 0.1484375 0.075
14 0.95390625 0.26484375 0.0921875 0.2703125
20 0.92578125 0.11484375 0.1484375 0.2296875
30 0.2546875 0.603125 0.509375 0.40625
29 0.7546875 0.75859375 0.490625 0.4828125