1 0.2546875 0.1 0.509375 0.2
1 0.2546875 0.19375 0.509375 0.24375
3 0.2203125 0.51953125 0.440625 0.1609375
3 0.209375 0.56171875 0.41875 0.0765625
5 0.25234375 0.27734375 0.5046875 0.2734375
7 0.24375 0.3703125 0.4875 0.26875
6 0.23359375 0.4734375 0.4671875 0.253125
8 0.2546875 0.0625 0.509375 0.125
12 1 0 0.6818462171874999 0 0.5687688703125 0.0926023453125 0.5192844062499999 0.2124909015625 0.51991675625 0.3205768015625 0.5623050125 0.41744144062500005 0.646351890625 0.48645621562499997 0.71338509375 0.5067479765625 0.7468287328125001 0.5044224078124999 0.7961672703125 0.3595909515625 0.795826775 0.3013908515625 0.72038401875 0.27336618281249997 0.7279666515625 0.1397559890625 0.7779375390625 0.1030104328125 0.8614493515625 0.080567909375 1 0.077197053125 1 0
29 0.2546875 0.7828125 0.509375 0.365625
8 0.7546875 0.8 0.490625 0.4