0 0.5359785818094448 0.16320085697722053 0.14681479434509231 0.15315643515657004
3 0.610110565975232 0.2691795321318509 0.13818208812453675 0.14314370636839735
9 0.6953125 0.33046875 0.1375 0.0765625
11 0.45 0.36875 0.2169403890625 0.36875 0 0.7300308875 0 0.8458115296875001 0.1882604859375 1 0.31146124531249997 1 0.3392273421875 0.9929150953124999 0.4333080671875 0.8841955953125 0.44663039062500004 0.8323885046874999 0.42309095625 0.7382178484375 0.45 0.7379741 0.45 0.36875
0 0.51328125 0.40078125 0.1265625 0.0640625
3 0.577298065975232 0.46292953213185084 0.13818208812453675 0.14314370636839735
9 0.663324457398334 0.5588635275899231 0.13661958812453676 0.1430161606107628
5 0.7419388900089824 0.667568590017457 0.13661958812453676 0.1430161606107628
5 0.8223598303953251 0.7646186753238082 0.13661958812453676 0.1430161606107628
1 0.8954077681897697 0.865001054720804 0.11976427879370348 0.1276782030344176
3 0.95234375 0.94765625 0.0953125 0.1046875