3 0.3453125 0.478125 0.36875 0.1625
0 0.2740797970746054 0.1371343021134268 0.5050262394466932 0.20135550526455734
2 0.99296875 0.25234375 0.0140625 0.0171875
2 0.9953125 0.30078125 0.009375 0.0203125
2 0.99609375 0.33203125 0.0078125 0.0171875
0 0.6529623222351135 0.50037620814011 0.025300008928453722 0.017332945745273776
0 0.99375 0.26953125 0.0125 0.0171875
0 0.99609375 0.315625 0.0078125 0.01875
6 0.9331253348170152 0.39170414832623884 0.02373750892845372 0.017323855386194253
8 0.05234375 0.92109375 0.1046875 0.1578125
9 0.4578125 0.88515625 0.14375 0.2296875
0 0.31171875 0.86328125 0.1796875 0.2734375
9 0.76484375 0.8046875 0.4703125 0.390625