0 0.29921875 0.203125 0.0609375 0.06875
1 0.44375 0.23984375 0.0359375 0.084375
2 0.58984375 0.27734375 0.0640625 0.0765625
3 0.73828125 0.3046875 0.0671875 0.065625
4 0.8828125 0.3390625 0.0609375 0.06875
5 0.24296875 0.44140625 0.0640625 0.0734375
6 0.3859375 0.4796875 0.065625 0.0703125
7 0.5359375 0.50625 0.053125 0.0734375
8 0.678125 0.54453125 0.059375 0.071875
9 0.828125 0.57734375 0.06875 0.0703125
1 0.18828125 0.6765625 0.034375 0.05625
2 0.33671875 0.71484375 0.0640625 0.065625
3 0.4796875 0.74453125 0.0609375 0.06875
4 0.62734375 0.778125 0.059375 0.065625