6 0.17578125 0.0359375 0.0921875 0.071875
7 0.23993903540736028 0.16304381013232422 0.08840906667727211 0.08526756242753404
8 0.28771455876031393 0.3038124602821054 0.09162497334499946 0.09333515394280312
3 0.0234375 0.2671875 0.046875 0.09375
4 0.0578125 0.38671875 0.0875 0.0453125
24 0.4296875 0.409375 1 0.409375 1 0.3211519578125 0.9989959234375 0.2851150546875 0.9181835843750001 0.132476384375 0.8192748765625 0.0471562234375 0.64327936875 0.011176760937499999 0.507202146875 0.0425396390625 0.4296875 0.0921541875 0.4296875 0.409375
32 0.21484375 0.7046875 0.4296875 0.590625
1 0.8360664113621805 0.5008313683077944 0.15592383068109025 0.11887703000581902
2 0.91328125 0.6765625 0.1734375 0.16875
3 0.9578125 0.85546875 0.084375 0.1671875
6 0.459375 0.72109375 0.059375 0.1640625
7 0.49609375 0.90234375 0.1328125 0.1546875