5 0.37421875 0.49609375 0.1046875 0.0671875
6 0.395039370023276 0.3597158729143608 0.0994576081851685 0.09497014342931002
7 0.430068590017457 0.20808232417866507 0.09531224212409217 0.08226988433001133
8 0.4488191057692726 0.05695991517165151 0.09738492515463051 0.08862001387966068
1 0.11903459260253087 0.434511109653009 0.0732141015172088 0.059093200184570094
2 0.1420261982026255 0.2782203392949434 0.09295251666989941 0.09144462523071262
3 0.1702792597120756 0.12926120758582577 0.09594997091226495 0.09008238433001133
4 0.196875 0.00859375 0.090625 0.0171875
6 0.8046875 0.278125 0.390625 0.503125
2 0.54296875 0.9453125 0.1328125 0.109375
3 0.58046875 0.7765625 0.0578125 0.140625
6 0.0609375 0.92578125 0.121875 0.1390625
7 0.09862740031895907 0.7378537600221493 0.16607102333785928 0.13032545496493206
8 0.1625 0.57265625 0.16875 0.0859375
29 0.8046875 0.76484375 0.390625 0.4703125