5 0.304381323202145 0.10289355105204753 0.09946065260503385 0.09517040252860856
6 0.3177802355270886 0.2500293669066064 0.09633565260503403 0.09497014342930994
7 0.34591373594137326 0.3985577020394967 0.0927012303552928 0.08383238433001132
8 0.35859375 0.51484375 0.0921875 0.0296875
1 0.061791408810286885 0.160501001698043 0.06809933664159917 0.05733044108527148
2 0.07809699731391287 0.3121240584533032 0.08994010339082212 0.09144462523071262
3 0.09945395885306811 0.4556342265596154 0.09142982878371635 0.08998225478036197
34 0.74453125 0.26484375 0.5109375 0.5296875
31 0.125 0.8125 0.25 0.375
13 0.08359375 0.65390625 0.1671875 0.2484375
24 0.27890625 0.6453125 0.2828125 0.23125
0 0.7390625 0.76484375 0.5 0.4703125