1 0.41328125 0.01875 0.0921875 0.0375
2 0.4541280410908636 0.15289795490433758 0.09521925684847724 0.08747785668871888
3 0.5019171135011062 0.29642407977828683 0.08752515601864026 0.08849405347041017
4 0.5421875 0.428125 0.0875 0.0625
6 0.17629719378551148 0.07258129625781776 0.09065015601864027 0.08871257475773371
7 0.2272704657808357 0.2166701498444435 0.08814046265733602 0.07610331411407198
8 0.26322238902091544 0.3594532295458558 0.09017655933798814 0.08246257475773362
3 0.01640625 0.2828125 0.0328125 0.084375
4 0.0375 0.42421875 0.075 0.0703125
5 0.8296875 0.2140625 0.340625 0.428125
17 0.61328125 0.68046875 0.0921875 0.4015625
24 0.52890625 0.740625 0.2609375 0.35
30 0.15859375 0.5609375 0.3171875 0.203125
1 0.8296875 0.7265625 0.340625 0.534375