2 0.2140625 0.2796875 0.428125 0.271875
4 0.1609375 0.10703125 0.321875 0.2140625
0 0.16328125 0.40078125 0.3265625 0.0765625
16 0.8659672623201086 0.20120099918263054 0.2567778765014651 0.20902399269310407
33 0.6728910829666246 0.25802987743068906 0.2817778765014653 0.20946036931630943
13 0.53359375 0.31015625 0.1078125 0.2296875
17 0.55078125 0.09609375 0.1421875 0.1921875
23 0.73125 0.07734375 0.26875 0.1546875
20 0.90546875 0.0625 0.1859375 0.125
12 0.82265625 0.37109375 0.3234375 0.1359375
5 0.73984375 0.71953125 0.5203125 0.5609375