5 0.36196134071643493 0.09667724809719573 0.19648260367592557 0.1636990385547438
6 0.3307481713481012 0.2915785712151696 0.20497860885972194 0.17182987353571572
7 0.3027967030165268 0.48816972832553224 0.1882600005656478 0.15869320357377176
9 0.734375 0.29453125 0.53125 0.5890625
4 0.39375 0.9078125 0.15 0.184375
7 0.11875 0.86640625 0.2375 0.2671875
8 0.30234375 0.86796875 0.2515625 0.2640625
9 0.02265625 0.8734375 0.0453125 0.253125
4 0.65078125 0.76796875 0.3640625 0.3578125
8 0.825 0.7765625 0.321875 0.375
0 0.96640625 0.79453125 0.0671875 0.4109375