1 0.17172145273377612 0.1270422286981538 0.04864458565349707 0.16112159057054054
2 0.01171875 0.1390625 0.0234375 0.165625
6 0.2640625 0.54140625 0.1 0.0359375
13 0.83359375 0.00703125 0.0265625 0.0140625
24 0.8171875 0.009375 0.01875 0.01875
24 0.8742944316985541 0.12465143692754022 0.02638753737886681 0.04327911910658786
24 0.6520970036062963 0.1431145308078497 0.026496798022528623 0.04484161910658786
24 0.5553148387555902 0.15106611786373358 0.02638753737886681 0.04327911910658786
24 0.4689017273752942 0.24048602874093508 0.02638753737886681 0.04327911910658777
24 0.9457591583175438 0.28917200930111575 0.026496798022528623 0.04484161910658777
24 0.49188004148936615 0.32409904941909956 0.02638753737886681 0.04327911910658777
24 0.544163443350622 0.4036260376322753 0.026496798022528623 0.04484161910658777
24 0.843321845211878 0.49465141376817634 0.0242787341605581 0.03539384449948209
24 0.6997739410048336 0.5019822626108846 0.0242787341605581 0.03539384449948209
23 0.80078125 0.009375 0.0171875 0.01875
23 0.8317080939513701 0.1281188852321291 0.02638753737886681 0.04327911910658786
23 0.6296592748936197 0.14518429900481472 0.02638753737886681 0.04327911910658786
23 0.504970631330237 0.1549509431327932 0.02326253737886681 0.043133569892376135
23 0.9653671819506556 0.20209154031836235 0.026387537378867166 0.04327911910658786
23 0.9875 0.2859375 0.025 0.04375
23 0.967470267352051 0.28784710380059764 0.02638753737886681 0.04327911910658777
23 0.9030635599266981 0.29107695760570457 0.02638753737886681 0.04327911910658777
23 0.343191169213307 0.33586268713693723 0.02638753737886681 0.04327911910658777
23 0.9546749724316157 0.37213005851532743 0.026496798022528623 0.04484161910658777
23 0.5225069646379455 0.4057321931327932 0.02326253737886681 0.043133569892376045
23 0.6820783426139879 0.5050516046291673 0.021153734160558102 0.03524829528527036
10 0.86015625 0.0078125 0.0171875 0.015625
10 0.78671875 0.01171875 0.0234375 0.0234375
10 0.7165037110316492 0.13988467700274274 0.02671531930985207 0.04796661910658786
10 0.9235620942034718 0.2055953759265042 0.026496798022528623 0.04484161910658786
10 0.7082866554675521 0.22282345553879002 0.023371798022528624 0.044696069892376136
10 0.620098240616846 0.23117530293375615 0.026496798022528623 0.04484161910658786
10 0.44694995374218227 0.3274573358130297 0.026496798022528623 0.04484161910658777
10 0.36401176760415266 0.3329388943328663 0.02671531930985207 0.04796661910658777
10 0.8394159591900638 0.3831146002859411 0.02671531930985207 0.04796661910658777
10 0.9446822494189224 0.48535565053361013 0.02605975544788137 0.038591619106587774
10 0.8802755419935693 0.48858550433871706 0.02605975544788173 0.038591619106587774
10 0.6279917761541274 0.5110982433804623 0.02605975544788173 0.038591619106587774
21 0.8484375 0.00625 0.0125 0.0125
21 0.775 0.009375 0.0125 0.01875
21 0.758325224273201 0.1254797286981538 0.01454310124083733 0.05207192224974104
21 0.6128159823189728 0.13817016563020318 0.01454310124083733 0.05207192224974104
21 0.6201960656266813 0.3884783806840152 0.01454310124083733 0.05207192224974104
21 0.9573625658787828 0.47738048469400984 0.01232503737886681 0.04262414764263518
21 0.7683764755337088 0.49193948262709525 0.01232503737886681 0.04262414764263518
13 0.7625 0.0109375 0.021875 0.021875
13 0.8095599423422157 0.12319379073264711 0.028714861884498965 0.05428939371369372
13 0.9432190303415012 0.19716644581888035 0.028714861884498788 0.05428939371369372
13 0.8711637138816408 0.20237617658845797 0.029042643815484225 0.058976893713693725
13 0.325 0.24453125 0.0125 0.0578125
13 0.589492004866804 0.5061902655063687 0.025262079953513705 0.04945634449948209
13 0.5275383080851126 0.5110917812221345 0.02359031930985207 0.04782106989237604
13 0.41300591452172997 0.521331460296301 0.023371798022528624 0.04469606989237622
27 0.8859375 0.00703125 0.015625 0.0140625
27 0.73828125 0.01171875 0.0140625 0.0234375
27 0.7907388865260172 0.1324403581438239 0.02013753737886681 0.0429880206781645
27 0.6970270913534802 0.13975624441391954 0.02013753737886681 0.0429880206781645
27 0.8103736793527656 0.21278282960777659 0.02024679802252862 0.04455052067816449
27 0.6563253177203682 0.22585425620074379 0.01991901609154336 0.039863020678164406
27 0.99609375 0.3671875 0.0078125 0.04375
27 0.8191580895118948 0.38294978039356486 0.02024679802252862 0.04455052067816432
27 0.6432343639013114 0.5063572394515209 0.018028734160558103 0.035102746071058635
30 0.72578125 0.0125 0.0171875 0.025
30 0.8535284636295394 0.12835647973161116 0.02638753737886681 0.04327911910658786
30 0.7749278522492434 0.21814026364434191 0.02326253737886681 0.043133569892376225
30 0.5549102831914929 0.23436876943531013 0.026496798022528623 0.044841619106587946
30 0.38060405188092633 0.24727537613590123 0.026496798022528623 0.04484161910658777
30 0.9247746689612054 0.2897520521051867 0.02638753737886681 0.04327911910658777
30 0.8102422753978228 0.2999917311793531 0.026169016091543363 0.04015411910658777
30 0.8247357361773705 0.4961218684829062 0.021153734160558102 0.03524829528527036
30 0.6101869171196201 0.5126050853987449 0.0242787341605581 0.03539384449948209
30 0.46445915387806824 0.5221705223307943 0.0242787341605581 0.03539384449948209
22 0.70625 0.01328125 0.028125 0.0265625
22 0.3904103766386601 0.3318323126536658 0.03587179802252862 0.04527826674922295
22 0.9129241510280768 0.48777002108794 0.03031021287323483 0.03255994292790554
25 0.68671875 0.01875 0.0203125 0.0375
25 0.8527797006400892 0.21787274399963477 0.02849634059717552 0.051164393713693725
25 0.4842635554872226 0.5269864549196175 0.02359031930985207 0.04782106989237622
14 0.87421875 0.0078125 0.0203125 0.015625
14 0.9805062268710911 0.11791774751429145 0.026496798022528623 0.04484161910658786
14 0.9417715088020764 0.120785882336645 0.02671531930985225 0.04796661910658786
14 0.775168516847848 0.1324938620727653 0.026496798022528623 0.04484161910658786
14 0.6814020913534802 0.13902849834286096 0.02671531930985207 0.04796661910658786
14 0.33300815001967043 0.16796671174404304 0.026496798022528623 0.04484161910658786
14 0.98515625 0.20078125 0.0296875 0.0453125
14 0.8299049293527656 0.21369251219659985 0.026496798022528623 0.04484161910658786
14 0.7524354932147361 0.21942878184130699 0.026496798022528623 0.04484161910658777
14 0.6401375890076917 0.2282151228261323 0.026496798022528623 0.04484161910658786
14 0.43334663962811026 0.2442809627775004 0.02638753737886681 0.04327911910658777
14 0.8637114828231759 0.2962524551245053 0.02973105866619008 0.0465496683207995
14 0.7653121876506389 0.3033500175732833 0.026496798022528623 0.04484161910658777
14 0.7150226105471167 0.308016092842343 0.026496798022528623 0.04484161910658777
14 0.6164594244090871 0.3127699052911209 0.026496798022528623 0.04484161910658777
14 0.5445679989147193 0.32032338606069855 0.026496798022528623 0.04484161910658777
14 0.98671875 0.36875 0.0265625 0.046875
14 0.933799743718939 0.3742726013193984 0.02973105866619008 0.0465496683207995
14 0.8942837756499242 0.377104348838199 0.026496798022528623 0.04484161910658777
14 0.690617826270343 0.3933157380037787 0.026496798022528623 0.04484161910658777
14 0.6069530204541442 0.3995421592200625 0.02671531930985207 0.04796661910658777
14 0.784329257464694 0.4973547286981539 0.022934755447881726 0.03844606989237605
14 0.7564227787520175 0.49916978577024834 0.0242787341605581 0.03539384449948209
14 0.4334823054872226 0.5246212801886772 0.02605975544788164 0.038591619106587774
29 0.7484375 0.0109375 0.025 0.021875
17 0.9921875 0.1078125 0.015625 0.059375
17 0.3989391526175605 0.1531272698495949 0.028714861884498965 0.05428939371369372
17 0.3526104558358692 0.15875653163641917 0.028714861884498965 0.05428939371369372
17 0.6361709908689475 0.3051222251834972 0.029042643815484225 0.058976893713693815
28 0.961810857192922 0.11782570222902114 0.023371798022528624 0.044696069892376136
28 0.9114120194457381 0.12092927749808076 0.02671531930985225 0.04796661910658786
28 0.99609375 0.1984375 0.0078125 0.04375
28 0.4268559750295057 0.3296362659206535 0.026496798022528623 0.04484161910658777
28 0.8756430362935861 0.37779355355292876 0.026496798022528623 0.04484161910658777
28 0.8586194272590786 0.3793367828747643 0.026496798022528623 0.04484161910658777
28 0.5542646990506052 0.514672699542934 0.022934755447881726 0.03844606989237622
28 0.500850121947083 0.519193225597782 0.022934755447881726 0.03844606989237605
12 0.8929898013767232 0.12474348221281048 0.02671531930985225 0.04796661910658786
12 0.8838054615358523 0.2940735250168814 0.026387537378867166 0.04327911910658777
12 0.9135965043626009 0.3748890314270222 0.026496798022528623 0.04484161910658777
12 0.586749781097806 0.4001585893276863 0.026496798022528623 0.04484161910658777
12 0.970971597809768 0.48268656885440964 0.021153734160558102 0.03524829528527036
12 0.7401804197175101 0.5007494023956369 0.018028734160558103 0.035102746071058635
28 0.9921875 0.48125 0.015625 0.034375
28 0.7473712987788332 0.13587141914485992 0.02326253737886681 0.043133569892376225
34 0.5999553493992519 0.15470269416625052 0.029042643815484225 0.058976893713693725
34 0.5363845222957296 0.1587501852749104 0.028714861884498965 0.05428939371369364
34 0.5336908470534634 0.24272492493582815 0.029042643815484225 0.058976893713693815
34 0.7363895121562709 0.31290480003827204 0.029042643815484225 0.058976893713693815
34 0.5977476292365501 0.32357897270229774 0.029042643815484225 0.058976893713693815
34 0.32734375 0.34375 0.0171875 0.059375
34 0.8056965230520342 0.39088855892961216 0.0288241225281606 0.05585189371369363
29 0.5712294158591124 0.14479900123834505 0.022464861884498966 0.05399829528527036
29 0.4163998042267149 0.15783404052775935 0.022137079953513793 0.04931079528527036
29 0.37046994519220744 0.15803093961813658 0.025371340597175517 0.05101884449948209
29 0.6017470783640299 0.2248696449520388 0.022464861884499143 0.05399829528527036
29 0.4499332060879707 0.23648773345566476 0.022464861884498966 0.05399829528527027
29 0.3446119215590955 0.24482031017246647 0.022246340597175517 0.05087329528527036
29 0.782008014754161 0.2971192882514478 0.022137079953513706 0.04931079528527036
29 0.6952728392597931 0.30398141025351977 0.022355601240837332 0.052435795285270356
29 0.47296615052387364 0.3208820041338292 0.022355601240837332 0.052435795285270356
29 0.5685078794886517 0.3954154313459689 0.022464861884498966 0.05399829528527036
29 0.8072750845682162 0.4914150978047417 0.02013753737886681 0.04298802067816432
29 0.7228290287520174 0.49760513171747245 0.02024679802252862 0.04455052067816449
29 0.4486702629125756 0.5190990262597357 0.02013753737886681 0.04298802067816432
18 0.5182136765027741 0.1438871645967459 0.014870883171822414 0.056759422249741044
18 0.42779077229572965 0.15369235008105325 0.014870883171822414 0.056759422249741044
18 0.8866248229161483 0.20076017265951657 0.014870883171822414 0.056759422249741044
18 0.7934536131450066 0.29375884780474165 0.01610560124083733 0.0521446968568469
18 0.7473377198337257 0.3803833984666955 0.014652361884498966 0.05363442224974087
18 0.5575703794886516 0.39490600909622786 0.014652361884498966 0.05363442224974087
18 0.9304012281315988 0.48157567906965737 0.01410605866619008 0.04582192224974104
18 0.7126181484301866 0.4963508467712844 0.01232503737886681 0.04262414764263518
18 0.5656010367977892 0.5097497590962279 0.01388753737886681 0.042696922249740865
18 0.5128038187287743 0.5119629224546288 0.012215776735205176 0.04106164764263518
16 0.48525906487037657 0.16259862324041707 0.029042643815484225 0.058976893713693725
16 0.6785280996513534 0.23156060070022583 0.029042643815484225 0.058976893713693634
16 0.5131923127766896 0.32820650661502865 0.029042643815484225 0.058976893713693815
16 0.7343131959485121 0.3945721770027427 0.0288241225281606 0.05585189371369381
16 0.7126020869140047 0.3958970825032607 0.0288241225281606 0.05585189371369363
32 0.4484310542267148 0.15932591997342943 0.03743429802252862 0.045351041356328906
31 0.9026868654907952 0.20773791873057515 0.026496798022528623 0.04484161910658786
31 0.48910496673163245 0.2398695986333112 0.02638753737886681 0.04327911910658795
31 0.5647166079492266 0.3189257059530748 0.02638753737886681 0.04327911910658777
16 0.5769491741569855 0.23773136393479216 0.029042643815484225 0.058976893713693725
19 0.39924479123726464 0.2465861714211714 0.025010707677454568 0.06813356989237604
28 0.3620725731682498 0.24952708085063086 0.026496798022528623 0.04484161910658777
26 0.8339529270069772 0.3049896002859411 0.029042643815484225 0.058976893713693815
29 0.6579367302252858 0.30457856968297914 0.032167643815484225 0.05912244292790536
27 0.7628534591900639 0.37954864453775394 0.028714861884498965 0.05428939371369381
13 0.6666886533738652 0.3851928688971908 0.0288241225281606 0.05585189371369381
14 0.6350398156266812 0.3891697394515209 0.028714861884498965 0.05428939371369381
11 0.8606896616717383 0.48689457174989376 0.023371798022528624 0.04469606989237622
15 0.6554065819703261 0.5022519363083676 0.02046531930985207 0.047675520678164315
19 0.9828125 0.5515625 0.01875 0.015625
2 0.925 0.553125 0.025 0.0125
13 0.794584788387273 0.20971133353671806 0.029042643815484225 0.058976893713693725
5 0.03671875 0.690625 0.0734375 0.2625
0 0.21640625 0.7796875 0.1859375 0.440625
4 0.61796875 0.63125 0.4546875 0.14375
8 0.697878669213307 0.761855914596746 0.3864395165957465 0.20333063109830007
0 0.8046875 0.95546875 0.390625 0.0890625