34 0.08384231628463348 0.22835810787880675 0.03477919158591121 0.03061138257342364
34 0.25895693076702253 0.18011874957579277 0.031544930942249486 0.028812084233097578
34 0.2738824442606759 0.12225870538465156 0.029763909654926035 0.02556868506293437
10 0.10516565922759753 0.26792917074128014 0.02831067029858776 0.027012785892771517
10 0.1267889229733524 0.1365132273799759 0.02831067029858776 0.027012785892771517
10 0.05500639414446033 0.0183920346433716 0.02831067029858776 0.027012785892771517
10 0.2985111036635003 0.17012752032171718 0.026638909654926036 0.02533188672260849
10 0.39689397334166954 0.16344962260144663 0.029982430942249394 0.02869368506293437
10 0.3613113884444771 0.10553130144060371 0.02831067029858776 0.027012785892771517
10 0.34323873163954277 0.07503924065272312 0.02831067029858776 0.027012785892771517
23 0.060972898836037334 0.19978374460141524 0.026638909654926036 0.02533188672260849
23 0.1594103988360373 0.19232459688114475 0.026638909654926036 0.02533188672260831
23 0.13283682718039674 0.15004293111424225 0.026638909654926036 0.02533188672260849
23 0.10346603745574143 0.10331056368766571 0.023295388367602542 0.021970088382282427
23 0.29958764858393583 0.25475097405598357 0.026638909654925946 0.02533188672260849
32 0.033476329526185275 0.24849393173894221 0.03009169158591123 0.030256185062934548
29 0.08939854759520008 0.24891906161307328 0.024857888367602544 0.022088487552445458
29 0.15298008237617688 0.18426364314687832 0.0248578883676025 0.022088487552445458
29 0.040625 0.00546875 0.025 0.0109375
29 0.18775355614517486 0.07594165766902546 0.02485788836760259 0.022088487552445458
29 0.3080282152958978 0.18961122613057596 0.026420388367602587 0.02220688672260831
29 0.2914087978473016 0.16056326617253225 0.02485788836760259 0.02208848755244528
29 0.440625 0.246875 0.01875 0.021875
29 0.32976073968531444 0.05663278276927173 0.0248578883676025 0.022088487552445458
17 0.4036138669050521 0.17848262675063148 0.028201409654926124 0.02545028589277152
18 0.16088006368674349 0.2046469981259002 0.027982888367602498 0.02232528589277134
18 0.10671672359377102 0.11238956576225814 0.027982888367602543 0.022325285892771517
18 0.0328125 0.003125 0.028125 0.00625
18 0.3238931519381305 0.05163762944992385 0.027982888367602498 0.022325285892771517
20 0.09340262260503532 0.09163935787880692 0.031544930942249486 0.028812084233097578
20 0.3317499385606927 0.22822344023780444 0.028201409654926034 0.02545028589277152
16 0.22197573683532285 0.1199750775851129 0.03477919158591121 0.03061138257342364
16 0.2807662287895511 0.1349479595338364 0.031544930942249486 0.028812084233097578
28 0.05234375 0.27890625 0.0234375 0.0203125
28 0.02566346554799933 0.13795917344057235 0.02652964901126429 0.023769386722608487
28 0.09037045775432921 0.0794353558042145 0.02652964901126431 0.023769386722608487
28 0.3570887921473185 0.26593600517487026 0.026638909654926123 0.02533188672260849
28 0.31523978175575823 0.19761298027976082 0.02652964901126431 0.023769386722608487
28 0.30234375 0.01015625 0.0234375 0.0203125
21 0.046462648583935784 0.2739316396223934 0.02474862772394082 0.020525987552445456
21 0.08285897049167787 0.24242060787880676 0.02474862772394082 0.020525987552445456
21 0.11785096554799934 0.1309736224009539 0.02474862772394082 0.020525987552445456
21 0.11085792037546234 0.11984686825176905 0.02474862772394082 0.020525987552445456
21 0.20824101876630802 0.11635317011658008 0.02307686708027905 0.01884508838228225
21 0.3903543962381473 0.15695116886718025 0.024748627723940687 0.020525987552445456
21 0.350865561340955 0.09932884563174493 0.024748627723940687 0.020525987552445456
21 0.3505759842374328 0.09235679521682645 0.022967606436617417 0.017282588382282426
21 0.3150480296620713 0.03365722405598355 0.024748627723940864 0.020525987552445456
24 0.04253997308956792 0.2633493371328825 0.026638909654926036 0.02533188672260849
24 0.17955365403181744 0.2265453089137809 0.02831067029858776 0.027012785892771517
24 0.23547015428391896 0.1492598358834826 0.02831067029858776 0.027012785892771517
24 0.22562526072053632 0.1344636300746238 0.02831067029858776 0.027012785892771517
24 0.16156239674235037 0.028191241902122854 0.02831067029858776 0.027012785892771517
24 0.34175872308956795 0.24067589604666342 0.02831067029858776 0.027012785892771517
24 0.43515625 0.22734375 0.0296875 0.0265625
24 0.3757509468585659 0.13241311015389198 0.02831067029858776 0.02701278589277134
14 0.04486157977828682 0.1745828350582901 0.026638909654926036 0.02533188672260849
14 0.01867042037546235 0.1268324192913875 0.02652964901126429 0.023769386722608487
14 0.19482909276773705 0.25258666804198776 0.02831067029858776 0.027012785892771517
14 0.14844004784730164 0.17139679024244892 0.02831067029858776 0.027012785892771517
14 0.07017257223671822 0.04599589377157827 0.02652964901126431 0.023769386722608487
14 0.3079246724691493 0.26888432903500536 0.02831067029858776 0.027012785892771517
14 0.28353095984801613 0.2287688145128584 0.02831067029858776 0.027012785892771517
14 0.20682598423743276 0.10324951887182462 0.02831067029858776 0.02701278589277134
14 0.3263740237099865 0.21619703691845657 0.02831067029858776 0.027012785892771517
14 0.2859782526747646 0.14931811285318428 0.02831067029858776 0.027012785892771517
14 0.44453125 0.25546875 0.0109375 0.0265625
14 0.4203971753191409 0.20518683670867519 0.02831067029858776 0.02701278589277134
14 0.30950822384587257 0.02397457073663567 0.02831067029858776 0.027012785892771517
25 0.08023598708742434 0.05766709958043714 0.031544930942249486 0.0288120842330974
25 0.35182213794027406 0.2523471018555222 0.028201409654926124 0.02545028589277152
27 0.03792316492758071 0.16267483090910523 0.024857888367602565 0.022088487552445458
27 0.1885626672733692 0.24218196430772138 0.023186127723940863 0.020407588382282425
27 0.13904862235293375 0.1612288848485086 0.02162362772394082 0.020289189212119398
27 0.06307026642051952 0.036431639622393416 0.02162362772394082 0.020289189212119398
27 0.0453125 0.009375 0.021875 0.01875
27 0.3041055398015299 0.17902892364106507 0.0248578883676025 0.022088487552445458
27 0.41413074982477305 0.19478213297440874 0.021623627723940865 0.020289189212119398
27 0.3353005455015131 0.0663154360886196 0.021623627723940865 0.020289189212119398
31 0.10859375 0.278125 0.0265625 0.021875
31 0.4280622098480162 0.21781689127277862 0.02652964901126431 0.023769386722608487
28 0.09577423373322969 0.2577612653473397 0.02652964901126431 0.023769386722608487
30 0.06930992272125085 0.21391709958043706 0.02496714901126431 0.023650987552445456
30 0.03160210911138198 0.1530513771748387 0.02652964901126429 0.023769386722608487
30 0.22421875 0.2859375 0.0265625 0.00625
13 0.05085485366350033 0.18889378879255644 0.03477919158591121 0.03061138257342346
13 0.01171875 0.1140625 0.0234375 0.028125
13 0.28785247308956796 0.2447606674172878 0.03477919158591121 0.03061138257342364
13 0.2735221753191409 0.21631635870399943 0.029982430942249484 0.02869368506293455
13 0.36796875 0.28203125 0.0296875 0.0140625
13 0.28828125 0.00390625 0.0328125 0.0078125
22 0.2125 0.27734375 0.03125 0.0234375
22 0.3171875 0.278125 0.03125 0.021875
22 0.15078125 0.0140625 0.0328125 0.028125
22 0.13828125 0.003125 0.0328125 0.00625
11 0.20082236665295058 0.2668976217762541 0.029982430942249484 0.02869368506293455
11 0.25920830304308173 0.19875035040562966 0.029982430942249484 0.02869368506293437
15 0.17016222853744956 0.21637740351984042 0.03143567029858776 0.02724958423309758
15 0.3838148191346251 0.1504527151329139 0.029763909654926125 0.025568685062934547
15 0.36797665168602894 0.12134555558978857 0.028092149011264313 0.023887785892771518
12 0.16917280094939474 0.04160254646622628 0.02652964901126431 0.02376938672260831
12 0.32069709612193176 0.04177737737533142 0.02831067029858776 0.02701278589277134
16 0.24140879784730157 0.16435203961774905 0.03499771287323465 0.033736382573423464
18 0.1918947529268662 0.08339896015853636 0.024748627723940864 0.020525987552445456
28 0.18041630354728477 0.05862410310492212 0.0248578883676025 0.022088487552445458
23 0.725 0.14453125 0.55 0.2890625
12 0.24375 0.5609375 0.4125 0.54375
14 0.21484375 0.72109375 0.4296875 0.5578125
29 0.2734375 0.9546875 0.353125 0.090625
20 0.32890625 0.80546875 0.2421875 0.3890625
22 0.725 0.64453125 0.55 0.7109375