10 0.4097072943802191 0.08017372738896329 0.019623019237293704 0.025654764427970277
10 0.2143377414776615 0.14218511015110255 0.02280258293962447 0.02732639183263199
10 0.3125470629845407 0.174556155249112 0.021185519237293705 0.025709328130301044
23 0.21867555581296455 0.017966360151102555 0.01795139183263199 0.022475200725639334
23 0.09290917478010571 0.10274560951813036 0.01795139183263199 0.02247520072563951
23 0.14710560145912802 0.11871783909971043 0.01795139183263199 0.02247520072563951
23 0.22901780037066893 0.14739096532324575 0.01795139183263199 0.02247520072563951
23 0.41393594819375074 0.20547382775178297 0.021185519237293705 0.025709328130301044
23 0.04652521498397366 0.3334400488110244 0.01795139183263199 0.02247520072563951
32 0.24496523730131026 0.026706443090727117 0.029107146641955416 0.029107146641955416
32 0.00625 0.31796875 0.0125 0.0234375
29 0.3556199951058586 0.06107649780738331 0.016443455534962938 0.023983137023308565
29 0.42578125 0.084375 0.0078125 0.025
29 0.11383923367311315 0.10816971949959697 0.016443455534962938 0.023983137023308565
29 0.17961800109630835 0.12845742684865832 0.016498019237293705 0.025545637023308566
29 0.2569245455613455 0.15462311196520115 0.016443455534962938 0.023983137023308388
29 0.3366294037287135 0.17930814263524023 0.016498019237293705 0.025545637023308566
29 0.42734375 0.21015625 0.0046875 0.0265625
17 0.2678347637101801 0.15578630788151707 0.019786710344286362 0.030342264427970278
18 0.25902773730131023 0.027197516411704824 0.016607146641955416 0.028670637023308566
18 0.0015625 0.0671875 0.003125 0.028125
18 0.13719488811961691 0.11133192503455973 0.011810519237293704 0.025381945916316085
18 0.34516859002638267 0.18117074299805988 0.016607146641955416 0.028670637023308566
20 0.16264875590563177 0.12160722612301891 0.019786710344286185 0.030342264427970278
28 0.26818448249198684 0.03377489862568996 0.019623019237293704 0.025654764427970277
28 0.3725892402965352 0.06792669853302273 0.019623019237293704 0.025654764427970277
28 0.0426462799522489 0.08612853919237758 0.01795139183263199 0.02247520072563942
21 0.01797366216623395 0.07588051995508387 0.011755955534962937 0.023819445916315907
21 0.13094488811961683 0.1111136702252363 0.011755955534962937 0.023819445916316084
21 0.36677077151472837 0.1897471348306919 0.011755955534962937 0.023819445916316084
24 0.14375 0.003125 0.021875 0.00625
24 0.20474946506879163 0.013569036830124892 0.019623019237293704 0.025654764427970277
24 0.2991071002780017 0.044241172672307094 0.019623019237293704 0.025654764427970277
24 0.07903764773826376 0.09678578619715265 0.019623019237293704 0.025654764427970277
24 0.19268099628698493 0.13517121831847057 0.019623019237293704 0.025654764427970277
24 0.2437797048171726 0.1502530704953889 0.021185519237293705 0.025709328130301044
24 0.39763882559841246 0.201775908877309 0.021185519237293705 0.025709328130301044
2 0.01969238567254621 0.27305562031790365 0.019786710344286362 0.030342264427970278
2 0.06454109420273398 0.2879192176854984 0.02291171034428636 0.030451391832631812
2 0.09780746198874883 0.2984673372856118 0.019786710344286362 0.030342264427970278
0 0.03515369456555355 0.27828875734121217 0.01967758293962447 0.02721726442797028
0 0.08078365309574131 0.2931796365599724 0.01967758293962447 0.02721726442797028
0 0.11405002088175617 0.3037277561600858 0.019786710344286362 0.030342264427970278
14 0.027993502910406854 0.08014143402023444 0.021185519237293705 0.025709328130301135
14 0.28315966334736037 0.16492569490482561 0.021185519237293705 0.025709328130301044
14 0.3752008304077359 0.19473473519351164 0.019623019237293704 0.025654764427970277
14 0.017891783495627943 0.3246181203179036 0.019623019237293704 0.025654764427970277
14 0.031036624239800758 0.32898816178771584 0.019623019237293704 0.025654764427970277
25 0.3941641399337154 0.07728434036565472 0.01967758293962447 0.02721726442797028
27 0.4213714806778883 0.08214545515644467 0.016443455534962938 0.023983137023308565
27 0.296359067793864 0.16773323637463794 0.016443455534962938 0.023983137023308565
27 0.3265277174310445 0.17739097857008962 0.014771828130301045 0.02080357332097762
13 0.2829463869384906 0.0366370037978331 0.019732146641955238 0.028779764427970277
13 0.06443943439875266 0.08923618102500956 0.019786710344286362 0.030342264427970278
22 0.16171875 0.00703125 0.0296875 0.0140625
22 0.1859375 0.01015625 0.028125 0.0203125
22 0.3153496591710091 0.04950159154678104 0.029107146641955416 0.029107146641955416
12 0.00859375 0.07265625 0.0171875 0.0265625
12 0.3550793033658938 0.1885566570632104 0.019623019237293704 0.025654764427970277
18 0.3471626543616857 0.056870147444563604 0.011755955534962937 0.023819445916315997
6 0.17356391933781018 0.234625581295162 0.02280258293962447 0.02732639183263199
29 0.003125 0.2671875 0.00625 0.025
22 0.7296875 0.184375 0.540625 0.36875
14 0.3 0.82734375 0.259375 0.3453125
28 0.21484375 0.67109375 0.4296875 0.3921875
29 0.71484375 0.6890625 0.5703125 0.621875