2 0.050025187553850346 0.24329984540099686 0.017342036104353475 0.02676249466899989
2 0.1000797297083281 0.2345066480744511 0.020476126463433175 0.028361357336090798
2 0.13371893150372616 0.2270850467456782 0.017342036104353475 0.02676249466899989
0 0.06801211827200966 0.24038393073676953 0.017332945745273776 0.025199994668999894
0 0.11494166042648732 0.23155437074313284 0.020467036104353475 0.026798857336090796
0 0.14857631704234553 0.22491401941435996 0.020476126463433175 0.02836135733609062
6 0.17098310304850325 0.1337623080839961 0.017323855386194253 0.023637494668999892
1 0.14389738652057807 0.35768106608049627 0.017332945745273953 0.025199994668999894
9 0.39525989862082656 0.39498326078131296 0.020476126463433175 0.028361357336090798
4 0.41324682933898577 0.3920673461170855 0.020476126463433175 0.028361357336090798
26 0.80703125 0.2546875 0.3859375 0.509375
26 0.30234375 0.7546875 0.4953125 0.490625
5 0.6216189073032293 0.8595702827418602 0.10230790944452864 0.1293067866804538
1 0.7422404795119364 0.8078452454248595 0.08350336729005096 0.11971361067790856
3 0.8659779613615637 0.7577190707749495 0.09916472872636958 0.1261454240133631