2 0.5370516557789708 0.1626706332991242 0.033035640606883375 0.022056807181592218
2 0.526289370023276 0.21275699171038057 0.033163186364518 0.02361930718159222
2 0.5188753538124186 0.24640982904439818 0.033035640606883375 0.022056807181592218
0 0.09382742744984014 0.2770210422526736 0.02978309484924897 0.020476126463433175
0 0.5322046591129508 0.17989449473544267 0.029783094849248924 0.020476126463433175
0 0.5229411004784386 0.22919051278761948 0.029910640606883553 0.022038626463433176
0 0.5162445613887638 0.26205755494209715 0.033163186364518 0.023619307181592396
6 0.4220162003286574 0.27589331684595386 0.029783094849248924 0.020476126463433175
4 0.671875 0.36015625 0.10625 0.3578125
8 0.8515625 0.3890625 0.23125 0.3
32 0.309375 0.76953125 0.61875 0.4609375
2 0.809375 0.76953125 0.38125 0.4609375