10 0.44296875 0.275 0.0140625 0.015625
10 0.3640625 0.2757243241610231 0.0234375 0.01943196159934022
10 0.25078125 0.19742817643087873 0.0234375 0.01943196159934022
23 0.4484375 0.20703125 0.003125 0.0171875
23 0.44453125 0.259375 0.0109375 0.01875
23 0.36328125 0.29140625 0.0203125 0.0171875
23 0.2484375 0.2145474802709447 0.0203125 0.017778533386094874
23 0.175 0.1428794172596787 0.0203125 0.014653533386094875
29 0.44765625 0.2203125 0.0046875 0.0125
29 0.29921875 0.14727506373618182 0.0234375 0.013181961599340219
29 0.1671875 0.21140209672656524 0.0265625 0.013272889812585653
17 0.26171875 0.1360276751772375 0.0265625 0.016397889812585564
17 0.15703125 0.29375 0.0265625 0.0125
18 0.36953125 0.26494594853420245 0.028125 0.010193353919208193
16 0.128125 0.15870299406099825 0.0296875 0.01961381802583091
28 0.2953125 0.1666926534696251 0.0234375 0.01943196159934022
28 0.24296875 0.2604821058977653 0.0203125 0.017778533386094787
21 0.44375 0.2875 0.0125 0.009375
21 0.44140625 0.2984375 0.0171875 0.003125
21 0.13671875 0.13082804664742298 0.028125 0.010193353919208281
24 0.2875 0.22974658293651173 0.0234375 0.01943196159934022
24 0.23828125 0.28984375 0.0234375 0.0203125
24 0.1625 0.23235945440669722 0.0234375 0.01943196159934022
24 0.1328125 0.1416518863808663 0.0234375 0.01943196159934022
14 0.44609375 0.23125 0.0078125 0.01875
14 0.375 0.18776132290738187 0.0234375 0.01943196159934022
14 0.37109375 0.23608516264082519 0.0234375 0.01943196159934022
14 0.29140625 0.19861024320306844 0.0234375 0.01943196159934022
14 0.27890625 0.29140625 0.0234375 0.0171875
14 0.1671875 0.1965583467265653 0.0234375 0.01943196159934022
14 0.16015625 0.2619787582467632 0.0234375 0.01943196159934022
25 0.23828125 0.2736269635778973 0.0234375 0.016306961599340218
18 0.44765625 0.19453125 0.0046875 0.0046875
27 0.4453125 0.246875 0.009375 0.0125
27 0.29296875 0.1861557073096911 0.0203125 0.011528533386094875
27 0.15859375 0.2752145441401405 0.0203125 0.011528533386094875
31 0.1625 0.24720320440669724 0.0234375 0.016306961599340218
30 0.25625 0.1522748008040581 0.0203125 0.014653533386094875
13 0.37109375 0.25327266264082515 0.0265625 0.019522889812585653
13 0.2484375 0.2301724802709447 0.0265625 0.019522889812585563
13 0.175 0.16006691725967867 0.0296875 0.019613818025830954
29 0.384375 0.15600285754711796 0.0265625 0.019522889812585563
17 0.38046875 0.17229544728056126 0.0265625 0.019522889812585563
22 0.3734375 0.21662210880075916 0.021875 0.0271989974927175
22 0.28515625 0.2507721367765777 0.021875 0.024073997492717502
22 0.28203125 0.27333745856333236 0.025 0.025727425705962936
11 0.2578125 0.16950776491068079 0.0265625 0.019522889812585563
11 0.1390625 0.11839624280735701 0.0296875 0.019613818025830954
12 0.28984375 0.21497102909644578 0.0234375 0.01943196159934022
18 0.3015625 0.13874950989611584 0.025 0.006977425705962892
10 0.178125 0.12578284547292404 0.0265625 0.022647889812585566
34 0.165625 0.18245038261994256 0.0265625 0.019522889812585563
1 0.0671875 0.16161739390271368 0.0234375 0.013181961599340219
10 0.725 0.15 0.55 0.3
30 0.225 0.625 0.45 0.65