2 0.16708504439397293 0.3394977786433088 0.028243174668035033 0.02244368506293437
2 0.18007085772388534 0.2897229215896946 0.028261355386194252 0.025568685062934547
2 0.1869021198241337 0.25588071785542815 0.028243174668035033 0.02244368506293437
0 0.1716725504440971 0.3226654761537979 0.028243174668035033 0.022443685062934548
0 0.18388620413308915 0.27439391951510217 0.028252265027114733 0.02400618506293455
0 0.19149871623333753 0.24061091536591722 0.028252265027114733 0.024006185062934372
6 0.11537203258831212 0.17549355561301055 0.02510908430895533 0.020644386722608397
3 0.11328125 0.759375 0.0296875 0.01875
1 0.3145185805965223 0.31240525022371457 0.02667158430895533 0.020762785892771342
11 1 0.76875 1 0.24234274218750002 0.9134454968749999 0.21424433125000003 0.8560854124999999 0.22269356875000001 0.77983859375 0.270128534375 0.7408986515625 0.1672534 0.6959741906250001 0.12559926875 0.542547371875 0.07579192500000001 0.44280202031249993 0.10657510781249999 0.4390625 0.110688059375 0.4390625 0.5353707984375 0.889234040625 0.76875 1 0.76875
34 0.21953125 0.884375 0.4390625 0.23125
7 0.71953125 0.884375 0.5609375 0.23125