4 0.08984375 0.43359375 0.1796875 0.3703125
6 0.28984375 0.4734375 0.1390625 0.290625
3 0.66171875 0.35390625 0.6046875 0.5296875
19 0.1796875 0.809375 0.359375 0.38125
15 0.9921875 0.78046875 0.015625 0.0234375
18 0.9796875 0.9234375 0.040625 0.015625
18 0.99296875 0.76875 0.0140625 0.015625
29 0.99453125 0.759375 0.0109375 0.028125
17 0.9859375 0.84140625 0.028125 0.0328125
29 0.9765625 0.953125 0.046875 0.028125
29 0.9890625 0.8234375 0.021875 0.021875
20 0.97421875 0.98828125 0.0515625 0.0234375
22 0.98203125 0.90078125 0.0359375 0.0390625
27 0.99453125 0.74375 0.0109375 0.021875
14 0.98359375 0.86171875 0.0328125 0.0328125
10 0.9736450156162899 0.969959621690266 0.047038626463433174 0.03195137272903601
28 0.9769609131569619 0.937402213205535 0.040770445745273776 0.028316189698497852
34 0.984375 0.79453125 0.03125 0.0328125
18 0.9599153554843902 0.6429029141139206 0.05009999394987581 0.021268964244305133
15 0.9081609161820239 0.9403839498696154 0.053243174668035034 0.024649055759574257
29 0.9340926779876847 0.7822684319917681 0.045439765027114734 0.025573826971401557
24 0.9439676477370638 0.6970962065375753 0.040788626463433175 0.03144118969849794
14 0.9188534973677214 0.8490254972942399 0.040797716822512695 0.03300368969849794
23 0.9059853378249969 0.9112863812331635 0.040770445745273776 0.02831618969849794
27 0.8987041029503073 0.9536811753238084 0.03603749394987581 0.02012105242559432
30 0.89140625 0.9875 0.0421875 0.025
12 0.9472062772255588 0.6778200480528442 0.040788626463433175 0.03144118969849789
31 0.9132574823406067 0.8704540871425192 0.04391362646343318 0.03169628121376693
14 0.9100233980316513 0.8889489956272498 0.04391362646343318 0.03169628121376693
23 0.9481102470731338 0.6567900709316616 0.040770445745273776 0.02831618969849794
27 0.9407244730690287 0.7171536150223062 0.03603749394987581 0.02012105242559432
14 0.9335250514260558 0.7454859091129508 0.040788626463433175 0.03144118969849794
12 0.932616536398941 0.7672971362341335 0.040788626463433175 0.03144118969849785
10 0.8986131993595112 0.9693061753238081 0.040770445745273776 0.028316189698497852
27 0.9383034550168519 0.7302435463858543 0.03917158430895533 0.021938643940863402
18 0.8234375 0.9921875 0.05 0.015625
17 0.8306808107958297 0.957507934866706 0.0548602168225127 0.03415160151720879
13 0.8461199793155446 0.8563758695642341 0.0517352168225127 0.03389651000193972
11 0.8412370365953329 0.8895869822913305 0.0548602168225127 0.03415160151720871
29 0.8331381902843248 0.9381680035031579 0.04855567466803503 0.02426641848667064
24 0.8777522952777357 0.6588630118381075 0.05019089754067192 0.03689396424430513
23 0.88125 0.63359375 0.05 0.0296875
29 0.8760488947120016 0.6829542160804729 0.05488748789975162 0.03883910151720871
10 0.8657017471713295 0.7149376686558485 0.04391362646343318 0.031696281213766976
14 0.8180671813073344 0.9760188188056297 0.040788626463433175 0.03144118969849785
27 0.854396087628605 0.7773260983524067 0.03917158430895533 0.021938643940863402
31 0.8463699641902341 0.8134071195642341 0.040788626463433175 0.03144118969849785
24 0.8496176840378089 0.7925684610795031 0.040788626463433175 0.03144118969849785
14 0.8431222443426594 0.8342457780489649 0.04391362646343318 0.03169628121376693
27 0.81328125 0.9953125 0.0421875 0.009375
25 0.8482688074761799 0.7557221653218685 0.0517352168225127 0.03389651000193972
25 0.8538648225032945 0.7342935754735894 0.0517352168225127 0.03389651000193963
34 0.8254984071068376 0.9078427747149851 0.0548602168225127 0.03415160151720879
18 0.7775926931129952 0.8124826062283145 0.048510222872636885 0.01645391848667064
22 0.7808267774219507 0.7939876977435836 0.0470658975406721 0.03663887272903601
20 0.7751398588040399 0.8310412875918626 0.05015453610435365 0.03064396424430509
11 0.7945898164531704 0.7122593366834771 0.0548602168225127 0.03415160151720871
29 0.7986687832756831 0.6828907010775634 0.04855567466803503 0.024266418486670594
23 0.7550859131569618 0.919290715621431 0.040770445745273776 0.02831618969849794
22 0.80390625 0.628125 0.0421875 0.01875
28 0.7972108224050988 0.664794405319929 0.040770445745273776 0.02831618969849794
14 0.7680131600337038 0.8468735816825074 0.04391362646343318 0.03169628121376693
10 0.758347268543156 0.8961083071367 0.0439227168225127 0.03325878121376702
28 0.7494308107958296 0.9508755554697101 0.040770445745273776 0.028316189698497852
23 0.7421875 0.98671875 0.040625 0.0265625
12 0.7600188528521115 0.8774858528943346 0.040788626463433175 0.03144118969849794
30 0.8004494518935938 0.645518246835198 0.040770445745273776 0.028316189698497918
14 0.7858688014260558 0.7334328350164872 0.0439227168225127 0.03325878121376702
14 0.7446296813073344 0.9700241681968066 0.0439227168225127 0.03325878121376693
17 0.7010943465073997 0.660856591225405 0.040770445745273866 0.028316189698497897
18 0.6857188105012421 0.7510511565278769 0.03915340359079611 0.0188136439408634
29 0.7043466115345144 0.639236682740674 0.040797716822512695 0.033003689698497915
21 0.6897750514260558 0.7255887709219632 0.0391534035907962 0.0188136439408634
21 0.6581790969001832 0.9168516286480898 0.0391534035907962 0.0188136439408634
18 0.6986687832756832 0.6747277725889532 0.040688632513557366 0.01425368969849794
29 0.6508796813073344 0.9623714227387344 0.03917158430895533 0.021938643940863402
18 0.6492535487937772 0.9731813769810997 0.04540340359079611 0.01932382697140156
29 0.6638751058771736 0.8782355387998105 0.03917158430895542 0.021938643940863402
11 0.6735773588040399 0.822750813345618 0.040770445745273866 0.02831618969849794
24 0.6679995244950845 0.841054403193897 0.031386355386194255 0.0259884151526907
23 0.6390625 0.99609375 0.03125 0.0078125
12 0.6890801598373122 0.7106812480431459 0.03451135538619425 0.02624350666795978
10 0.6752625786516147 0.8017846091032524 0.03765453610435347 0.02962359818322886
24 0.64375 0.98515625 0.034375 0.0296875
10 0.6858006237329587 0.7369886565278769 0.032948855386194256 0.026115960910325243
30 0.6624125998270494 0.8609204930421761 0.032948855386194256 0.026115960910325243
14 0.6510705788480065 0.9295589227387344 0.031386355386194255 0.0259884151526907
12 0.6486268348981306 0.9465551041022826 0.03136817466803503 0.022863415152690702
28 0.693131855582586 0.6860001124372322 0.037636355386194253 0.02649859818322886
22 0.6793460906536672 0.7716347234973387 0.03300339754067192 0.03549096091032524
14 0.6574842053114395 0.9019441057692725 0.03451135538619425 0.02624350666795978
22 0.6198079850710811 0.6604742118284092 0.040788626463433175 0.03144118969849789
0 0.595497810599438 0.8085610254638912 0.040770445745273866 0.02831618969849794
1 0.5890387323406067 0.843988342433353 0.045439765027114734 0.025573826971401557
10 0.6246227500981958 0.6389818491013128 0.040788626463433175 0.03144118969849792
2 0.5987182593697739 0.7924098669791602 0.039189765027114645 0.0250636439408634
2 0.5930449762904825 0.8271197068274393 0.04229658430895542 0.022193735456132478
6 0.6036102924490653 0.7576362542520638 0.04389544574527386 0.02857128121376702
0 0.628125 0.621875 0.040625 0.00625
19 0.6078665212736306 0.69779886864615 0.04853749394987581 0.021141418486670595
23 0.6029835785534188 0.7310099813732466 0.02980567466803503 0.022735869395056164
10 0.6054227773237548 0.7147950500096983 0.039189765027114645 0.0250636439408634
9 0.4953125 0.63046875 0.040625 0.0234375
4 0.46810860880403987 0.8059785462166765 0.039189765027114645 0.0250636439408634
21 0.44299445843469754 0.9579078369733413 0.040688632513557324 0.014253689698497852
2 0.4633074793155446 0.8251271589437728 0.04231476502711464 0.02531873545613248
20 0.4560216992613153 0.8683032030344175 0.04077044574527391 0.028316189698497852
1 0.47133360275391567 0.7890461377319455 0.04229658430895542 0.022193735456132478
6 0.4984375 0.621875 0.04375 0.00625
3 0.4916602591733822 0.6539217097023773 0.045439765027114644 0.025573826971401557
1 0.4616040787498106 0.8492183631861383 0.04389544574527386 0.02857128121376702
20 0.48763128932580735 0.6746965953082908 0.040788626463433085 0.03144118969849794
10 0.43359375 0.990625 0.0359375 0.01875
24 0.44161376561628984 0.9265302912157066 0.03451135538619425 0.02624350666795978
14 0.4448342143866258 0.9103791327309757 0.037636355386194253 0.02649859818322886
14 0.4351274162802198 0.9666451081851685 0.03605567466803503 0.02324605242559432
25 0.44259045833650157 0.8930003140945239 0.04077044574527391 0.02831618969849794
25 0.43604956684595386 0.9424901310639857 0.04231476502711464 0.02531873545613248