4 0.04140625 0.22265625 0.0828125 0.4109375
8 0.1109375 0.15859375 0.221875 0.3171875
0 0.3078125 0.0890625 0.184375 0.178125
2 0.58359375 0.0328125 0.1171875 0.065625
0 0.6465793411013786 0.12943369786426978 0.11404035668871888 0.09786315727678292
8 0.7072269000196705 0.24391091498351286 0.11113387797604232 0.10073306576151389
0 0.7634054802252859 0.36189576937565954 0.11258711733238051 0.09929811151914833
7 0.8151861375344233 0.4731682381618925 0.11894637797604232 0.10137079454968649
5 0.8734375 0.56875 0.115625 0.0625
9 0.36953125 0.86328125 0.0609375 0.2734375
0 0.26875 0.88125 0.2625 0.2375
17 0.475 0.7 0.15 0.2
31 0.7328125 0.8 0.3875 0.4