0 0.2546875 0.0359375 0.06875 0.071875
5 0.17913085308242263 0.1192672337712409 0.11055472376899793 0.10805005357072242
3 0.01484375 0.32265625 0.0296875 0.1015625
5 0.0783881718880716 0.22090364610826133 0.10877370248167466 0.10489778003177204
1 0.3341961394528833 0.32058564082996027 0.020170388367602498 0.020639782467404187
6 0.5313221477507566 0.22428951907801875 0.023404649011264312 0.02225682954530477
1 0.41794842657964865 0.3503355961876915 0.018498627723940862 0.01905000892845372
1 0.3028483144430481 0.4787526968363146 0.020170388367602588 0.020639782467404187
2 0.3870212186500925 0.4913287889635211 0.023513909654926037 0.023819329545304767
0 0.37944366543178376 0.4992640198887977 0.023513909654926037 0.023819329545304767
1 0.6385283603718898 0.2645542345820198 0.02184214901126431 0.022229556006354477
3 0.7615402534310693 0.4247087102322905 0.023513909654926123 0.023819329545304767
4 0.6457135216162996 0.5523581976503888 0.023404649011264312 0.02225682954530477
21 0.14453125 0.784375 0.2890625 0.43125
13 0.64453125 0.784375 0.7109375 0.43125