3 0.26640625 0.35078125 0.3984375 0.1578125
0 0.178125 0.13203125 0.35625 0.2328125
16 0.8125 0.21484375 0.375 0.4296875
27 0.23203125 0.71484375 0.4640625 0.5703125
1 0.7017122303374517 0.5721161790683384 0.0051876051728495295 0.01757013727290353
1 0.9750504419367919 0.573296944361112 0.006704641066226813 0.01613518303053816
0 0.9852294239901033 0.5732491469364875 0.011483069279472246 0.019642820303441687
6 0.5253292382550104 0.6734389183174927 0.009829641066226812 0.016390274545807236
6 0.8602571338735838 0.9342818549718748 0.008267141066226813 0.016262728788172608
1 0.6783178459351424 0.6562519340693083 0.005096676959604096 0.014445137272903618
1 0.833627471561963 0.6380923811846719 0.006704641066226813 0.01613518303053816
2 0.7958296063599837 0.7116572980043527 0.00987510517284953 0.01795277454580706
0 0.8059858563599838 0.7108282505797281 0.00987510517284953 0.017952774545807237
3 0.5441918646732539 0.9718286208928681 0.00987510517284953 0.017952774545807237
4 0.6986975082467632 0.9529515908870494 0.009829641066226812 0.016390274545807236
2 0.8516633838735839 0.9349833566388648 0.008267141066226813 0.016262728788172608