0 0.13515625 0.09453125 0.2421875 0.1890625
21 0.4828125 0.06875 0.346875 0.1375
32 0.721875 0.12578125 0.528125 0.2515625
24 0.48219768881279423 0.7681320188393744 0.0248578883676025 0.021677578925077868
24 0.639360706745923 0.9573856926863071 0.02652964901126431 0.023331084186749607
24 0.8366384424190905 0.4728301402107629 0.02652964901126431 0.023331084186749607
24 0.7365413453656271 0.8583573875093398 0.02652964901126431 0.023331084186749607
24 0.7910863697550437 0.7236869849208561 0.02652964901126431 0.023331084186749607
24 0.8114045875719569 0.8003103981032706 0.02652964901126431 0.023331084186749607
24 0.8453750320078598 0.7150785533931774 0.0264203883676025 0.021768584186749606
24 0.9111524873395259 0.5532996192346626 0.0264203883676025 0.021768584186749606
24 0.9243298305345913 0.5206313324029598 0.02318612772394104 0.02002407366340577
24 0.7899944912747983 0.9618394323041377 0.026092606436617417 0.017081084186749605
24 0.8583342178937878 0.7967989902531152 0.0264203883676025 0.021768584186749606
24 0.9051710130663247 0.8057420797721238 0.02652964901126431 0.023331084186749607
24 0.9122626112050689 0.882357787678749 0.015264367080278873 0.018006547355046365
17 0.6437968344698639 0.9384536821629634 0.029763909654926125 0.025075594710093442
17 0.8392935488557078 0.457114134949091 0.02965464901126431 0.023513094710093264
17 0.7953586065134919 0.7070987243975125 0.03277964901126431 0.02369510523343692
17 0.8009916114571706 0.8157001796733017 0.03445140965492612 0.02534861049510866
17 0.9875 0.3421875 0.025 0.025
17 0.9177688380761599 0.647838574510452 0.03277964901126431 0.02369510523343692
17 0.87916625191846 0.9550896323888424 0.020061127723940864 0.019842063140062295
17 0.9335473853423839 0.8227629798003587 0.018389367080278874 0.018188557878390556
23 0.6534831909064811 0.9223281532237682 0.02652964901126431 0.023331084186749607
23 0.7116448881923756 0.7804444901119408 0.023186127723940686 0.02002407366340577
23 0.724931492031103 0.7462137032802378 0.02652964901126431 0.023331084186749607
23 0.8489799052923251 0.44098860600989587 0.0264203883676025 0.021768584186749606
23 0.7150216244466208 0.910185198018566 0.0248578883676025 0.02167757892507751
23 0.8042637129501093 0.6910186980891532 0.023186127723940686 0.02002407366340595
23 0.930055306649378 0.5055145666179441 0.02318612772394104 0.02002407366340577
23 0.7977905657804304 0.9504924086266143 0.0264203883676025 0.021768584186749606
23 0.9359068328803801 0.6109910218937334 0.0264203883676025 0.021768584186749606
23 0.99140625 0.4625 0.0171875 0.021875
23 0.996875 0.43125 0.00625 0.021875
23 0.8380495790219822 0.9644870191923104 0.02532778193098526 0.006143584186749251
23 0.8807066086071789 0.8663001481738577 0.0264203883676025 0.021768584186749606
23 0.8907428902860625 0.9341855981879753 0.015155106436617416 0.016444047355046364
10 0.4123436467423504 0.6321482871846389 0.026420388367602587 0.021768584186749606
10 0.6704410979635171 0.8801028558687214 0.02652964901126431 0.023331084186749607
10 0.7182608749508239 0.7637197216960894 0.02652964901126431 0.023331084186749607
10 0.8140643198909296 0.528609703350825 0.0264203883676025 0.021768584186749606
10 0.7676763669050521 0.7802933006917543 0.0264203883676025 0.021768584186749606
10 0.755023911573386 0.9389780559534261 0.0264203883676025 0.021768584186749606
10 0.8390489863311197 0.8500527928698336 0.0264203883676025 0.021768584186749606
10 0.9029907900536316 0.6922711139729908 0.02652964901126431 0.023331084186749607
10 0.9302359870874243 0.625326537678749 0.0264203883676025 0.021768584186749606
10 0.9688775060289594 0.5289296798144761 0.0264203883676025 0.021768584186749606
10 0.9875 0.47890625 0.025 0.0234375
10 0.8740906218487308 0.8830249165897094 0.02652964901126431 0.02333108418674925
10 0.8901033879402741 0.8431888718654985 0.02652964901126431 0.023331084186749607
10 0.946484063938845 0.7045212140153432 0.02652964901126431 0.023331084186749607
10 0.9616063193867266 0.6662931719219684 0.02652964901126431 0.023331084186749607
10 0.9875 0.6 0.025 0.021875
30 0.47625369141068424 0.78637378462439 0.0248578883676025 0.02167757892507769
30 0.6770570847219654 0.86337808745287 0.02652964901126431 0.023331084186749607
30 0.8519910187663079 0.6983537849773259 0.0264203883676025 0.021768584186749606
30 0.8792362158001008 0.631409208683084 0.02652964901126431 0.023331084186749607
30 0.8200915366994368 0.898619095486552 0.0248578883676025 0.02167757892507751
30 0.8672939546522361 0.7799377139447559 0.02652964901126431 0.023331084186749607
21 0.680384180514921 0.8491790795603622 0.030780106436617417 0.01735409997176518
21 0.6996644222170477 0.9406462427427768 0.025983345792955602 0.015518584186749607
21 0.7634591244466208 0.9073640349067388 0.025983345792955602 0.015518584186749607
21 0.8817820615930565 0.6172557034214122 0.030780106436617417 0.01735409997176518
21 0.8398138108367519 0.8391152928698336 0.025764824505632156 0.012393584186749606
21 0.8435397443768913 0.8303395323464899 0.025983345792955602 0.015518584186749607
21 0.8893057124459063 0.8323423771271704 0.027327324505631977 0.012484589448421346
14 0.33333421789378787 0.8273767581748566 0.023186127723940863 0.02002407366340577
14 0.40194709612193175 0.6584300661238339 0.02652964901126431 0.023331084186749607
14 0.4244665883282616 0.6034317529837717 0.0264203883676025 0.021768584186749606
14 0.40191533706775384 0.970437242460428 0.0264203883676025 0.021768584186749252
14 0.4206542654121133 0.9249959398437095 0.0264203883676025 0.021768584186749606
14 0.42570775217056156 0.90836217668953 0.026420388367602587 0.021768584186749606
14 0.49555534846772026 0.7440119793768356 0.02652964901126431 0.023331084186749607
14 0.5177852635705279 0.6820279188676094 0.0264203883676025 0.021768584186749606
14 0.5265811093634836 0.6675103925592502 0.02652964901126431 0.023331084186749607
14 0.5874525434078262 0.5091294741857509 0.0264203883676025 0.021768584186749606
14 0.6995219466064644 0.8091610243128079 0.02652964901126431 0.023331084186749607
14 0.739053976191661 0.7111561638176991 0.02652964901126431 0.023331084186749607
14 0.8066670831324816 0.5453799743975124 0.0264203883676025 0.021768584186749606
14 0.8799510358662577 0.3652682691923103 0.0264203883676025 0.021768584186749606
14 0.6899944912747983 0.9676637690511359 0.026092606436617417 0.017081084186749605
14 0.7634587604684347 0.7961003112150979 0.0264203883676025 0.021768584186749606
14 0.7719271883085911 0.8975340085983795 0.02652964901126431 0.023331084186749607
14 0.8330335691346251 0.7469200875940444 0.0264203883676025 0.021768584186749606
14 0.8688396651796821 0.6576909876222793 0.0264203883676025 0.021768584186749606
14 0.99453125 0.328125 0.0109375 0.021875
14 0.8843064920311029 0.7369311665897093 0.02652964901126431 0.023331084186749607
14 0.8950308245825067 0.705961887650514 0.026420388367602677 0.021768584186749606
14 0.9632066602360038 0.5432651955994916 0.0264203883676025 0.021768584186749606
14 0.9792194263275471 0.5034291508752808 0.02652964901126431 0.023331084186749607
14 0.9201840078705448 0.769076537678749 0.029654649011263957 0.023513094710093264
14 0.9370872846057499 0.7276324903237024 0.0264203883676025 0.021768584186749606
14 0.9822355296620714 0.6160733640435779 0.0264203883676025 0.021768584186749606
14 0.9253853240783038 0.850470750847046 0.015155106436617416 0.01644404735504672
14 0.9423978614571705 0.8074642034919993 0.015264367080278873 0.018006547355046542
27 0.40611007223671824 0.6434043056004903 0.02453010643661733 0.016990078925077867
27 0.7051927923994199 0.7948255085277923 0.0264203883676025 0.021768584186749606
27 0.8283624946289929 0.758085100748224 0.02620186708027905 0.018643584186749607
27 0.8584431145592635 0.6839727665614743 0.02307686708027905 0.018461573663405773
27 0.813694071228312 0.9122188639024035 0.024530106436617415 0.016990078925077513
27 0.872800909479699 0.7679459481597404 0.024530106436617415 0.016990078925077867
27 0.8811979175254707 0.748005174482217 0.024530106436617415 0.01699007892507769
27 0.9094428858465872 0.6778900955571393 0.024530106436617415 0.016990078925077867
27 0.9584263250867098 0.5559927087536712 0.024530106436617415 0.016990078925077867
27 0.9235657339853311 0.7540962797862412 0.024530106436617415 0.01699007892507769
27 0.9784003354782701 0.6264116245669216 0.024530106436617415 0.016990078925077867
27 0.9479048162846336 0.795472437706984 0.011702324505632333 0.011574536831702887
13 0.4265043357303716 0.5854175003529358 0.03288890965492604 0.025257605233436918
13 0.7292583591113819 0.7288441927568942 0.029763909654926125 0.025075594710093442
13 0.775582066032532 0.8786475007058717 0.03277964901126431 0.02369510523343692
35 0.7455060719846166 0.6967751454018475 0.029763909654926125 0.02507559471009326
22 0.8208988279367014 0.5087599349349736 0.02863845222957302 0.031234589448421345
22 0.776018744628993 0.761133777014231 0.030310212873234654 0.03288809471009344
15 0.7567885073663416 0.9248700533225902 0.030998627723940863 0.02047909997176518
15 0.7605144409064811 0.9160942927992466 0.030998627723940686 0.02047909997176518
15 0.8714401412944687 0.6427562323606073 0.030998627723940686 0.02047909997176518
32 0.41169452865366507 0.941857216152069 0.02863845222957302 0.031234589448421703
32 0.5133491358465871 0.700959929390953 0.03031021287323483 0.03288809471009326
32 0.8189110849740668 0.7819776270565832 0.03020095222957302 0.03132559471009344
32 0.99375 0.56171875 0.0125 0.0296875
18 0.5756573837529001 0.5331585083866179 0.025983345792955602 0.015518584186749607
18 0.7081706909064811 0.9191429690652534 0.02776436708027923 0.018734589448421702
18 0.9522305914303548 0.4443117561087179 0.030780106436617417 0.01735409997176518
18 0.9921875 0.44453125 0.015625 0.0171875
18 0.99453125 0.54765625 0.0109375 0.0140625
18 0.8838373264240922 0.9439246192346626 0.017952324505632156 0.0119385578783902
29 0.40351604189521695 0.9586729898295921 0.02620186708027905 0.018643584186749607
29 0.4289255873198554 0.8957256687970222 0.030998627723940863 0.02047909997176518
29 0.4845796436402573 0.7563222635777027 0.027764367080279052 0.018734589448421345
29 0.5275644551564391 0.6534478925592501 0.030998627723940863 0.02047909997176518
29 0.7293626298945023 0.8720026585560271 0.02776436708027923 0.018734589448421345
29 0.974203780418376 0.39712594296865567 0.02776436708027923 0.018734589448421435
29 0.9859375 0.35703125 0.028125 0.0203125
29 0.8067338770445108 0.922739134949091 0.02776436708027923 0.018734589448421345
29 0.8275816086071789 0.8693943270707006 0.030998627723940686 0.02047909997176518
29 0.9722046018219149 0.5147306719219683 0.02776436708027923 0.018734589448421345
29 0.8561711483318343 0.9167474692064278 0.030998627723940863 0.02047909997176518
29 0.98828125 0.5859375 0.0234375 0.01875
29 0.8754949487001513 0.963084142912186 0.015843521287323626 0.00403505261671846
29 0.9058651457339442 0.8959575560946004 0.01337408514929379 0.013228042093374626
29 0.9296029305149209 0.8346637403237024 0.01649908514929379 0.01341005261671846
16 0.728614230883238 0.8938321559251913 0.03288890965492612 0.025257605233436918
16 0.8464630125621216 0.955438242883951 0.03277964901126431 0.02369510523343692
16 0.9742373593634834 0.6414373850902654 0.03456067029858758 0.026911110495108838
16 0.8990306376881726 0.9158073245104518 0.013701867080278873 0.017915542093374627
28 0.41795986221347514 0.6185940213996233 0.026420388367602587 0.021768584186749606
28 0.43755754214731846 0.883551892488663 0.026420388367602587 0.021768584186749606
28 0.5329621493402404 0.6430186267742346 0.029763909654926125 0.02507559471009326
28 0.5940685301662744 0.4924047057698995 0.0264203883676025 0.021768584186749606
28 0.9608079159359869 0.43291922980035863 0.02652964901126431 0.023331084186749607
28 0.9824915278204859 0.37874766929113235 0.023186127723940686 0.02002407366340586
28 0.8044065525388786 0.9337676402107629 0.0264203883676025 0.021768584186749606
28 0.8907585878240585 0.7225501481738579 0.0264203883676025 0.021768584186749606
28 0.9145131620775893 0.7834120534637645 0.0264203883676025 0.021768584186749606
28 0.9530454203754622 0.6885776955994916 0.0264203883676025 0.021768584186749606
20 0.5787659582585323 0.5220845004941101 0.02965464901126431 0.023513094710093264
20 0.99609375 0.5359375 0.0078125 0.025
25 0.7010248264240921 0.954572234850269 0.03277964901126431 0.02369510523343692
12 0.8631141890648959 0.6728077534072948 0.02652964901126431 0.023331084186749607
12 0.825926273457885 0.8819398297015366 0.02652964901126431 0.023331084186749607
12 0.9133873406740503 0.6659893350337956 0.0264203883676025 0.021768584186749606
12 0.9528101096155851 0.5695469745386867 0.0264203883676025 0.021768584186749606
12 0.8684744063776059 0.8965791823747248 0.02652964901126431 0.023331084186749607
1 0.34471411430716203 0.7870324792356612 0.030998627723940863 0.02047909997176518
1 0.3503303297782868 0.7734782134506457 0.03256112772394086 0.02057010523343692
1 0.38537160131771186 0.6951866134788807 0.035795388367602585 0.022314615756780752
1 0.43301106184515803 0.5702552319370844 0.030998627723940863 0.02047909997176518
1 0.4593111179134583 0.5056999082736785 0.030998627723940863 0.02047909997176518
2 0.36256253200785976 0.7431991792497786 0.03288890965492595 0.025257605233436918
2 0.3766303858465871 0.7089228897872399 0.03277964901126431 0.02369510523343692
2 0.45293652370998655 0.8305256030261241 0.029763909654925945 0.025075594710093442
0 0.3700143990881389 0.7256476582030913 0.03288890965492604 0.025257605233436918
22 0.31640625 0.884375 0.0140625 0.034375
15 0.3234375 0.83828125 0.028125 0.0234375
11 0.3361532152958978 0.8093170029131846 0.03277964901126431 0.02369510523343692
8 0.43962704860360624 0.5535304635212329 0.03288890965492595 0.025257605233436918
3 0.44624303536205445 0.5368056951053815 0.03288890965492604 0.025257605233436918
3 0.4658724743500756 0.48975638985782693 0.03288890965492595 0.025257605233436918
3 0.5606443889486803 0.5698240504799927 0.029763909654926125 0.02507559471009326
9 0.45364027212050273 0.520035424058694 0.03288890965492604 0.025257605233436918
9 0.4724884611085239 0.4730316214419755 0.03277964901126431 0.02369510523343692
5 0.4801042191542956 0.4531363503952882 0.03277964901126431 0.02369510523343692
5 0.5531925218684011 0.5873755715266802 0.029763909654926125 0.02507559471009326
26 0.4664580743304052 0.8040618135635853 0.038122712873234654 0.03334312101845249
29 0.5004831490881388 0.7180487188534919 0.031544930942249395 0.02829159997176518
21 0.5709316789254372 0.5451047715407975 0.02965464901126431 0.023513094710093264
19 0.6306741215966291 0.9703407189946663 0.03245186708027923 0.01900760523343692
25 0.6615359915268998 0.8961828821770809 0.03466993094224939 0.02847361049510866
17 0.6888904492043544 0.8276758058828388 0.031544930942249395 0.02829159997176518
29 0.7995976283050185 0.5574627454441998 0.03456067029858776 0.026911110495108838
19 0.827787966304304 0.48812891651912216 0.03445140965492612 0.025348610495108836
17 0.8550331633380969 0.4211843402248803 0.03466993094224939 0.028473610495108836
15 0.8711005597514709 0.38056704550066955 0.03277964901126431 0.02369510523343692
11 0.8834420226247058 0.34872551129980256 0.02965464901126431 0.023513094710093264
1 0.8927295413141392 0.3271767349914433 0.030998627723940686 0.02047909997176518
1 0.8974552461416023 0.3152304718372637 0.02965464901126431 0.023513094710093264
34 0.7103669754353564 0.9322422085419098 0.03288890965492612 0.025257605233436918
29 0.7541001859628027 0.807538340154293 0.03288890965492612 0.025257605233436918
19 0.7829078829965954 0.7405027585983796 0.03277964901126431 0.02369510523343692
17 0.8094264603522193 0.6728224349349736 0.03466993094224939 0.028473610495108836
11 0.7454468157804304 0.9535410848926211 0.03456067029858776 0.026911110495108657
11 0.7858693560092889 0.8539282217666766 0.03456067029858776 0.026911110495108657
34 0.7992434411585827 0.8407001796733017 0.03277964901126431 0.02369510523343692
28 0.8396495558930732 0.7301953191781929 0.0264203883676025 0.021768584186749606
23 0.9004117292937541 0.5733769008046937 0.034560670298587934 0.026911110495108838
29 0.9136437028106507 0.5399273639729907 0.030998627723940686 0.02047909997176518
18 0.9166430166726212 0.530415856080483 0.03056158514929379 0.01422909997176518
17 0.9361085646951496 0.4857103008329286 0.03466993094224939 0.028473610495108836
26 0.9469039530627523 0.46485176926289745 0.03968521287323483 0.03343412628012423
18 0.9673528468782365 0.40608371401534316 0.029217606436617416 0.01726309471009326
34 0.8571869811353396 0.8132052402531151 0.03456067029858776 0.026911110495109015
13 0.9395070802824901 0.5928857640012256 0.03445140965492612 0.025348610495108836
18 0.8525544754353565 0.9239607297297713 0.029217606436617416 0.017263094710093442
28 0.8986096566297075 0.8216855981879752 0.0264203883676025 0.021768584186749606
31 0.9314164388127942 0.7419680061087179 0.0264203883676025 0.021768584186749606
16 0.9188239676416863 0.8664142692628974 0.015264367080278873 0.01800654735504672