1 0.3281308788934377 0.136617972706807 0.02074891109416672 0.019696069892376135
6 0.2522989967689587 0.3395846149727587 0.023946646276527782 0.02296661910658777
1 0.3675947288171878 0.2192463821362664 0.019150043502986058 0.01806079528527027
1 0.485960909478646 0.09641885008556246 0.020748911094166544 0.01969606989237622
1 0.3048447281515977 0.4466308275453713 0.022311411094166723 0.019768844499482085
3 0.4827177678548617 0.5619175715495152 0.02554551386770836 0.024601893713693812
13 0.75 0.28984375 0.5 0.5796875
24 0.01796875 0.60625 0.0359375 0.0375
24 0.3143496275622576 0.7651475411514411 0.023983013867708357 0.024529119106587772
24 0.42265625 0.99140625 0.0265625 0.0171875
17 0.021875 0.81328125 0.04375 0.0421875
17 0.4327587079187161 0.9801838821362665 0.030305749050069507 0.027945217535011578
23 0.44496776718927167 0.9671016852794196 0.027180749050069508 0.027799668320799498
23 0.4953125 0.9734375 0.009375 0.025
10 0.06175130442399368 0.7659631401990371 0.03513871941479172 0.03441354135632899
10 0.2755384346486116 0.6097537198113228 0.027144381458888932 0.026237168320799496
10 0.4691676801832994 0.9315622915657258 0.027144381458888846 0.026237168320799496
30 0.3052837520872923 0.7788654387940761 0.02554551386770836 0.024601893713693812
30 0.4789784380670842 0.9162455066195377 0.027180749050069508 0.027799668320799498
21 0.48493749733763963 0.9034544081911143 0.02707164627652787 0.023112168320799497
21 0.48203125 0.99296875 0.0234375 0.0140625
14 0.04814339931375065 0.7861493616629898 0.03830008700597225 0.03612159057054054
14 0.16209679654020898 0.7761493153442622 0.023946646276527782 0.02296661910658777
14 0.2604225809251394 0.6323564658823815 0.025581881458888844 0.026164393713693813
14 0.29296875 0.5875 0.0265625 0.015625
14 0.19716539361416743 0.938756323202145 0.025581881458888935 0.026164393713693813
14 0.2243812038346535 0.8983838802742395 0.02554551386770836 0.024601893713693812
14 0.2326840131052091 0.8854836199351575 0.02554551386770836 0.024601893713693812
14 0.33104616508132007 0.7432532704732766 0.025581881458888844 0.026164393713693813
14 0.3650022845723617 0.6900533418133948 0.025545513867708182 0.024601893713693812
14 0.37488577763850744 0.6778615568672068 0.025581881458888844 0.026164393713693813
27 0.0125 0.62109375 0.025 0.0328125
27 0.038314457634375645 0.8006848966091779 0.03350348423243057 0.03121576674922295
27 0.26716289019569495 0.6195289801504051 0.022311411094166723 0.019768844499482085
13 0.07061715814746587 0.743651492556402 0.049492160144236144 0.047568512820281586
22 0.03359375 0.59296875 0.0484375 0.0265625
32 0.21300794595086883 0.9137734398275335 0.027217116641249994 0.0293621683207995
32 0.35522789427975743 0.7069326267595829 0.030378484232430482 0.031070217535011223
18 0.49140625 0.98125 0.0171875 0.021875
29 0.20159832047590354 0.9276004993808276 0.023946646276527782 0.022966619106588128
29 0.2386612561713549 0.873473771506734 0.025509146276527783 0.02303939371369381
29 0.3195274368328131 0.7523928300265705 0.025509146276527783 0.02303939371369381
29 0.38006358690906306 0.6651068457423364 0.025509146276527873 0.02303939371369381
28 0.2838594277147574 0.5976347094722406 0.027144381458888932 0.026237168320799496
28 0.24781805062427154 0.8636621238640988 0.02554551386770836 0.024601893713693812
28 0.3876760651575699 0.6561492227068071 0.027144381458888846 0.026237168320799496
25 0.01015625 0.640625 0.0203125 0.046875
25 0.4796875 0.9984375 0.03125 0.003125
10 0.11128048536979236 0.8442122646823084 0.03350348423243057 0.03121576674922295
22 0.12492475807121597 0.8255885432183557 0.03837282218833336 0.03924659057054054
15 0.1513956858828826 0.7868149875940033 0.02874324905006951 0.027872442927905538
11 0.16876437062840338 0.7601968296122859 0.031904616641249994 0.02958049214211709
1 0.4178350374221532 0.6078187305646898 0.03194098423243048 0.031142992142117264
26 0.2923479942035076 0.7943277729544761 0.038300087005972296 0.03612159057054072
29 0.342237585009202 0.7200512109199828 0.030342116641249993 0.029507717535011226
19 0.4109375 0.996875 0.03125 0.00625
25 0.4577398709127438 0.9446081011190198 0.03510235182361114 0.03285104135632864
17 0.48984375 0.884375 0.0203125 0.03125
34 0.4890625 0.98828125 0.021875 0.0234375
17 0.82421875 0.65546875 0.3515625 0.1515625
22 0.7859375 0.78984375 0.428125 0.4203125