6 0.2255129594437147 0.43546851639624684 0.017442073138263937 0.012239890871793335
2 0.47273410477031186 0.40567888569692306 0.020639808320624908 0.015601689212119397
0 0.47169828163204813 0.41655718611184156 0.020639808320624908 0.015601689212119397
1 0.4474678799402775 0.07897375312349961 0.019004573138263935 0.012358290041956366
3 0.23805585913871496 0.09832371390673593 0.020639808320624998 0.015601689212119397
4 0.2318753282691662 0.26298986515149136 0.019077308320624996 0.015483290041956366
2 0.22573116499079804 0.4260935163962468 0.017442073138263937 0.012239890871793335
2 0.09184908710288146 0.2938585890069822 0.01900457313826389 0.012358290041956366
0 0.09161269776020783 0.30401483900698223 0.022202308320624996 0.015720088382282428
7 0.74453125 0.25 0.5109375 0.5
24 0 1 0.437573171875 1 0.413104653125 0.9214783828125 0.3132554265625 0.7764561249999999 0.1811129890625 0.6652310015625 0.0424748046875 0.5964500734375 0 0.5847245046875 0 1
33 0.74453125 0.75 0.5109375 0.5