1 0.15703125 0.5609375 0.1546875 0.0375
4 0.46509177687305653 0.3899411373241186 0.2068547576807461 0.24195092855814765
5 0.2263701820923762 0.32272707714481363 0.1938087261107153 0.23148232026407384
6 0.0453125 0.26015625 0.090625 0.2390625
8 0.3078125 0.05390625 0.1875 0.1078125
17 0.6610897324311946 0.5228173856271752 0.022967063140062118 0.020663814514629307
17 0.7076076876363967 0.4656391641380546 0.022967063140062118 0.020663814514629664
17 0.6580542796450668 0.35922377733310107 0.022967063140062118 0.020663814514629664
17 0.613978055953426 0.3475152977854622 0.022967063140062204 0.020663814514629664
17 0.7144239189381965 0.17334435739911952 0.013137036831702887 0.012031108294074144
17 0.7022802347090946 0.1526511485866658 0.013137036831702887 0.012031108294074144
17 0.7293194187970222 0.025453661546156425 0.013137036831702887 0.012031108294074144
17 0.902847924058694 0.03906497662643389 0.013137036831702887 0.012031108294074144
27 0.8945091771836402 0.5597287911410636 0.013228042093374803 0.013593608294074144
27 0.7978539850620304 0.53399747634361 0.013228042093374803 0.013593608294074144
27 0.9126368218796159 0.5181270515086561 0.013228042093374803 0.013593608294074144
27 0.8407086139729909 0.4992704532993507 0.013228042093374803 0.013593608294074144
27 0.7533374165897093 0.47592184472245264 0.013228042093374803 0.01359360829407379
27 0.990526603449647 0.5155187528282393 0.013228042093374803 0.01359360829407379
27 0.8566899297438889 0.4810378631485637 0.013228042093374803 0.01359360829407379
27 0.9713208481173881 0.44081198727685056 0.013137036831702887 0.012031108294073788
27 0.8046030559534261 0.36419282427009153 0.009921031570031148 0.01019520622055552
27 0.8746641979479788 0.2533229662588414 0.009921031570031148 0.01019520622055552
27 0.8753313268589391 0.21490501522208216 0.009921031570031148 0.01019520622055552
27 0.7361169084148529 0.17838317191374903 0.009921031570031148 0.01019520622055552
27 0.631740221554915 0.15040585193249925 0.009921031570031148 0.01019520622055552
27 0.7672366477503347 0.035052836946758245 0.009921031570031148 0.01019520622055552
27 0.9329603582877958 0.06133024736161907 0.00983002630835923 0.008632706220555519
27 0.8432454109045144 0.037776587229582236 0.009921031570031148 0.01019520622055552
27 0.81773717668953 0.03083352012305447 0.009921031570031148 0.01019520622055552
27 0.69453125 0.0015625 0.0109375 0.003125
14 0.7053024640153431 0.532182115174814 0.02113154735504672 0.01583961347787053
14 0.6410502482162102 0.5163527721493046 0.02425654735504663 0.016113015551388797
14 0.6934772982020927 0.5060201563623602 0.02113154735504672 0.015839613477870173
14 0.99453125 0.540625 0.0109375 0.015625
14 0.9505085482020927 0.5285074769092578 0.02113154735504672 0.01583961347787053
14 0.8252656244963346 0.49477844293175827 0.02113154735504672 0.01583961347787053
14 0.6497419797297714 0.44801287525958244 0.02113154735504663 0.01583961347787053
14 0.9742568613421548 0.5117396419422672 0.02113154735504672 0.01583961347787053
14 0.6402605639165211 0.4220559680022678 0.02113154735504663 0.01583961347787053
14 0.99296875 0.446875 0.0140625 0.015625
14 0.9558778586407317 0.4363199769092578 0.02113154735504672 0.01583961347787053
14 0.9257276270565832 0.42818555669245234 0.02113154735504672 0.01583961347787053
14 0.8460779244116299 0.4070829532993507 0.02113154735504672 0.01583961347787053
14 0.59609375 0.3390625 0.0140625 0.015625
14 0.8177477980609182 0.3676985330825452 0.014608531570031147 0.01060530933083328
14 0.7628705822617853 0.35268939627759155 0.017824536831702886 0.012441211404351903
14 0.9193858927710116 0.3483223994351376 0.014608531570031147 0.01060530933083328
14 0.8667614217102069 0.3350808141853229 0.014608531570031147 0.01060530933083328
14 0.8528809322335504 0.3307255048544896 0.014608531570031147 0.01060530933083328
14 0.7268567585277923 0.29692812035861016 0.014608531570031147 0.01060530933083328
14 0.6441492162932432 0.1530619602265734 0.017824536831702886 0.012441211404351903
14 0.5977292426016024 0.1411484291237956 0.013046031570031147 0.010468608294074144
14 0.9861323189664315 0.22695453883198935 0.014608531570031147 0.01060530933083328
14 0.9351158505364625 0.2130684046189339 0.014608531570031147 0.01060530933083328
14 0.907263866321478 0.20592028595726725 0.014608531570031147 0.01060530933083328
14 0.8329919084148528 0.186858636192823 0.014608531570031147 0.01060530933083328
14 0.7703931978773917 0.16960349420407309 0.013046031570031147 0.010468608294074144
14 0.6884452478632743 0.14751458925583255 0.017824536831702886 0.012441211404351903
14 0.99296875 0.09453125 0.0140625 0.0109375
14 0.779600139857827 0.038490195240832394 0.017824536831702886 0.012441211404351903
14 0.6868511977362173 0.013100633035277021 0.017824536831702886 0.012441211404351903
14 0.8061094319512018 0.028245762347360072 0.014608531570031147 0.01060530933083328
14 0.763641210890397 0.015892733836480488 0.014608531570031147 0.01060530933083328
14 0.9547821503811708 0.05067571135786899 0.014608531570031147 0.01060530933083328
14 0.9408561582736784 0.047101652027035715 0.017824536831702886 0.012441211404351903
14 0.8897941872128736 0.03399676781398035 0.017824536831702886 0.012441211404351903
10 0.8382213798285936 0.5689384043361099 0.02113154735504672 0.01583961347787053
10 0.7221105324170771 0.5132366255424063 0.02113154735504672 0.01583961347787053
10 0.9304235613562722 0.5228241134313876 0.02113154735504672 0.01583961347787053
10 0.8043538850196782 0.489807978935508 0.02113154735504672 0.01583961347787053
10 0.6883949560522481 0.458461651178564 0.02113154735504672 0.01583961347787053
10 0.620327495514787 0.44072805556115674 0.02113154735504663 0.01583961347787053
10 0.9541263718654985 0.5068375284643967 0.02113154735504672 0.01583961347787053
10 0.741701237551692 0.37910563331810093 0.02113154735504672 0.015839613477870173
10 0.9388254084854399 0.27071480928435054 0.017824536831702886 0.012441211404351903
10 0.881179508457205 0.2358326698874988 0.014608531570031147 0.01060530933083328
10 0.9580605268730565 0.23706227068870236 0.014608531570031147 0.01060530933083328
10 0.8652660821206111 0.2124539584831469 0.013046031570031147 0.010468608294074144
10 0.6703931978773917 0.16085462785148064 0.013046031570031147 0.010468608294074144
10 0.747744653153181 0.18097092968944342 0.013046031570031147 0.010468608294074144
10 0.9763694530684763 0.1114566779460171 0.014608531570031147 0.01060530933083328
10 0.95824878462439 0.08552916498652649 0.014608531570031147 0.01060530933083328
10 0.836085358287796 0.05285478308254517 0.014608531570031147 0.01060530933083328
10 0.8074521240728114 0.04563831390249895 0.014608531570031147 0.01060530933083328
10 0.996875 0.07890625 0.00625 0.0109375
10 0.70703125 0.003125 0.0140625 0.00625
13 0.86796875 0.5734375 0.0234375 0.0125
13 0.9323423771271704 0.5033612139497672 0.022967063140062294 0.020663814514629664
13 0.8243394323041378 0.402825388784721 0.022967063140062294 0.020663814514629307
13 0.9587738874387526 0.2787419227622209 0.014699536831702886 0.012167809330833279
13 0.9020002426721895 0.2423656338837487 0.014790542093374803 0.013730309330833279
13 0.971114263718877 0.242130479501156 0.014790542093374803 0.013730309330833279
13 0.8497320873822829 0.20952444811555448 0.01800654735504672 0.015566211404351904
13 0.9721153215972673 0.224942979501156 0.014699536831702886 0.012167809330833279
13 0.8476536478915092 0.19128229604203587 0.014699536831702886 0.012167809330833279
13 0.7556404531390635 0.16674233435486013 0.014699536831702886 0.012167809330833279
13 0.99453125 0.1171875 0.0109375 0.0125
13 0.9798507688393745 0.09213047950115598 0.017915542093374804 0.014003711404351905
13 0.9260579109045144 0.045021742177822864 0.017915542093374804 0.014003711404351905
24 0.88828125 0.5765625 0.0234375 0.00625
24 0.7586171798144761 0.5470545509430081 0.02425654735504672 0.016113015551388797
24 0.6109000166320616 0.5082183519324992 0.02425654735504663 0.016113015551388797
24 0.98671875 0.57734375 0.0203125 0.0046875
24 0.9355059035061168 0.5703826186151838 0.02113154735504672 0.015839613477870173
24 0.8782849377069839 0.5551684302550914 0.02113154735504672 0.01583961347787053
24 0.6494010745104519 0.4943116768147213 0.02425654735504663 0.016113015551388797
24 0.8420736928980685 0.4758329532993507 0.02113154735504672 0.01583961347787053
24 0.7803542138741687 0.3895544092370823 0.02113154735504672 0.015839613477870173
24 0.9433316269859962 0.3551287655049061 0.014608531570031147 0.01060530933083328
24 0.9743988874387526 0.2801089331298135 0.017824536831702886 0.012441211404351903
24 0.9763177032096507 0.26064603364819305 0.014608531570031147 0.01060530933083328
24 0.9167074847796819 0.24600804373296176 0.017824536831702886 0.012441211404351903
24 0.9874295084572051 0.24512834038712822 0.014608531570031147 0.01060530933083328
24 0.7833181321064936 0.19036505353490635 0.017824536831702886 0.012441211404351903
24 0.724754474185751 0.15775831361967504 0.017824536831702886 0.012441211404351903
24 0.6320055320641413 0.1323687514141197 0.017824536831702886 0.012441211404351903
24 0.9164708083019134 0.07480698699402648 0.014608531570031147 0.01060530933083328
24 0.7138764293203659 0.020961651178563922 0.014608531570031147 0.01060530933083328
24 0.6597804635212329 0.0060208648919900295 0.014608531570031147 0.01060530933083328
24 0.9592043398719443 0.06912291498652649 0.017824536831702886 0.012441211404351903
24 0.8563446503811708 0.04206354604203586 0.017824536831702886 0.012441211404351903
24 0.99765625 0.0640625 0.0046875 0.0125
18 0.85234375 0.57265625 0.0078125 0.0140625
18 0.8149658903519372 0.563762888784721 0.008722552616718459 0.016308505183796028
18 0.8093907245386868 0.5381477341193044 0.008722552616718459 0.016308505183796028
18 0.7978154586830841 0.467249473751712 0.008722552616718459 0.016308505183796028
18 0.6748252797156541 0.435287991329351 0.008722552616718459 0.016308505183796385
18 0.8730121507341065 0.4165064714426377 0.008722552616718459 0.016308505183796385
18 0.8446820243833951 0.37712205122583214 0.0067960315700311465 0.009921804147037073
18 0.7491489874811049 0.3051602853916194 0.0067960315700311465 0.009921804147036894
18 0.9479728953312604 0.27544126550490605 0.0067960315700311465 0.009921804147037073
18 0.8911537479338614 0.2398462266264339 0.0067960315700311465 0.009921804147036894
18 0.8397123452747906 0.20629214137661922 0.0067960315700311465 0.009921804147036894
18 0.88782362158315 0.20264902299777657 0.0067960315700311465 0.009921804147037073
18 0.8089551689381965 0.18161477012305446 0.0067960315700311465 0.009921804147037073
18 0.9871249425451326 0.11553858520333193 0.0067960315700311465 0.009921804147037073
18 0.6265625 0.0015625 0.00625 0.003125
25 0.9883703821770808 0.28290174246064675 0.014699536831702886 0.012167809330833279
25 0.8878544426863069 0.256047425071295 0.014699536831702886 0.012167809330833279
25 0.9315057321488458 0.2480879535821746 0.014699536831702886 0.012167809330833279
25 0.9032288137047596 0.22127188388374872 0.014699536831702886 0.012167809330833279
25 0.6683602610174539 0.1418312257779622 0.014699536831702886 0.012167809330833279
25 0.886631389857827 0.047854216258841384 0.014699536831702886 0.012167809330833279
25 0.8719241477503348 0.04421180640962845 0.013137036831702887 0.012031108294074144
25 0.8689734529978892 0.02746380381773026 0.014699536831702886 0.012167809330833279
25 0.9261797372693433 0.09685764425134132 0.014699536831702886 0.012167809330833279
30 0.6068873508188112 0.48273989830384173 0.02113154735504663 0.01583961347787053
30 0.7098450218231462 0.4407075146564342 0.02113154735504672 0.01583961347787053
30 0.7215707480750357 0.3742035198402306 0.02113154735504672 0.01583961347787035
30 0.9580388690934883 0.358771175354119 0.013046031570031147 0.010468608294073967
30 0.9186263005505799 0.2265451442513413 0.014608531570031147 0.01060530933083328
30 0.684319189984884 0.1644286871823139 0.013046031570031147 0.010468608294074144
30 0.6188607899566491 0.12886304260166598 0.013046031570031147 0.010468608294074144
30 0.9017635661944212 0.07116457714481364 0.014608531570031147 0.01060530933083328
30 0.9445426003952881 0.06469925513731348 0.014517526308359407 0.00904280933083328
30 0.9004663767036474 0.05299077558967476 0.013046031570031147 0.010468608294074144
30 0.7775217003670533 0.020248043167313767 0.014608531570031147 0.01060530933083328
30 0.9895288767036474 0.060782734684952364 0.013046031570031147 0.010468608294074144
16 0.95703125 0.571875 0.0234375 0.015625
16 0.8769569271130531 0.48359622662643387 0.022967063140062294 0.020663814514629307
16 0.7625149955147871 0.45316784990624903 0.022967063140062294 0.020663814514629664
16 0.8885670742281032 0.2168482240345358 0.014699536831702886 0.012167809330833279
16 0.8150763663214781 0.1978549247884711 0.01800654735504672 0.015566211404351904
16 0.6140444873399306 0.14414629000976778 0.014699536831702886 0.012167809330833279
16 0.7998076820923762 0.17688831390249896 0.014699536831702886 0.012167809330833279
16 0.7936171372269911 0.040501754571665674 0.017915542093374804 0.014003711404351905
21 0.7080935350479131 0.511225066211573 0.008722552616718459 0.016308505183796028
21 0.59140625 0.47890625 0.0046875 0.0171875
21 0.99765625 0.52109375 0.0046875 0.0171875
21 0.7555362243975124 0.3842421926489342 0.008722552616718459 0.016308505183796385
21 0.6782889978632742 0.14662603251689726 0.0067960315700311465 0.009921804147036894
21 0.8796834398437096 0.03232696107504509 0.0067960315700311465 0.009921804147036894
29 0.7747959166602965 0.5523961618289805 0.015063557878390199 0.018417809330833278
29 0.6796577219078508 0.5275827980682862 0.015063557878390376 0.018417809330833278
29 0.7668314982162101 0.5273572056084248 0.015063557878390199 0.018417809330833278
29 0.6670968087254364 0.500571238737453 0.015063557878390376 0.018417809330833278
29 0.78803864028135 0.48681011804953583 0.01331904735504672 0.01515610829407379
29 0.8637736586266144 0.41334251522208215 0.01331904735504672 0.015156108294074145
29 0.7980954507199891 0.3950327211598138 0.015063557878390376 0.018417809330833278
29 0.6325915480609183 0.3514994602265733 0.015063557878390376 0.018417809330833278
29 0.8370515349067388 0.37331354604203587 0.009921031570031148 0.01019520622055552
29 0.8285487901684105 0.37099919033986 0.009921031570031148 0.01019520622055552
29 0.9316583796168321 0.35332225772921166 0.009921031570031148 0.01019520622055552
29 0.8404264348643864 0.3288506465604155 0.008358531570031146 0.010058505183796206
29 0.9870731926863069 0.2647279409055079 0.010012036831702886 0.01175770622055552
29 0.996875 0.24765625 0.00625 0.0109375
29 0.7956361215831499 0.1945836618289804 0.010012036831702886 0.01175770622055552
29 0.7260971663073607 0.17515086517481393 0.008449536831702886 0.011621005183796385
29 0.590625 0.13828125 0.003125 0.0109375
29 0.8785396268448217 0.20026631677722104 0.008449536831702886 0.011621005183796385
29 0.7370724636624072 0.16197692191374902 0.010012036831702886 0.01175770622055552
29 0.8762098293486007 0.06500276003828587 0.011483531570031147 0.010331907257314832
29 0.991652818825257 0.07824363675847082 0.009921031570031148 0.01019520622055552
29 0.8338704109045144 0.03695638100902663 0.008358531570031146 0.010058505183796385
29 0.7387777187829048 0.011361767248332377 0.008358531570031146 0.010058505183796385
28 0.8011309035061169 0.5586263294538878 0.01800654735504672 0.015566211404351904
28 0.7831922455853741 0.5295738164943969 0.02113154735504672 0.01583961347787053
28 0.7414142692628974 0.5188516385018971 0.02113154735504672 0.01583961347787053
28 0.8971483297721237 0.5144162911410636 0.02113154735504672 0.01583961347787053
28 0.738630174482217 0.47227943487323965 0.02113154735504672 0.01583961347787053
28 0.6010237586689666 0.43511304260166594 0.018006547355046632 0.015566211404351904
28 0.6881520323464899 0.4356687001418047 0.02113154735504672 0.015839613477870173
28 0.6193488244398647 0.41708550400601785 0.02113154735504663 0.01583961347787053
28 0.6007808349632084 0.41232009156490684 0.018006547355046632 0.015566211404351549
28 0.7137120164203001 0.2934224115461565 0.014608531570031147 0.01060530933083328
28 0.8693921399990014 0.19553986055666553 0.014608531570031147 0.01060530933083328
28 0.8182846663073606 0.18321622634360998 0.014608531570031147 0.01060530933083328
28 0.5979035478491568 0.12467382860541605 0.014608531570031058 0.01060530933083328
28 0.7007316872128737 0.0174559423661103 0.013046031570031147 0.010468608294074144
28 0.9151736188111397 0.0566331854388876 0.013046031570031147 0.010468608294074144
28 0.7504964687829048 0.012387025024026777 0.013046031570031147 0.010468608294074144
28 0.7288489819370844 0.00656696050939729 0.013046031570031147 0.010468608294074144
11 0.7260321929686556 0.5402775791710639 0.026092063140062294 0.02093721658814829
11 0.7289667481456229 0.449447527615925 0.022967063140062294 0.020663814514629664
11 0.7480268322617853 0.3513907364283787 0.017915542093374804 0.014003711404351905
11 0.9489053347514469 0.2189862139497672 0.014699536831702886 0.012167809330833279
11 0.64375 0.0046875 0.01875 0.009375
23 0.59375 0.5015625 0.009375 0.015625
34 0.9125304060663655 0.4929903504718968 0.022967063140062294 0.020663814514629664
34 0.9457880400272363 0.2320624123946283 0.014790542093374803 0.013730309330833279
34 0.6467127741716335 0.13601116126333251 0.013137036831702975 0.012031108294074144
34 0.9740025872411084 0.07120282483573934 0.013137036831702887 0.012031108294074144
15 0.9083441640294605 0.5648653504718968 0.016626057878390377 0.01855451036759277
15 0.8193649640153431 0.5421612908582396 0.0166260578783902 0.01855451036759277
15 0.6222393350337956 0.48879440867143453 0.015063557878390376 0.018417809330833278
15 0.893982616321478 0.20475832714481362 0.010012036831702886 0.01175770622055552
22 0.8519954534919993 0.548157012630184 0.03372255261671846 0.018495721771944317
22 0.8530908477644523 0.05748349448689698 0.020949536831702885 0.01271461347787035
12 0.857714103449647 0.5038991647037026 0.02113154735504672 0.01583961347787053
12 0.8878103981032707 0.41858638129185055 0.02113154735504672 0.01583961347787053
12 0.6798382743833951 0.36270009184773067 0.02425654735504672 0.016113015551388797
12 0.99609375 0.2296875 0.0078125 0.009375
12 0.9451040425168978 0.08202345617407278 0.014608531570031147 0.01060530933083328
12 0.9303968004094056 0.07838104632485976 0.014608531570031147 0.01060530933083328
34 0.9707300429404209 0.5318470903871283 0.022967063140062118 0.020663814514629307
24 0.7711241560663655 0.4806189066451843 0.02113154735504672 0.01583961347787053
31 0.6690457165755919 0.45362788821907324 0.02113154735504672 0.01583961347787053
20 0.7391292453736127 0.3019279786526843 0.013137036831702887 0.012031108294074144
20 0.6564672057698995 0.15728056852064737 0.013228042093374803 0.013593608294074144
23 0.7840259744680995 0.4613316644208787 0.02113154735504672 0.01583961347787053
23 0.6603455507623414 0.427739331480138 0.02113154735504663 0.01583961347787053
23 0.6999232612292154 0.368383455325601 0.02113154735504672 0.01583961347787035
23 0.8296926031672985 0.20305983463768412 0.013046031570031147 0.010468608294074144
23 0.9188006057981344 0.21007054373296175 0.013046031570031147 0.010468608294074144
23 0.784319189984884 0.17317755353490635 0.014608531570031147 0.01060530933083328
23 0.8886643267177649 0.06687761833235992 0.013046031570031147 0.010468608294074144
23 0.8221593661803037 0.049280723751711886 0.014608531570031147 0.01060530933083328
23 0.9693983872269911 0.05588062120708202 0.013046031570031147 0.010468608294074144
32 0.8173012060522481 0.4697394867112026 0.03059755261671846 0.018222319698425693
33 0.9063783875799268 0.42335179373296156 0.01800654735504672 0.015566211404351549
1 0.9784731954583172 0.4123841909055079 0.01800654735504672 0.015566211404351904
29 0.8725340085983795 0.3842701698874988 0.01800654735504672 0.015566211404351904
32 0.8571820243833951 0.3782156595199062 0.020949536831702885 0.01271461347787035
32 0.7805208138459339 0.359730208200323 0.02425654735504672 0.016113015551388797
10 0.725598095415965 0.34550232139536946 0.01800654735504672 0.015566211404351904
25 0.7111183664626524 0.3379536615461565 0.014699536831702886 0.012167809330833279
25 0.6964566269859961 0.3335300016969436 0.014699536831702886 0.012167809330833279
26 0.9749988559393087 0.3641811367584708 0.02113154735504672 0.01583961347787035
29 0.8991643980326834 0.3449827859572673 0.014790542093374803 0.013730309330833279
32 0.882249913817699 0.3387915745529154 0.020949536831702885 0.01271461347787035
0 0.7816429690652533 0.31349975716356376 0.02113154735504672 0.01583961347787035
21 0.7592142322194331 0.30761134213055463 0.013137036831702887 0.012031108294074144
10 0.9023341716396196 0.263596084920508 0.01800654735504672 0.015566211404351904
1 0.8443319558404866 0.24831354604203587 0.01800654735504672 0.015566211404351904
14 0.7616251426298373 0.18532623902027678 0.014699536831702886 0.012167809330833279
26 0.699071934723212 0.16728984703152694 0.014699536831702886 0.012167809330833279
10 0.9415317214843277 0.10291215461893391 0.017915542093374804 0.014003711404351905
27 0.9137252399001794 0.09498278595726725 0.009921031570031148 0.01019520622055552
1 0.8819670056851949 0.0874929147037025 0.01800654735504672 0.015566211404351726
32 0.7455891609045144 0.029232772432128674 0.020949536831702885 0.01271461347787035
19 0.6721439556287251 0.009458223186063996 0.01019404735504672 0.014882706220555519
26 0.7938369451053815 0.023245904053285926 0.017915542093374804 0.014003711404351905
12 0.4844556978773916 0.9168652222911093 0.018188557878390556 0.018691211404351905
12 0.24706908994253157 0.8536941131485637 0.01488154735504672 0.015292809330833278
12 0.4366167083301482 0.8349419875596744 0.01809755261671846 0.017128711404351727
12 0.19923010039528818 0.7717708784171285 0.01488154735504672 0.015292809330833278
12 0.47189405567107734 0.8089748098499984 0.014881547355046366 0.015292809330833278
12 0.5443290397448877 0.6708295523571278 0.018188557878390556 0.018691211404351815
12 0.3053799318100275 0.6075217421778227 0.01488154735504672 0.015292809330833278
12 0.4953125 0.5875 0.01875 0.015625
29 0.38125 0.99453125 0.0125 0.0109375
29 0.2779257058404866 0.9710374380307858 0.011938557878390377 0.018144407257314654
29 0.47126545313906354 0.9141407634786557 0.01175654735504672 0.015019407257314831
29 0.2346600952042035 0.8510380048544895 0.0135010578783902 0.018281108294074144
29 0.5303575450065594 0.6680367430262946 0.0135010578783902 0.018281108294073967
29 0.2929709370716993 0.6048656338837487 0.011938557878390377 0.01814440725731483
29 0.48203125 0.5859375 0.0140625 0.0125
18 0.2864284505788148 0.9733517937329618 0.008904563140062115 0.019433505183796385
18 0.4634074505082276 0.9142385082948594 0.009086573663405772 0.022558505183796384
18 0.3358662794333053 0.8795231727622209 0.008904563140062294 0.019433505183796385
18 0.22758334257336754 0.8512041001890729 0.008904563140062115 0.019433505183796385
18 0.10849941360593754 0.8195843703586101 0.007342063140062294 0.019296804147036894
18 0.4156139635918201 0.8315340235634243 0.008904563140062294 0.019433505183796385
18 0.28880853988606187 0.7976682885491654 0.012120568401734033 0.021269407257314653
18 0.17974435302612407 0.7692808654576379 0.012120568401734033 0.021269407257314833
18 0.06144167405869396 0.7377294861455548 0.008904563140062294 0.019433505183796385
18 0.48333978988606174 0.8146875676256927 0.008904563140062294 0.019433505183796385
18 0.030995310862162118 0.6942337643736104 0.007342063140062205 0.01929680414703707
18 0.41796468984370955 0.7642098225266651 0.007342063140062294 0.01929680414703707
18 0.5209825450065594 0.667216536805739 0.008904563140062294 0.019433505183796294
18 0.39426812656247306 0.63178830179148 0.012120568401734033 0.021269407257314833
18 0.28676643970253524 0.6035375797367117 0.008904563140062294 0.019433505183796208
18 0.47265625 0.5859375 0.0078125 0.0125
31 0.45274296629324323 0.9085941010375447 0.01809755261671846 0.017128711404351904
31 0.21770010835838302 0.8456280434501376 0.01488154735504672 0.015292809330833278
31 0.40412272674599964 0.8266025157877299 0.01488154735504672 0.015292809330833278
31 0.16986111881113963 0.7637048087187026 0.01488154735504672 0.015292809330833278
31 0.5094913081607391 0.6622850290300446 0.018097552616718814 0.017128711404351814
31 0.2767922002258789 0.5995240229977765 0.01809755261671846 0.017128711404351814
31 0.4625 0.5828125 0.015625 0.00625
14 0.35536816637794777 0.9895912398687485 0.01809755261671846 0.017128711404351904
14 0.4372544741857509 0.9048833406699522 0.01809755261671846 0.017128711404351904
14 0.2037741162508908 0.8420539841193044 0.01809755261671846 0.017128711404351904
14 0.3894609872693434 0.8221788559385171 0.01809755261671846 0.017128711404351904
14 0.15593512670364743 0.7601307493878694 0.01488154735504672 0.015292809330833278
14 0.4223945846102726 0.7960066266737021 0.01809755261671846 0.017128711404351904
14 0.3984488503952882 0.7892002606039338 0.01488154735504672 0.015292809330833278
14 0.33810288459615523 0.7737126701703227 0.01809755261671846 0.017128711404351904
14 0.2832256687970222 0.7587035333653691 0.01809755261671846 0.017128711404351904
14 0.00625 0.68359375 0.0125 0.0171875
14 0.35393998719875625 0.7444742295011559 0.01809755261671846 0.017128711404351904
14 0.49712781605324674 0.6588476707359705 0.01809755261671846 0.017128711404351814
14 0.2620849581183867 0.5958816131485636 0.01809755261671846 0.017128711404351814
14 0.44765625 0.58203125 0.0203125 0.0046875
10 0.4032434952324383 0.8956259178612485 0.01809755261671846 0.017128711404351727
10 0.34836627943330534 0.8806167810562948 0.01809755261671846 0.017128711404351904
10 0.17049888466674235 0.8336461618289805 0.01809755261671846 0.017128711404351904
10 0.1187011662367734 0.8196916770975454 0.01488154735504672 0.015292809330833278
10 0.02590672148432782 0.79508336489199 0.01488154735504672 0.015292809330833278
10 0.35696700568519485 0.8138393841665726 0.01809755261671846 0.017128711404351904
10 0.29974603988606185 0.7986251958064802 0.01809755261671846 0.017128711404351904
10 0.12344114511949886 0.751791277615925 0.01488154735504672 0.015292809330833278
10 0.07164342668953001 0.7378367928844899 0.01488154735504672 0.015292809330833278
10 0.15407649509126403 0.7246327467959712 0.01488154735504672 0.015292809330833278
10 0.33923274509126405 0.7408318196519431 0.01809755261671846 0.017128711404351904
10 0.4615543370999342 0.6494535468905077 0.01809755261671846 0.017128711404351814
10 0.4067681265624731 0.6328819100855541 0.019842063140062115 0.02039041244111104
10 0.23046875 0.5875 0.0171875 0.015625
22 0.3846300031249461 0.8916417554201373 0.027563557878390377 0.019511417624907424
22 0.15271214519008608 0.828949099906249 0.02434755261671846 0.0176755155513888
22 0.33610076883937445 0.8080876701703227 0.02434755261671846 0.0176755155513888
22 0.10491865827367848 0.7462446151748139 0.02434755261671846 0.0176755155513888
22 0.2662201793203659 0.7540748219610173 0.02434755261671846 0.0176755155513888
22 0.4406881002541138 0.6437018328942578 0.027563557878390377 0.019511417624907424
22 0.2109375 0.584375 0.025 0.009375
25 0.3639457768024695 0.8827650414238875 0.02002407366340577 0.02351541244111104
25 0.13506191360593753 0.8219082879835176 0.0166260578783902 0.01855451036759259
25 0.31606128462439004 0.8016230566924524 0.02002407366340595 0.02351541244111104
25 0.0879586714278581 0.740834653770462 0.01488154735504672 0.015292809330833278
25 0.4238646213008012 0.6359481214899059 0.02002407366340577 0.02351541244111104
25 0.19296875 0.58203125 0.0171875 0.0046875
16 0.3260740504799927 0.8723846160232857 0.02002407366340595 0.02351541244111104
16 0.0987526872834608 0.8116645636196751 0.016808068401734034 0.021679510367592414
16 0.27745381093274923 0.790393030773471 0.023331084186749607 0.026913814514629663
16 0.05169494773621732 0.7298096794066196 0.016808068401734034 0.021679510367592414
16 0.056776560862162116 0.696489331480138 0.02002407366340595 0.02351541244111104
16 0.3844303949783246 0.6254309950525448 0.02002407366340577 0.02351541244111104
23 0.3089320531108287 0.8700996546189339 0.01809755261671846 0.017128711404351904
23 0.08234643728346089 0.8102292027337029 0.01488154735504672 0.015292809330833278
23 0.2618743135635852 0.7882447704058784 0.01809755261671846 0.017128711404351904
23 0.03450744773621737 0.7283059680022678 0.014881547355046631 0.015292809330833278
23 0.19121247404457656 0.7341635716781933 0.01488154735504672 0.015292809330833278
23 0.3672428949783246 0.623927283648193 0.01809755261671846 0.017128711404351814
34 0.34235993216296323 0.9837417810562948 0.02002407366340577 0.02351541244111104
34 0.012898487269343395 0.7892339060795364 0.016808068401734034 0.02167951036759259
34 0.11707702403045914 0.712758171913749 0.016808068401734034 0.021679510367592414
21 0.48871753462439005 0.8167285212543502 0.007160052616718459 0.016171804147036895
21 0.3495941214419755 0.7786441779460171 0.008722552616718459 0.016308505183796385
21 0.17788572141374068 0.7337828628657397 0.008904563140062115 0.019433505183796385
13 0.31970368216296324 0.9817596160232857 0.02002407366340577 0.02351541244111104
13 0.23823168721287366 0.7492704532993507 0.019842063140062295 0.02039041244111104
13 0.1377157477220999 0.722416135909999 0.016626057878390377 0.01855451036759259
13 0.017850568754669904 0.6907280555611567 0.02002407366340595 0.02351541244111104
13 0.3244344977220999 0.7387519098027301 0.02002407366340595 0.02351541244111104
28 0.4080814556287251 0.75863376578773 0.01488154735504672 0.015292809330833278
29 0.44048443195120174 0.7685357375596744 0.01019404735504672 0.014882706220555519
29 0.3894679635212329 0.7546496033466189 0.01019404735504672 0.014882706220555519
29 0.3797443530261241 0.7867785981628226 0.011938557878390377 0.01814440725731483
29 0.32647513985782695 0.7711249123946283 0.01019404735504672 0.014882706220555519
29 0.31025090038117076 0.7665645515086561 0.01019404735504672 0.014882706220555519
27 0.4115935925027804 0.7927059694163874 0.01175654735504672 0.015019407257314831
27 0.07447229507714663 0.7027488934028695 0.01019404735504672 0.014882706220555519
27 0.3647409793062485 0.7477748867584708 0.01019404735504672 0.014882706220555519
32 0.06015625 0.9921875 0.0265625 0.015625
32 0.20743671352123288 0.7387239325641655 0.02434755261671846 0.0176755155513888
32 0.46295867142785807 0.7736429025926836 0.02434755261671846 0.0176755155513888
24 0.04430956903701855 0.991430684590416 0.014881547355046631 0.015292809330833278
24 0.40078125 0.99609375 0.0171875 0.0078125
24 0.30508744531714294 0.9765547061740728 0.016626057878390377 0.018554510367592415
24 0.3675173688111396 0.7809974898687486 0.01809755261671846 0.017128711404351904
24 0.22444220299788925 0.7433526439685174 0.01809755261671846 0.017128711404351904
24 0.16956498719875626 0.7283435071635639 0.01809755261671846 0.017128711404351904
24 0.10384127666129501 0.7108149631012954 0.01488154735504672 0.015292809330833278
24 0.47996416090451444 0.7782716139970354 0.01809755261671846 0.017128711404351904
17 0.36953125 0.9921875 0.0171875 0.015625
17 0.436965318825257 0.8019927865229152 0.016626057878390377 0.018554510367592415
17 0.2985321503811707 0.7655392937329617 0.016808068401734034 0.02167951036759259
17 0.49531614511949884 0.784326124364628 0.016808068401734034 0.021679510367592414
17 0.4281209398437095 0.7650983792656003 0.0166260578783902 0.01855451036759259
17 0.3777492135212329 0.7536243455709245 0.016626057878390377 0.018554510367592415
30 0.08761703718463884 0.7062546022153232 0.01488154735504672 0.015292809330833278
30 0.04041581349299803 0.6942727205941659 0.014881547355046631 0.015292809330833278
20 0.4586128056710773 0.8078128510375446 0.016626057878390554 0.01855451036759259
29 0.07734375 0.99453125 0.0234375 0.0109375
29 0.014022829560362248 0.9856400143736103 0.022967063140062204 0.020663814514629664
17 0.003125 0.9796875 0.00625 0.021875
1 0.4399552689805488 0.9663676448169891 0.013501057878390376 0.018281108294074144
10 0.5006344347232121 0.9222068331770817 0.023149073663405774 0.023788814514629664
12 0.4209847320782587 0.9011042297839799 0.02314907366340595 0.023788814514629664
10 0.26094957941918795 0.858049422479397 0.02314907366340595 0.023788814514629664
12 0.1859418741433986 0.838138172196573 0.02002407366340577 0.02351541244111104
22 0.04364795833014821 0.8005616768147213 0.02627407366340595 0.02406221658814811
10 0.45270443991429676 0.8418460984456466 0.026274073663405773 0.02406221658814811
29 0.4226452135918201 0.8321491782288412 0.01175654735504672 0.015019407257314831
12 0.37153773990017935 0.8198255440157857 0.023149073663405774 0.023788814514629664
10 0.21467308987194444 0.7762628887847212 0.02627407366340595 0.02406221658814811
29 0.18760235565695993 0.7691831206414341 0.01175654735504672 0.015019407257314831
12 0.14031012670364743 0.7587637390202768 0.023149073663405774 0.023788814514629664
22 0.00390625 0.71875 0.0078125 0.025
12 0.5019077793627182 0.819452980066804 0.026274073663405773 0.02406221658814811
28 0.5108501398578269 0.7872556347322205 0.02002407366340577 0.02351541244111104
1 0.4983116134788805 0.7194140238462483 0.011756547355046365 0.015019407257314831
10 0.5589907792215438 0.6752532122063408 0.026092063140062294 0.02093721658814811
12 0.4785598265765906 0.6540822582948594 0.026274073663405773 0.02406221658814811
10 0.3208229212866838 0.6120137525454153 0.022967063140062294 0.020663814514629664
12 0.2442527160108945 0.5919658012258322 0.02314907366340595 0.023788814514629664
10 0.5118875370434643 0.5941795779932854 0.026092063140062294 0.02093721658814811
11 1 0.5796875 0.6028392796875 0.5796875 0.5890625 0.6178845171875 0.5890625 0.6391221796875 0.60977766875 0.7011287921875 0.6513514046875 0.737158571875 0.60046288125 0.7402261921875001 0.5890625 0.7489806515625 0.5890625 1 0.932800275 1 1 0.8945457921875001 1 0.5796875