5 0.18359375 0.02734375 0.1171875 0.0546875
2 0.29080109213048183 0.07083273399092675 0.11297544191141178 0.10998405405833438
2 0.39396290354306246 0.14405713143340276 0.1145379419114116 0.1099931444174139
2 0.4899634103915396 0.22582982708048077 0.11633724025173749 0.11312723477649378
25 1 0 0.56875 0 0.56875 0.05122375312500001 0.5775105671875 0.0455873234375 0.7976986 0.2066433375 0.9568828125 0.21899638437500002 1 0.19837716249999998 1 0
22 0.284375 0.73984375 0.56875 0.5203125
33 0.80625 0.8546875 0.3875 0.290625
18 0.91953125 0.7453125 0.1609375 0.409375
15 0.84296875 0.575 0.3140625 0.190625
35 0.79453125 0.6578125 0.4109375 0.35625
19 0.6109375 0.64453125 0.084375 0.3296875
14 0.696875 0.61328125 0.25625 0.2671875