22 0.17421875 0.209375 0.3484375 0.41875
29 0.18359375 0.35546875 0.3671875 0.1265625
17 0.28515625 0.2109375 0.3671875 0.415625
27 0.37265625 0.14375 0.1921875 0.2875
16 0.734375 0.209375 0.53125 0.41875
28 0.234375 0.709375 0.46875 0.58125
0 0.76796875 0.88203125 0.4453125 0.2359375
3 0.61328125 0.4875 0.2890625 0.1375
4 0.56484375 0.55390625 0.1921875 0.2703125
5 0.546875 0.66640625 0.15625 0.3578125
7 0.89140625 0.53828125 0.2171875 0.2390625
8 0.85859375 0.62421875 0.2828125 0.3546875
9 0.82109375 0.778125 0.3578125 0.371875