22 0.07890625 0.375 0.1578125 0.246875
25 0.378125 0.46953125 0.1625 0.1390625
21 0.4046875 0.2046875 0.109375 0.340625
10 0.3828125 0.36171875 0.153125 0.2578125
29 0.23167465330729115 0.3846028878324983 0.24535278685347245 0.21573562188998174
12 0.1046875 0.07734375 0.209375 0.1546875
20 0.2230296179724302 0.21832279059146026 0.3420472553183336 0.2801057383528967
17 0.11015625 0.21640625 0.2203125 0.3515625
1 0.5046875 0.04765625 0.08125 0.0953125
0 0.6313155498681594 0.09839431365852436 0.08212412860909728 0.10886374491161739
8 0.7543887207459719 0.15412309249133962 0.08673889342673621 0.10598440637700665
4 0.8718658550546523 0.21503401628120072 0.08372299620027786 0.11050813206674696
1 0.97734375 0.25546875 0.0453125 0.1015625
1 0.07421875 0.9484375 0.1484375 0.103125
6 0.15 0.690625 0.271875 0.303125
7 0.321875 0.71328125 0.271875 0.3484375
8 0.4140625 0.73828125 0.090625 0.3984375
21 0.7296875 0.76953125 0.540625 0.4609375