22 0.4128858854358949 0.3518688920979711 0.2329530573378243 0.2886876821631493
25 0.246875 0.05 0.209375 0.1
21 0.05390625 0.1390625 0.1078125 0.278125
10 0.11875 0.09765625 0.2375 0.1953125
29 0.2793200158545119 0.18958422488117604 0.20330004942915886 0.24905649710021507
12 0.13515625 0.509375 0.2703125 0.21875
20 0.1586493715957305 0.30530615849421805 0.26486890220462767 0.34562476639624684
17 0.2984375 0.43046875 0.33125 0.3765625
25 0.8384722124999999 0 0.69870925625 0.04586985625 0.6256209171875 0.1083682265625 0.58834098125 0.17416463124999998 0.5827258453125 0.30482002812500003 0.641911828125 0.49609897812500003 0.5296875 0.5355518 0.5296875 0.61875 0.8787436828124999 0.61875 1 0.5719064125 1 0.035785459375 0.9973363609374999 0.0332935390625 0.9356075078125 0.0057460875 0.8732192828125 0 0.8384722124999999 0
9 0.26484375 0.809375 0.5296875 0.38125
21 0.63125 0.7203125 0.203125 0.203125
24 0.8859375 0.72265625 0.209375 0.2078125
16 0.8063189145619175 0.8232586400233787 0.2486072322426839 0.32881577469461665
11 0.9109375 0.95 0.178125 0.1
17 0.6421875 0.85546875 0.225 0.2890625