22 0.30234375 0.0765625 0.3203125 0.153125
25 0.44375 0.31328125 0.071875 0.2734375
10 0.36640625 0.34453125 0.2265625 0.2109375
29 0.3390625 0.17578125 0.28125 0.3046875
20 0.1671875 0.22265625 0.334375 0.3578125
21 0.2515625 0.390625 0.41875 0.11875
25 0.89375 0.3671875 0.2125 0.165625
14 0.73984375 0.1515625 0.5203125 0.303125
15 0.7171875 0.31640625 0.475 0.2671875
3 0.1296875 0.5453125 0.259375 0.190625
4 0.2109375 0.60546875 0.328125 0.3109375
5 0.321875 0.6859375 0.315625 0.346875
6 0.36796875 0.80078125 0.2234375 0.3515625
6 0.73984375 0.725 0.5203125 0.55