10 0.1765625 0.15625 0.353125 0.3125
21 0.25 0.21953125 0.5 0.2609375
20 0.3546875 0.103125 0.35 0.20625
0 0.571875 0.26484375 0.084375 0.1328125
1 0.66953125 0.01953125 0.1140625 0.0390625
1 0.94140625 0.0625 0.1171875 0.125
1 0.7725007761553225 0.15518374675029384 0.12765469123481452 0.139518241882325
4 0.61875 0.034375 0.134375 0.06875
8 0.8879508274276375 0.08387358278842036 0.1445100005656478 0.1538534772718286
9 0.7249613948169892 0.18243599350388298 0.14368979434509227 0.1444784772718286
2 0.59765625 0.23828125 0.1359375 0.1390625
2 0.878125 0.30390625 0.128125 0.0921875
4 0.81875 0.32265625 0.11875 0.0546875
3 0.96171875 0.26875 0.0765625 0.1375
27 0.3875 0.65625 0.284375 0.6125
21 0.35546875 0.675 0.3484375 0.65
31 0.296875 0.675 0.465625 0.65
11 0.2546875 0.675 0.509375 0.65
13 0.2078125 0.70625 0.415625 0.5875
30 0.1671875 0.7296875 0.334375 0.540625
14 0.10625 0.7765625 0.2125 0.446875
30 0.76484375 0.675 0.4703125 0.65