1 0.19921875 0.46875 0.0703125 0.021875
2 0.1640625 0.4546875 0.0875 0.05
3 0.115625 0.4453125 0.078125 0.06875
4 0.06953125 0.42421875 0.1015625 0.1109375
5 0.0328125 0.39765625 0.065625 0.1046875
6 0.00703125 0.3703125 0.0140625 0.09375
22 0.7671875 0.06640625 0.375 0.1328125
24 0.78984375 0.1890625 0.4203125 0.378125
1 0.28984375 0.73984375 0.5796875 0.5203125
24 0.9241897254559006 0.7624514173467414 0.03707410266556703 0.04094590456798421
24 0.7197870334526019 0.6561549089789984 0.03707410266556703 0.04094590456798421
24 0.7575250626820617 0.7532445929456248 0.03707410266556703 0.04094590456798421
24 0.735371266363843 0.8175903759623117 0.03707410266556703 0.04094590456798421
24 0.9515625 0.9921875 0.034375 0.015625
24 0.7124589520989357 0.8811958525565633 0.03707410266556703 0.04094590456798421
24 0.59609375 0.8203125 0.0328125 0.040625
24 0.58515625 0.8109375 0.0109375 0.040625
23 0.8524835246771133 0.5727548315256641 0.03707410266556703 0.040945904567984304
23 0.762532126089039 0.5275452301007546 0.033858174452321775 0.03765713025772479
23 0.65390625 0.48515625 0.0359375 0.0109375
23 0.5875 0.509375 0.015625 0.040625
23 0.9626839241231172 0.7799354884684977 0.035466138558944496 0.039301517412854634
23 0.639028778438037 0.6167039846233104 0.035466138558944316 0.03930151741285446
23 0.9788879341522471 0.8664528426069407 0.033858174452321775 0.0376571302577247
23 0.928970502178078 0.8394266751486577 0.035466138558944316 0.039301517412854634
23 0.7359910434817317 0.7426722631174414 0.035466138558944316 0.039301517412854634
23 0.9021519379131708 0.9032368696307336 0.033858174452321775 0.0376571302577247
23 0.616990990895307 0.7574894369073025 0.033858174452321685 0.0376571302577247
23 0.6639676278048986 0.8587752979431504 0.033858174452321775 0.0376571302577247
23 0.58359375 0.8859375 0.0078125 0.0375
14 0.9921875 0.57421875 0.015625 0.0390625
14 0.8116910401165194 0.5538310911366026 0.03707410266556703 0.04094590456798421
14 0.9809314704413359 0.7157944233396352 0.03707410266556703 0.04094590456798421
14 0.9240509846271008 0.686792998079436 0.03707410266556703 0.04094590456798421
14 0.8364206039857152 0.6422418159218319 0.03707410266556703 0.04094590456798421
14 0.7765287784380369 0.6094979149718922 0.03707410266556703 0.040945904567984304
14 0.6734779862764535 0.5587343543655856 0.035466138558944496 0.03930151741285455
14 0.8826841870552411 0.7412248705352447 0.03707410266556703 0.04094590456798421
14 0.8542553101747792 0.726333532905145 0.03707410266556703 0.04094590456798421
14 0.8058321820406761 0.7015692282917323 0.03707410266556703 0.04094590456798421
14 0.6182760092377071 0.606090711217562 0.03707410266556703 0.04094590456798421
14 0.596875 0.5953125 0.034375 0.040625
14 0.8558428907370225 0.8058163150173208 0.03707410266556703 0.04094590456798421
14 0.6460623769469688 0.6966814116925318 0.03872753087881229 0.04415279172311415
14 0.9953125 0.959375 0.009375 0.040625
14 0.9859375 0.95 0.028125 0.04375
14 0.8129363252184738 0.8595488246282592 0.03707410266556703 0.04094590456798421
14 0.91015625 0.98125 0.0359375 0.0375
14 0.7723507776466141 0.9139397535065029 0.03707410266556703 0.04094590456798421
14 0.7294214800747543 0.9684535131174414 0.03707410266556703 0.04094590456798421
12 0.8324892734234719 0.5628818645423509 0.035466138558944496 0.03930151741285455
12 0.6921875 0.49609375 0.0375 0.0328125
12 0.625309607746639 0.6860681382867835 0.035466138558944316 0.039301517412854634
12 0.8721832930860203 0.8876461691557637 0.03707410266556703 0.04094590456798421
12 0.59296875 0.971875 0.0265625 0.040625
29 0.815068441211876 0.6254194860936485 0.03564799498543501 0.04555151741285455
29 0.6029214453685112 0.5171886635015541 0.029170674452321597 0.03741146879233552
29 0.8137379587628534 0.778380711783389 0.029170674452321597 0.03741146879233561
29 0.7176502204413359 0.7295924089789985 0.03243206677218975 0.042262743102595125
29 0.6131278564929977 0.6757857355278215 0.03082410266556703 0.04061835594746519
29 0.9375438686336987 0.9201034650627493 0.030778638558944315 0.03905585594746519
29 0.7531581599373524 0.8228986736783195 0.03082410266556703 0.04061835594746519
13 0.7458219992085772 0.5120397388071819 0.04203438730530316 0.050566566033373575
13 0.6699377976383668 0.6267849915207153 0.03881845909205772 0.04727779172311397
13 0.58984375 0.57890625 0.0203125 0.0484375
13 0.9621550752184739 0.8517286013133679 0.04364235141192587 0.05221095318850324
13 0.9745437634608491 0.9353256733396351 0.04203438730530316 0.05056656603337366
13 0.9328125 0.9828125 0.040625 0.034375
13 0.7859375 0.98203125 0.040625 0.0359375
13 0.76484375 0.9765625 0.0421875 0.046875
17 0.8989289641731297 0.665487886139077 0.040426423198680436 0.048922178878243724
17 0.7989349758516122 0.6169043012225108 0.04203438730530316 0.050566566033373485
17 0.58671875 0.9546875 0.0140625 0.05
27 0.8861969466221524 0.5132636448455041 0.027517246239076344 0.034204581637205765
27 0.7448191595416409 0.9754471415661439 0.025909282132453627 0.0325601944820761
27 0.58984375 0.89375 0.0203125 0.034375
28 0.99140625 0.725 0.0171875 0.0375
28 0.7464919374509524 0.5962509644969224 0.035466138558944316 0.03930151741285455
28 0.6166429645688412 0.5281704291053864 0.035466138558944316 0.03930151741285455
28 0.8250451832943174 0.7114831388526104 0.035466138558944316 0.039301517412854634
28 0.8329760405787379 0.8678592916115724 0.03707410266556703 0.04094590456798421
28 0.7660984291376822 0.8339213828597167 0.035466138558944496 0.03930151741285446
28 0.6156126958307296 0.8316672433297377 0.035466138558944316 0.039301517412854634
28 0.710208478821113 0.9585396025565632 0.03707410266556703 0.04094590456798421
28 0.6909954775674718 0.9486256919956851 0.035466138558944316 0.039301517412854634
28 0.653327993006878 0.929538177296364 0.03707410266556703 0.04094590456798421
18 0.9424553068095669 0.5368372636832682 0.02935253087881229 0.04366146879233561
18 0.9224837876092369 0.526183046699955 0.02935253087881229 0.043661468792335525
18 0.9702644065721401 0.6266467141582381 0.027699102665567032 0.040454581637205854
18 0.71875 0.50078125 0.028125 0.0421875
18 0.9491716904204532 0.9226143113992761 0.02287521034569906 0.03552142017181659
18 0.9199615635399916 0.9077639173467414 0.027653638558944316 0.03889208163720568
18 0.6332381165221276 0.7620983717784402 0.029352530878812465 0.04366146879233561
18 0.681041467538342 0.8617807892367232 0.02935253087881229 0.04366146879233561
18 0.6704245647936327 0.9317624185899369 0.02287521034569906 0.03552142017181659
22 0.8421875 0.496875 0.04375 0.034375
22 0.7003670952102267 0.572926329150815 0.046585494985435 0.04612472749876275
22 0.8812831599373523 0.8161839269576798 0.046585494985435 0.04612472749876275
22 0.8853986954350181 0.9696397976044662 0.04493206677218975 0.042917840343632996
22 0.739348061032709 0.8953878273417926 0.046585494985435 0.04612472749876275
22 0.6375 0.9859375 0.046875 0.028125
34 0.9400958702830513 0.778779102217879 0.03886392319868044 0.048840291723114146
34 0.5921875 0.6703125 0.025 0.05
34 0.6422039395625234 0.7756695488476616 0.040426423198680436 0.048922178878243724
16 0.949102460412206 0.6300959407524898 0.04203438730530316 0.050566566033373575
16 0.59609375 0.75 0.0328125 0.05
16 0.6399989303913234 0.8514507988476616 0.040426423198680436 0.048922178878243724
24 0.8708219992085772 0.5054887663968017 0.03707410266556703 0.040945904567984304
29 0.98671875 0.5625 0.0265625 0.040625
32 0.9583841836900288 0.5523836985544059 0.041761602665567034 0.04119156603337348
32 0.743619338546309 0.6681669080744873 0.04341503087881229 0.04439845318850324
32 0.7821386177757688 0.7652156484635488 0.046585494985435 0.04612472749876275
15 0.9324809132360576 0.5311195301916116 0.03247753087881229 0.043825243102595036
15 0.9001912504622183 0.5148704104493365 0.03569345909205772 0.04711401741285455
15 0.6770168602539215 0.7051999185899369 0.03247753087881229 0.04382524310259513
15 0.6647669128403462 0.6972612658309748 0.032477530878812465 0.04382524310259513
11 0.80859375 0.48671875 0.0390625 0.0140625
11 0.9796875 0.63359375 0.040625 0.0515625
11 0.9233583143314142 0.6033630223896955 0.040426423198680436 0.048922178878243724
11 0.7955609571135007 0.9205239461795568 0.040426423198680436 0.048922178878243724
11 0.6258394904995955 0.9091371460886997 0.04203438730530316 0.05056656603337366
10 0.99609375 0.65390625 0.0078125 0.0390625
10 0.9000799387045937 0.5991225797166418 0.03707410266556703 0.040945904567984304
10 0.8731680977175091 0.5857118549314124 0.035466138558944316 0.03930151741285455
10 0.7832394311827462 0.539721003506503 0.035466138558944316 0.03930151741285455
10 0.6734375 0.49140625 0.034375 0.0234375
10 0.874869338546309 0.6612883870435882 0.035466138558944496 0.039301517412854634
10 0.7272789361973111 0.5863370539360442 0.035466138558944316 0.03930151741285455
10 0.6358105017158596 0.5396468396662645 0.03707410266556703 0.040945904567984304
10 0.98203125 0.790625 0.0359375 0.040625
10 0.98984375 0.8765625 0.0203125 0.040625
10 0.9081722688711255 0.8303759017429092 0.032295674452321774 0.03757524310259512
10 0.6898207371343833 0.7209101277713339 0.03711956677218957 0.042508404567984215
10 0.852970291832379 0.8777322585948856 0.035466138558944316 0.039301517412854634
10 0.6638743510827214 0.781554378675845 0.03707410266556703 0.04094590456798421
10 0.80234375 0.99296875 0.0359375 0.0140625
21 0.8903328656641978 0.5855923462249851 0.027699102665567032 0.040454581637205764
21 0.6544923055559256 0.5410079438047075 0.027699102665567032 0.040454581637205854
21 0.8429684691876946 0.7121039365686184 0.026136602665567034 0.0403726944820761
21 0.8301489057807171 0.9382127351891374 0.026136602665567034 0.0403726944820761
21 0.8201745122072079 0.9324950016974807 0.02287521034569906 0.03552142017181659
25 0.7105985868969564 0.8110880704443877 0.040426423198680436 0.048922178878243724
25 0.6805844779631832 0.7970598699694179 0.04203438730530316 0.05056656603337366
30 0.6982075501456493 0.6471450791508149 0.035420674452321776 0.03773901741285464
30 0.6033650969260863 0.904074509838081 0.035466138558944316 0.03930151741285446
30 0.61015625 0.98125 0.0359375 0.0375
32 0.947883289720808 0.6988049971749248 0.04341503087881229 0.04439845318850324
31 0.8541165693459792 0.6506751136378398 0.035466138558944496 0.039301517412854634
31 0.6916834508452945 0.8713638291508149 0.035420674452321776 0.03773901741285464
23 0.9026784383088822 0.751097837518558 0.035466138558944316 0.039301517412854634
18 0.7737016436400163 0.6798513585494571 0.027653638558944316 0.03889208163720585
21 0.6877019591585648 0.6328745392367232 0.026136602665567034 0.04037269448207601
18 0.8245617984962965 0.7817137516974807 0.027699102665567032 0.04045458163720568
18 0.7924336086045688 0.8403418012225108 0.027653638558944493 0.03889208163720568
18 0.8447198711409811 0.9468098072154045 0.024483174452321777 0.03716580732694617