5 0.71640625 0.259375 0.4734375 0.51875
3 0.19023525987449103 0.7805280620987297 0.028104016039128866 0.048873876623205345
22 0.14140625 0.52578125 0.0359375 0.0140625
22 0.475 0.70625 0.009375 0.034375
22 0.39979882942967765 0.6886876152657103 0.032190738741233106 0.039580697240056396
22 0.38134921807862554 0.6843273977331144 0.032190738741233106 0.039580697240056396
22 0.14701858112772062 0.9069229667251124 0.032190738741233106 0.039580697240056396
18 0.1578125 0.52734375 0.01875 0.0171875
18 0.27578125 0.9890625 0.0171875 0.021875
18 0.14442570481727382 0.9717394431861619 0.01666586829088228 0.04087046185055314
23 0.42903335132890275 0.5734620357204055 0.02614099784053181 0.04259660308425506
23 0.16796875 0.528125 0.0234375 0.01875
23 0.3506499306016968 0.6762791185121212 0.022515350092285048 0.03472955600635448
23 0.03623817474160074 0.7480991659937637 0.020652461443337166 0.03001478246740401
23 0.021444489516425413 0.7475770146137919 0.02065246144333699 0.03001478246740419
23 0.11616909932631794 0.901218437504119 0.0241779796419344 0.03631932954530477
24 0.3310662206995193 0.5556626554437522 0.027603368290882457 0.041061376623205435
24 0.25331146052048653 0.5390712191607443 0.024378238741233106 0.03944432954530477
24 0.4167360055555543 0.6922938563372565 0.022515350092285048 0.0347295560063543
24 0.047456276993354155 0.7557071144516361 0.0226154796419344 0.036292056006354476
24 0.2171875 0.98515625 0.025 0.0296875
30 0.37645906385197403 0.565795586044717 0.024378238741233106 0.03944432954530477
30 0.1553793985234389 0.7764542167251124 0.02231509099298634 0.0316045560063543
30 0.1639557572535974 0.9105292077966587 0.02065246144333699 0.03001478246740419
30 0.030020848246583753 0.8816520056853381 0.02231509099298634 0.0316045560063543
30 0.296875 0.99453125 0.021875 0.0109375
10 0.2140625 0.534375 0.028125 0.03125
10 0.1828125 0.53046875 0.025 0.0234375
10 0.12265625 0.5234375 0.0265625 0.009375
10 0.27201379087301475 0.6612638189985885 0.0241779796419344 0.03631932954530477
10 0.24355812384643674 0.6547371294691697 0.0241779796419344 0.03631932954530477
10 0.16752894509966634 0.7817047784135096 0.02231509099298634 0.03160455600635448
10 0.129300155001844 0.9033303624230413 0.0241779796419344 0.03631932954530477
10 0.08463849707456453 0.893965045052601 0.0241779796419344 0.03631932954530477
15 0.1942743129291234 0.9123411237871271 0.021453497840531632 0.042514782467404186
32 0.475 0.5890625 0.009375 0.04375
14 0.4672948149317083 0.585280197246647 0.024378238741233106 0.03944432954530477
14 0.4411328331303054 0.5794938474088028 0.02624112739018116 0.04415910308425506
14 0.30124831277223985 0.5460382394532838 0.024378238741233106 0.03944432954530477
14 0.22890625 0.5359375 0.0234375 0.034375
14 0.4666160896087105 0.7054699663213705 0.0241779796419344 0.03631932954530477
14 0.3644120419527489 0.6807211566615681 0.0241779796419344 0.03631932954530477
14 0.3297564397009955 0.6735223112879508 0.022515350092285048 0.0347295560063543
14 0.21739614204503396 0.6489507796313256 0.022515350092285048 0.03472955600635448
14 0.21463448257659506 0.7894666854755242 0.0241779796419344 0.03631932954530477
14 0.12521103717238696 0.7722985507346439 0.0241779796419344 0.03631932954530477
14 0.08133062924510748 0.7629195965947286 0.0241779796419344 0.03631932954530477
14 0.00859375 0.74609375 0.0171875 0.0359375
14 0.06228263572351249 0.889673011367381 0.0241779796419344 0.03631932954530477
14 0.23203125 0.9890625 0.0234375 0.021875
14 0.18359375 0.9828125 0.0234375 0.034375
14 0.16648117751937788 0.9807189768713821 0.0241779796419344 0.03631932954530477
27 0.4549950740310068 0.5823733855582498 0.0194904796419344 0.03623750892845372
27 0.31896913402546956 0.6713694760606032 0.017727720542635696 0.033085235389503254
27 0.26210786474713804 0.6575348470017657 0.017727720542635696 0.033085235389503254
27 0.20749021591915726 0.6452218076345028 0.017727720542635696 0.033085235389503434
27 0.13771103717238695 0.7720803624230412 0.01752746144333699 0.02996023538950343
27 0.06824963834440619 0.7600264216758065 0.0194904796419344 0.03623750892845372
29 0.41224636952750016 0.5675120446488593 0.021653756939830515 0.04563978246740401
29 0.26640625 0.5390625 0.0234375 0.040625
29 0.2046875 0.53125 0.021875 0.025
29 0.3416754488002942 0.6701927597458232 0.019690738741233105 0.03936250892845372
29 0.25469588294573525 0.6514212146965174 0.019790868290882457 0.04092500892845372
29 0.14630478717238696 0.7719303579588144 0.019790868290882457 0.04092500892845372
29 0.3078125 0.99296875 0.015625 0.0140625
29 0.12910109346622178 0.9673246785756653 0.018128238741233104 0.03933523538950325
28 0.39208406385197403 0.5655228506552137 0.024378238741233106 0.03944432954530477
28 0.31412904457364255 0.5520564143722059 0.02614099784053181 0.04259660308425506
28 0.11442373149686098 0.7701457155072964 0.022815738741233105 0.0394170560063543
28 0.00234375 0.74296875 0.0046875 0.0390625
28 0.05980608266888012 0.7578326761400334 0.0194904796419344 0.03623750892845372
28 0.10538179365079188 0.8990656022767715 0.022815738741233105 0.0394170560063543
28 0.04383302437246046 0.885312793834785 0.0226154796419344 0.036292056006354476
28 0.13573182526762456 0.9734519476503888 0.02065246144333699 0.03001478246740401
25 0.36078399907714936 0.5668495714342205 0.03172966378737563 0.0567409237011061
25 0.3444778786267987 0.565573443593199 0.028104016039128866 0.048873876623205435
25 0.09181754627168556 0.7697599318220762 0.024778756939830338 0.045694329545304765
25 0.0158582186969344 0.8834599675358913 0.02477875693983016 0.045694329545304765
25 0.00703125 0.88359375 0.0140625 0.0421875
25 0.28125 0.99296875 0.025 0.0140625
25 0.24296875 0.98984375 0.0265625 0.0203125
13 0.2859375 0.54140625 0.028125 0.0453125
13 0.26640625 0.98671875 0.0265625 0.0265625
17 0.1796308220284221 0.9094752224071552 0.024378238741233106 0.03944432954530477
25 0.20234375 0.98515625 0.0234375 0.0296875
12 0.4348549498800283 0.6896364606393276 0.029566386489479513 0.04733865016215581
25 0.2893014204226641 0.6594013100701348 0.02634125693983034 0.04572160308425506
16 0.22939549429678738 0.6565450913197228 0.02634125693983034 0.045721603084255234
29 0.20482868600036772 0.7841752134787014 0.021453497840531632 0.042514782467404186
18 0.20198668337947404 0.9137672560923752 0.016665868290882457 0.04087046185055314
21 0.19609375 0.98046875 0.0171875 0.0390625
33 0.15506281616832585 0.9762360284135095 0.02065246144333699 0.03001478246740419
27 0.07468250617386314 0.8910173230557783 0.01752746144333699 0.02996023538950343
24 0.8908138556478395 0.6040452029253947 0.0304279796419344 0.036428423701106105
24 0.689130242137319 0.5607430365278891 0.0304279796419344 0.036428423701106105
24 0.6120566024086369 0.5457004634754061 0.030227720542635738 0.0333034237011061
24 0.9489384338408993 0.6834093745979058 0.0304279796419344 0.036428423701106105
24 0.7488673851052037 0.63929868466145 0.0304279796419344 0.036428423701106286
24 0.9433206870801019 0.7467178981368562 0.030227720542635693 0.0333034237011061
24 0.6469952020394967 0.6824368043847966 0.030227720542635693 0.0333034237011061
24 0.9354092550941291 0.809286081984232 0.030227720542635693 0.0333034237011061
24 0.8107492165374662 0.7818077386392096 0.030227720542635693 0.0333034237011061
24 0.7890744756367647 0.7790645681845143 0.030227720542635693 0.0333034237011061
24 0.7188330243724604 0.827893580359379 0.031790220542635694 0.0333306972400564
24 0.5826044301402715 0.798276038556484 0.031790220542635736 0.0333306972400564
24 0.9586291047249886 0.9462269744357501 0.030227720542635693 0.03330342370110628
23 0.8060278454688067 0.5875764975676633 0.0304279796419344 0.036428423701106105
23 0.5889695558324096 0.5406408165596612 0.0304279796419344 0.036428423701106105
23 0.926632637264672 0.6783360909126858 0.0304279796419344 0.036428423701106105
23 0.6849248010520476 0.6263680365278892 0.028464961443337166 0.030151150162155815
23 0.6326008374492421 0.6147953368522007 0.030427979641934354 0.036428423701106105
23 0.8178793985234389 0.7192531915613088 0.028464961443337166 0.030151150162155815
23 0.7431995735695816 0.7033884582004004 0.030227720542635693 0.0333034237011061
23 0.6239081554632693 0.6773771574690517 0.030227720542635783 0.0333034237011061
23 0.4946106816814311 0.6491993847408802 0.02856509099298643 0.03171365016215581
23 0.8860600971668496 0.8000025852306429 0.030227720542635693 0.0333034237011061
23 0.7668688086101867 0.7724287844992943 0.030227720542635693 0.0333034237011061
23 0.7143946506829073 0.7631998348236058 0.030227720542635693 0.0333034237011061
23 0.804300155001844 0.8459111489476351 0.030227720542635783 0.0333034237011061
23 0.6233598380675509 0.8077095397743002 0.030227720542635783 0.0333034237011061
23 0.5602485687892196 0.793984004871264 0.030227720542635738 0.0333034237011061
14 0.990625 0.56484375 0.01875 0.0359375
14 0.9332807603359164 0.5502383644516361 0.0304279796419344 0.036428423701106105
14 0.82578125 0.5328125 0.0296875 0.028125
14 0.9822806624030995 0.6258599273578493 0.0304279796419344 0.036428423701106105
14 0.7837220488925792 0.5825032138824432 0.0304279796419344 0.036428423701106105
14 0.7621474375415271 0.578197543427748 0.0304279796419344 0.036428423701106105
14 0.6328499637596889 0.5500197706995765 0.0304279796419344 0.036428423701106105
14 0.5671875 0.5359375 0.03125 0.034375
14 0.8311594509597626 0.6581520503276068 0.0304279796419344 0.036428423701106105
14 0.5629904418604639 0.6659544622575901 0.030227720542635738 0.0333034237011061
14 0.9921875 0.82421875 0.015625 0.0328125
14 0.9720593514857863 0.882782083202048 0.030227720542635693 0.0333034237011061
14 0.7819442936507919 0.8416191152624151 0.030227720542635693 0.0333034237011061
14 0.5371615222129922 0.7889243579555191 0.030227720542635738 0.0333034237011061
12 0.8096349043835351 0.6530651298729115 0.0304279796419344 0.036428423701106105
12 0.509487105186414 0.7823840316566252 0.03032785009228507 0.034865923701106104
12 0.8410003161683258 0.9186259001654511 0.030227720542635693 0.0333034237011061
29 0.9726739273624944 0.5565741392084025 0.02614099784053181 0.04259660308425515
29 0.9060395350129186 0.6708917836885153 0.0241779796419344 0.03631932954530477
29 0.7951916725821324 0.6470742284929398 0.0226154796419344 0.0362920560063543
29 0.9604080575304526 0.7479803892084025 0.0226154796419344 0.0362920560063543
29 0.6040462384366913 0.6707004634754061 0.0241779796419344 0.03631932954530477
29 0.5477659600590611 0.6599771976470935 0.0226154796419344 0.0362920560063543
29 0.5344358428479129 0.7218595888807956 0.0226154796419344 0.036292056006354476
29 0.5021239905961595 0.7146198331987528 0.0226154796419344 0.036292056006354476
13 0.838640086369508 0.5901287532497062 0.032390997840531635 0.04270569724005639
13 0.7433170943890725 0.5676009626646273 0.032491127390180986 0.044268197240056484
13 0.50234375 0.52890625 0.0328125 0.0203125
13 0.7234878508674775 0.6943680142067548 0.032190738741233106 0.039580697240056396
13 0.671945137264672 0.6827816777615912 0.032491127390180986 0.044268197240056394
13 0.6941019370801019 0.7510680275994354 0.032491127390180986 0.044268197240056394
13 0.9953125 0.884375 0.009375 0.04375
13 0.7615013857235124 0.8318310580382446 0.032491127390180986 0.044268197240056394
17 0.9565680660114424 0.552173011367381 0.032491127390180986 0.044268197240056484
17 0.484375 0.5734375 0.009375 0.04375
17 0.9814856138242873 0.9427065081209701 0.032491127390180986 0.044268197240056394
17 0.8230012877906958 0.9072344326328551 0.032491127390180986 0.044268197240056394
27 0.5792464975359899 0.6680118400986116 0.018889702344038462 0.02686250892845372
27 0.5107666078073076 0.6528192625819017 0.02055233189368777 0.028452282467404187
27 0.9874840923864877 0.8856343478125446 0.02065246144333699 0.03001478246740419
27 0.8212373311277206 0.8495173900191814 0.020652461443337166 0.03001478246740419
28 0.9023812137596889 0.5453150852306429 0.0304279796419344 0.036428423701106105
28 0.7640625 0.525 0.03125 0.0125
28 0.99296875 0.62890625 0.0140625 0.0359375
28 0.7113359091638971 0.5673788202131093 0.0304279796419344 0.036428423701106105
28 0.54140625 0.53359375 0.0296875 0.0296875
28 0.9756826041066798 0.753176403818899 0.030227720542635693 0.0333034237011061
28 0.8330550131136935 0.7868810223244297 0.030227720542635693 0.0333034237011061
28 0.9512659901347342 0.8784627759778776 0.030227720542635693 0.0333034237011061
28 0.9312538787836822 0.874129831984232 0.030227720542635693 0.0333034237011061
28 0.8912296560815781 0.8654639439969408 0.030227720542635693 0.0333034237011061
18 0.5171875 0.52890625 0.01875 0.0203125
18 0.7029436158268723 0.6252731408299603 0.018128238741233017 0.03933523538950325
18 0.8341855189737896 0.7205293194023303 0.019790868290882457 0.04092500892845372
18 0.901785226716499 0.7981673498411395 0.021453497840531632 0.042514782467404186
18 0.6177594825765951 0.7367930677774772 0.01979086829088237 0.04092500892845372
18 0.5138427405961595 0.7144152816566252 0.019790868290882346 0.04092500892845372
18 0.9085172856312275 0.8636014350684871 0.014702850092285048 0.03459318831160267
22 0.85390625 0.5359375 0.0390625 0.034375
22 0.6582306955610917 0.5558197573068959 0.039903109191583755 0.0381545649348082
22 0.9639149868955318 0.8150315215136507 0.039702850092285046 0.03502956493480802
22 0.8918619093207806 0.9286633733800898 0.039903109191583755 0.0381545649348082
34 0.769310293032483 0.6490867418856204 0.032491127390180986 0.044268197240056394
34 0.6115571522240668 0.6143822796280303 0.032491127390180986 0.044268197240056394
34 0.5314085772702093 0.5986130036534479 0.032491127390180986 0.044268197240056394
34 0.8460346769010691 0.7304673810907276 0.032491127390180986 0.044268197240056394
34 0.600703588067551 0.80810500608908 0.032491127390180986 0.044268197240056394
16 0.7937107132982636 0.7188946814150391 0.032491127390180986 0.044268197240056394
16 0.8603289119416744 0.7996713486233235 0.032491127390180986 0.044268197240056394
32 0.9161945874492421 0.6098451895327139 0.039903109191583755 0.038154564934808025
32 0.9743692304171268 0.6884281112052253 0.039903109191583755 0.0381545649348082
32 0.5786142442967874 0.6048124107154627 0.039903109191583706 0.0381545649348082
32 0.6350773905038745 0.7466356720795483 0.039702850092285046 0.0350295649348082
15 0.8615280714101132 0.6591827163180752 0.02457849784053181 0.04256932954530477
15 0.8485472100590611 0.654727041399153 0.02457849784053163 0.04256932954530477
15 0.6714468846437783 0.8123328100668396 0.02457849784053163 0.04256932954530477
11 0.8608307572535974 0.8527281647759477 0.032491127390180986 0.044268197240056394
10 0.8816379171834615 0.5402145280064725 0.0304279796419344 0.036428423701106105
10 0.784375 0.528125 0.03125 0.01875
10 0.877233414562568 0.6698338441590966 0.0304279796419344 0.036428423701106105
10 0.6556878840254695 0.6198549837679457 0.0304279796419344 0.036428423701106105
10 0.5532835772702093 0.5982311741081432 0.03052810919158371 0.03799092370110611
10 0.8679096769010691 0.7300855515454228 0.030227720542635693 0.0333034237011061
10 0.7639929349206336 0.7077077654245707 0.030227720542635693 0.03330342370110628
10 0.7344067620339593 0.7675327788172515 0.030227720542635693 0.0333034237011061
10 0.6441531994186029 0.8120288469984704 0.0319904796419344 0.036455697240056394
10 0.48984375 0.7765625 0.0203125 0.034375
21 0.8015625 0.52734375 0.01875 0.0171875
21 0.6086348064507183 0.7330504590111794 0.016665868290882367 0.04087046185055314
21 0.598678815550017 0.7301027370143565 0.016665868290882367 0.04087046185055314
21 0.7370020334717591 0.82445493466145 0.014903109191583752 0.037718188311602674
21 0.7062026164451811 0.8179691554404569 0.014903109191583752 0.037718188311602674
25 0.9176395666297512 0.7456054115295367 0.032491127390180986 0.044268197240056394
25 0.8867400200535238 0.7406821323085436 0.032491127390180986 0.044268197240056394
25 0.5695222416758937 0.7345135474849378 0.032491127390180986 0.044268197240056394
30 0.869139114747138 0.6013020324706994 0.030227720542635693 0.0333034237011061
30 0.726461458979327 0.63578790097623 0.0304279796419344 0.036428423701106105
30 0.5307787191583598 0.6571522065755473 0.03032785009228507 0.034865923701106104
30 0.5504916394241404 0.727041966721817 0.030227720542635738 0.0333034237011061
30 0.484375 0.71015625 0.009375 0.0328125
30 0.8389056924787728 0.8538912443212524 0.030227720542635693 0.0333034237011061
30 0.8633061127445533 0.9236991838506711 0.030227720542635693 0.03330342370110628
31 0.9138847085179016 0.8041991615295367 0.030227720542635693 0.0333034237011061
18 0.9471942635751187 0.6132059687537073 0.017927979641934398 0.036210235389503256
21 0.854896142045034 0.5921861310907276 0.01666586829088228 0.04087046185055314
29 0.496875 0.58046875 0.034375 0.0453125
18 0.9953125 0.75234375 0.009375 0.0359375
18 0.695082248615724 0.6870600746773361 0.017927979641934398 0.03621023538950343
18 0.6670085109542251 0.7476390645310664 0.017927979641934398 0.036210235389503256
18 0.6835964312200057 0.8175833717552369 0.017927979641934398 0.03621023538950343
32 0.9333985672480601 0.9380832378284307 0.039702850092285046 0.0350295649348082
2 0.5275688718438519 0.9264379947249942 0.030427979641934378 0.036428423701106105
0 0.5090691957179752 0.9228590271923982 0.025640350092285047 0.03478410308425524
12 0.4875 0.915625 0.015625 0.0375