2 0.1609375 0.26875 0.125 0.1
3 0.14624371684528265 0.15314957665190043 0.12033635771838495 0.12303458667404961
4 0.1203125 0.0375 0.125 0.075
7 0.040625 0.27734375 0.08125 0.0828125
8 0.03203125 0.16171875 0.0640625 0.1171875
9 0.02421875 0.04609375 0.0484375 0.0921875
28 0.79453125 0.13828125 0.4109375 0.2765625
1 0.021875 0.90625 0.04375 0.078125
2 0.01953125 0.79140625 0.0390625 0.1171875
3 0.0203125 0.65390625 0.040625 0.1171875
4 0.0125 0.5203125 0.025 0.1125
5 0.01171875 0.38125 0.0234375 0.125
1 0.79453125 0.52734375 0.4109375 0.4171875