17 0.18046875 0.09609375 0.2578125 0.1921875
26 0.1546875 0.33828125 0.309375 0.3609375
25 0.1328125 0.22421875 0.265625 0.4484375
18 0.115625 0.36171875 0.23125 0.3140625
15 0.8288069469278063 0.3149284253191409 0.2880555938242157 0.3038233945717888
23 0.909375 0.0765625 0.18125 0.153125
14 0.77734375 0.1109375 0.3828125 0.221875
20 0.54296875 0.1109375 0.4390625 0.221875
29 0.39375 0.2125 0.16875 0.41875
35 0.6378843357652134 0.2698283648113652 0.4206349700477512 0.3957045279957129
19 0.528125 0.41015625 0.4375 0.2171875
1 0.20078125 0.640625 0.2171875 0.24375
1 0.246875 0.6703125 0.125 0.303125
8 0.1578125 0.62265625 0.303125 0.2078125
9 0.1546875 0.6015625 0.309375 0.165625
27 0.6546875 0.759375 0.690625 0.48125