27 0.25234375 0.22734375 0.19453125 0.11796875
24 0.83984375 0.27890625 0.1828125 0.1296875
17 0.6875 0.275 0.1921875 0.1421875
23 0.52734375 0.2859375 0.21875 0.12734375
26 0.8734375 0.44140625 0.18515625 0.14921875
18 0.7875 0.5375 0.2984375 0.15625
34 0.8859375 0.696875 0.1828125 0.16328125
33 0.65234375 0.6875 0.2359375 0.1703125
19 0.39765625 0.68359375 0.22109375 0.15625
29 0.1359375 0.6 0.2328125 0.1609375
35 0.39296875 0.52734375 0.2359375 0.14921875
15 0.5515625 0.4859375 0.1921875 0.1421875
14 0.40859375 0.36640625 0.271875 0.1421875
30 0.10234375 0.296875 0.2046875 0.12734375
20 0.24375 0.415625 0.21171875 0.14453125
25 0.69375 0.4 0.22578125 0.12734375