17 0.14765625 0.325 0.2296875 0.0875
23 0.096875 0.24453125 0.19375 0.2484375
18 0.36640625 0.29140625 0.1671875 0.1546875
33 0.4046875 0.2 0.090625 0.290625
19 0.3453125 0.05 0.209375 0.1
35 0.22890625 0.08203125 0.2578125 0.1640625
15 0.2691786295661737 0.18967766188041554 0.2303244551604493 0.23872719847574828
14 0.11328125 0.1296875 0.2265625 0.259375
25 0.2625 0.29609375 0.23125 0.1453125
23 0.740625 0.184375 0.51875 0.36875
9 0.225 0.65078125 0.45 0.5640625
14 1 0.36875 0.9130448484375 0.36875 0.5177547015624999 0.7537115812499999 0.6515218734375 1 0.8117380328125 1 0.72690316875 0.838562546875 0.7503777171875 0.8008256875 0.7916458875 0.7639861953125 0.915670384375 1 1 1 1 0.8802887343750001 0.8951427953125 0.6807495453125 0.9249512359375001 0.62210263125 0.9732062609375 0.58207725 0.9916528484375 0.6006987875 1 0.6165830921875 1 0.36875