17 0.18984375 0.1796875 0.3796875 0.259375
25 0.2796875 0.1546875 0.2 0.309375
34 0.68984375 0.1546875 0.6203125 0.309375
2 0.1078125 0.97890625 0.11875 0.0421875
1 0.0768148838182375 0.9362754059284871 0.11103283697334128 0.09747496369925486
3 0.059375 0.9171875 0.11875 0.1125
1 0.03515625 0.84609375 0.0703125 0.0921875
4 0.034375 0.825 0.06875 0.121875
1 0.0125 0.75546875 0.025 0.1046875
8 0.0125 0.3671875 0.025 0.09375
7 0.0359375 0.46015625 0.071875 0.0890625
7 0.1988671610698048 0.37475261952954614 0.09933006242753403 0.0880363311856975
6 0.07381871895541092 0.5551890323919204 0.11116038273097573 0.09903746369925467
6 0.24851608789142512 0.4664043092246958 0.1161029742462448 0.1021897347764936
5 0.13115260001939663 0.6453236738824681 0.10440019970043757 0.09275110226293641
5 0.3029162875918627 0.5588645199970843 0.09933006242753403 0.0880363311856975
4 0.18171032259865152 0.7385424087571575 0.10440019970043757 0.09275110226293641
4 0.34296875 0.65 0.0734375 0.0875
3 0.2307055451779064 0.8317520532727676 0.11116038273097573 0.09903746369925485
3 0.365625 0.74140625 0.028125 0.1015625
2 0.2911006533630749 0.9211236254814745 0.11103283697334128 0.09747496369925486
2 0.2985463626064102 0.9453741917382532 0.12117311151914852 0.10690450585373235
2 0.1905909860843523 0.761239565373016 0.10283769970043757 0.09274201190385653
2 0.13853453638391464 0.6687929901392468 0.11285042848861018 0.10060905405833438
2 0.08504313244111161 0.577899824546398 0.11792056576151388 0.1053238251355733
2 0.046875 0.48203125 0.09375 0.1015625
2 0.01953125 0.38828125 0.0390625 0.0953125
2 0.24876989002715533 0.8521600020431034 0.10778029121570665 0.09589428298109545
3 0.34375 0.6734375 0.071875 0.1
3 0.31414070107756337 0.5815753121515621 0.11623052000387943 0.1037522347764936
3 0.2628017284983086 0.4883520320973327 0.11792056576151388 0.10532382513557322
3 0.21074527879787103 0.39590545686356365 0.10609024545807202 0.09432269262201594
3 0.159375 0.32734375 0.10625 0.0359375
4 0.3515625 0.33515625 0.05625 0.0515625
35 0.68984375 0.6546875 0.6203125 0.690625