23 0.35859375 0.2390625 0.1015625 0.478125
17 0.26171875 0.1015625 0.2953125 0.203125
25 0.20078125 0.2453125 0.4015625 0.490625
15 0.209375 0.47109375 0.4 0.1171875
0 0.9515625 0.2203125 0.096875 0.40625
1 0.896875 0.13359375 0.20625 0.2671875
2 0.79453125 0.08828125 0.4109375 0.1765625
5 0.84921875 0.4328125 0.3015625 0.19375
6 0.7328125 0.3625 0.44375 0.334375
7 0.60390625 0.25234375 0.3890625 0.4296875
8 0.51796875 0.18203125 0.2171875 0.3640625
35 0.2046875 0.76484375 0.409375 0.4703125
18 0.6984375 0.75703125 0.578125 0.4546875