27 0.575 0.04609375 0.1875 0.0921875
24 0.13671875 0.36484375 0.2484375 0.1484375
17 0.2453125 0.30546875 0.259375 0.2671875
23 0.358792256793058 0.1600680960871154 0.2604018197775986 0.2692458574935408
14 0.38515625 0.07578125 0.3015625 0.1515625
26 0.0640625 0.3109375 0.128125 0.25625
18 0.0734375 0.19140625 0.146875 0.3671875
15 0.18203125 0.08046875 0.2484375 0.1609375
25 0.14248769971414904 0.22169241826319572 0.2604018197775986 0.26924585749354063
29 0.82109375 0.25625 0.3046875 0.365625
16 0.75546875 0.11484375 0.1734375 0.2296875
12 0.8609375 0.10078125 0.278125 0.2015625
32 0.334375 0.71953125 0.66875 0.5609375
3 0.93984375 0.57421875 0.1203125 0.2703125
4 0.89375 0.65859375 0.2125 0.2921875
5 0.8326414737607661 0.7376645650885917 0.31845242195451673 0.32441302128091626
6 0.7828125 0.80859375 0.228125 0.3328125
7 0.73671875 0.8515625 0.1359375 0.259375