27 0.0890625 0.18203125 0.178125 0.2734375
30 0.08046875 0.3375 0.1609375 0.203125
23 0.265625 0.06015625 0.28125 0.1203125
14 0.26640625 0.1453125 0.3140625 0.290625
20 0.2171875 0.27265625 0.384375 0.3328125
29 0.36171875 0.38359375 0.3578125 0.1109375
35 0.4279620898214803 0.24797069561850177 0.3085122949107403 0.3069222038861602
19 0.56484375 0.29453125 0.2890625 0.2890625
33 0.64609375 0.13046875 0.1265625 0.2609375
15 0.48671875 0.09765625 0.2609375 0.1953125
32 0.8546875 0.21953125 0.290625 0.4390625
18 0.3359375 0.71328125 0.671875 0.5484375
30 0.8546875 0.71953125 0.290625 0.5609375