27 0.35625 0.42734375 0.246875 0.2046875
30 0.18203125 0.3828125 0.3640625 0.29375
20 0.31640625 0.15234375 0.3265625 0.3046875
12 0.109375 0.146875 0.21875 0.29375
31 0.73984375 0.26484375 0.5203125 0.5296875
29 0.03984375 0.99609375 0.0078125 0.0078125
29 0.08283598508931922 0.9897395880808144 0.009829641066226812 0.015734088001272538
18 0.02734375 0.99765625 0.0046875 0.0046875
29 0.03046875 0.996875 0.0078125 0.00625
18 0.04453125 0.99453125 0.0078125 0.0109375
29 0.02578125 0.99765625 0.0046875 0.0046875
28 0.07183028892938523 0.9919560687459963 0.008130748746358663 0.011028406667727354
28 0.060088806876073875 0.9926009587444057 0.008130748746358663 0.011028406667727354
23 0.05301209276945116 0.9940816427434511 0.011255748746358662 0.011064769334818082
24 0.046875 0.99453125 0.009375 0.0109375
14 0.07736723508931923 0.9896759534134055 0.00813074874635884 0.011028406667727354
28 0.01953125 0.996875 0.0109375 0.00625
24 0.00703125 0.9984375 0.0109375 0.003125
23 0.01328125 0.99765625 0.0078125 0.0046875
30 0.03515625 0.99609375 0.0078125 0.0078125
21 0.1988390698081976 0.9512321660964046 0.004960284639736123 0.00942954400063627
27 0.12258044668865944 0.9667566214194506 0.012954641066226813 0.015770450668363623
21 0.2247339800747543 0.9476259080999044 0.006659176959604096 0.014135225334181812
15 0.25696981855455636 0.9409673754375861 0.009829641066226812 0.01573408800127272
13 0.28371417498104706 0.9350264581078587 0.008130748746358663 0.011028406667727354
11 0.4472143853267461 0.9025423167965849 0.012954641066226813 0.015770450668363623
13 0.31753524551416046 0.9276048567790858 0.012954641066226813 0.015770450668363623
18 0.34030515578071724 0.9239622361154947 0.006659176959604096 0.014135225334181812
18 0.39060067247376457 0.914387788788949 0.006659176959604096 0.014135225334181812
15 0.1744611954350182 0.9564191054264504 0.006659176959604096 0.014135225334181812
29 0.23263740828799967 0.9445918147676317 0.00813074874635884 0.011028406667727175
18 0.2719272288211131 0.9372338481062679 0.004960284639736123 0.00942954400063627
17 0.4173677609535666 0.9076656214592214 0.012954641066226813 0.015770450668363623
29 0.3355949237274059 0.9246889421148584 0.009829641066226812 0.015734088001272538
18 0.3717597442605193 0.9172946127864036 0.006659176959604096 0.014135225334181812
29 0.3874984045270759 0.9135701761218581 0.009829641066226812 0.015734088001272538
18 0.4739587417532368 0.8966013994668576 0.006659176959604096 0.014135225334181812
29 0.16187026722177283 0.9593986547580867 0.004960284639736123 0.00942954400063627
29 0.3694159942605193 0.9172673407860854 0.009829641066226812 0.01573408800127272
28 0.1643049454350182 0.9563009267584048 0.008130748746358663 0.011028406667727354
28 0.15644698132839546 0.9577725200906777 0.008130748746358663 0.011028406667727175
31 0.3521148339939625 0.9209735961170855 0.008130748746359018 0.011028406667727175
30 0.1422935531151502 0.9607338880887687 0.011255748746358662 0.011064769334818082
28 0.2200464800747543 0.9475713640992682 0.008130748746358663 0.011028406667727354
27 0.24364310444793363 0.9423753341024499 0.004960284639735945 0.00942954400063627
27 0.2665039429277357 0.9356077134388588 0.008130748746358663 0.011028406667727354
23 0.3458193698873398 0.9224633707829037 0.011255748746359017 0.011064769334818082
28 0.36318872631383065 0.9164133654519035 0.008130748746359018 0.011028406667727354
27 0.17682767748832956 0.9556651274267685 0.004960284639736123 0.00942954400063627
14 0.29079088908766976 0.9335457741088131 0.01125574874635884 0.011064769334818082
23 0.33010344167409456 0.9254065574474494 0.008130748746358663 0.011028406667727354
10 0.38356942247376474 0.9143059727879944 0.008130748746359018 0.011028406667727354
10 0.42370868916681204 0.9046133467934032 0.01130121285298138 0.012627269334818081
31 0.43230243916681205 0.9047133441279032 0.01130121285298138 0.012627269334818081
14 0.4377939212201234 0.9039957287953122 0.01130121285298138 0.012627269334818081
14 0.12972535695521614 0.9629321874204051 0.01125574874635884 0.011064769334818082
22 0.19095837364826362 0.9534850094286774 0.011255748746358662 0.011064769334818082
14 0.20354930186150888 0.9505054600970411 0.011255748746358662 0.011064769334818082
28 0.24842153266117908 0.9393048781030862 0.011255748746358662 0.011064769334818082
24 0.2617937108744243 0.9363344194382226 0.011255748746358662 0.011064769334818082
14 0.3034500134608491 0.9282224747771768 0.011255748746358662 0.011064769334818082
23 0.3104585314075378 0.9290855407781311 0.01125574874635884 0.011064769334818082
14 0.3223136737274057 0.9245344007797222 0.011255748746359017 0.011064769334818082
28 0.4079927609535666 0.9075565334579488 0.011301212852981735 0.012627269334818081
23 0.46773147380654817 0.8957474241326757 0.01130121285298138 0.012627269334818081
14 0.14858901722177284 0.9592441134229505 0.01125574874635884 0.011064769334818082
10 0.22790444418137704 0.9460997707669954 0.008130748746358663 0.011028406667727354
24 0.23812889034131093 0.9438741994350408 0.011255748746358662 0.011064769334818082
14 0.35689326220720796 0.917903140117722 0.011255748746358662 0.011064769334818082
23 0.4016972968469439 0.9090463081237671 0.011255748746359017 0.011064769334818082
14 0.4535780455933027 0.8987087921307667 0.01130121285298138 0.012627269334818081
14 0.4606547596999254 0.8972281081317213 0.01130121285298138 0.012627269334818081
24 0.39698706479363255 0.9097730141231306 0.011255748746359017 0.011064769334818082
24 0.18160610570157498 0.9525946714274047 0.008130748746358663 0.011028406667727354
23 0.27907213908766976 0.9334094141072224 0.01125574874635884 0.011064769334818082
26 0.13526230311515014 0.9606520720878141 0.012954641066226813 0.015770450668363623
16 0.21069421212806566 0.9466810260979954 0.012954641066226813 0.015770450668363623
25 0.29715454935422647 0.9297122494429949 0.01125574874635884 0.011064769334818082
16 0.3773421545270759 0.9134519974538126 0.012954641066226813 0.015770450668363623
16 0.47578125 0.890625 0.0078125 0.015625
18 0.13962319418137703 0.9450725254216777 0.006659176959604096 0.014135225334181812
18 0.14904365828799965 0.9436191134229504 0.006704641066226813 0.01569772533418181
13 0.12546976596813159 0.9480338934197687 0.012954641066226813 0.015770450668363623
29 0.1569016223946223 0.9421475200906777 0.006659176959604096 0.014135225334181812
18 0.17498403266117907 0.9384503554264503 0.006659176959604096 0.014135225334181812
29 0.17105505060786771 0.9391861520925866 0.006704641066226813 0.01569772533418181
23 0.14359764034131092 0.9427742287555414 0.008130748746358663 0.011028406667727175
27 0.1608988006078677 0.9390679734245413 0.004960284639736123 0.00942954400063627
10 0.16560903266117907 0.9383412674251776 0.008130748746358663 0.011028406667727175
10 0.1184385159681316 0.9479520774188142 0.011255748746358662 0.011064769334818082
22 0.13259194418137704 0.9449907094207234 0.011255748746358662 0.011064769334818082
28 0.15223685444793364 0.9413117260900414 0.011255748746358662 0.011064769334818082
24 0.17895847882111307 0.9361520587603138 0.00813074874635884 0.011028406667727354
23 0.1852539429277357 0.9346622840944956 0.011255748746358662 0.011064769334818082
18 0.015981105701574894 0.9506674500715876 0.004960284639736123 0.00942954400063627
18 0.007319159541640907 0.9529112027370876 0.004960284639736123 0.00942954400063627
28 0.009731105701574982 0.9505947247374058 0.008130748746358663 0.011028406667727354
28 0.033282265968131594 0.9469611947405875 0.011255748746358662 0.011064769334818082
24 0.01917430186150888 0.9483600627386786 0.008130748746358663 0.011028406667727175
23 0.0262510159681316 0.9468793787396329 0.011255748746358662 0.011064769334818082
31 0.003125 0.95078125 0.00625 0.0109375
21 0.32702991745919974 0.8698832634468129 0.006659176959604096 0.014135225334181812
18 0.2146292058598595 0.8920207980983136 0.004960284639735945 0.00942954400063627
18 0.296379311032709 0.8757787274426768 0.004960284639736123 0.00942954400063627
18 0.37105270209893587 0.8610173407860854 0.006704641066226813 0.01569772533418181
11 0.41036525468536045 0.8528781241247214 0.012954641066226813 0.015770450668363623
17 0.15252401095356669 0.9045838854232686 0.00813074874635884 0.011028406667727354
29 0.35297029183237905 0.8647145054503127 0.006659176959604096 0.014135225334181812
18 0.3561180238856904 0.8639696181174037 0.004960284639735945 0.00942954400063627
18 0.36163223799231314 0.8624707527848127 0.006659176959604096 0.014135225334181812
29 0.44887382521847385 0.8455110667965849 0.006659176959604452 0.014135225334181812
29 0.13524558274032134 0.9075088907542688 0.008130748746358663 0.011028406667727354
29 0.14937627890025534 0.9053287727561777 0.004960284639736123 0.00942954400063627
29 0.22326841996648214 0.8905582954328135 0.00813074874635884 0.011028406667727354
29 0.23978833023303886 0.8868429494350408 0.009829641066226812 0.01573408800127272
17 0.4551692893250966 0.8440212921307667 0.008130748746359018 0.011028406667727354
25 0.475 0.83828125 0.009375 0.0109375
18 0.18083086738005746 0.8986611494270866 0.004960284639735945 0.00942954400063627
13 0.2617997225529069 0.882409988104677 0.009829641066226812 0.01573408800127272
29 0.2940128289793976 0.8765327054423586 0.006659176959604096 0.014135225334181812
11 0.3215384354058884 0.8706008787794038 0.012954641066226813 0.015770450668363623
13 0.11243020836714201 0.9127140114178598 0.011255748746358662 0.011064769334818082
10 0.31524297129926565 0.8720906534452222 0.011255748746358662 0.011064769334818082
21 0.42215220084529453 0.8506707341263123 0.006659176959604096 0.014135225334181812
18 0.4245186828986059 0.8499167561266304 0.006704641066226813 0.01569772533418181
29 0.4669562354850306 0.8418139021323576 0.004960284639735945 0.00942954400063627
10 0.478125 0.83671875 0.003125 0.0109375
12 0.19027406353999138 0.8964264874283593 0.008130748746358663 0.011028406667727354
29 0.3679049700456245 0.8617622281189945 0.006659176959604096 0.014135225334181812
32 0.3930868264721152 0.8558031294557218 0.011255748746358662 0.011064769334818082
28 0.21777693791317088 0.8912759107654045 0.011255748746358662 0.011064769334818082
23 0.25474574049959553 0.8831094221037226 0.01125574874635884 0.011064769334818082
30 0.2767571328194636 0.8786764607733588 0.011255748746358662 0.011064769334818082
14 0.15884220711350067 0.9023128607574504 0.011255748746358662 0.011064769334818082
28 0.1659189212201234 0.9008321767584049 0.011255748746358662 0.011064769334818082
23 0.2028649917532368 0.8934469380967229 0.011255748746358662 0.011064769334818082
28 0.20994170585985952 0.8919662540976774 0.008130748746358663 0.011028406667727175
24 0.30269750719264293 0.8735077027768586 0.011255748746358662 0.011064769334818082
14 0.4300328970052286 0.8484178907940396 0.011255748746358662 0.011064769334818082
14 0.4418198431651625 0.8462105007956303 0.011255748746359017 0.011064769334818082
23 0.18556383148668001 0.897153193427723 0.011255748746358662 0.011064769334818082
24 0.19735077764661407 0.8949458034293137 0.011255748746358662 0.011064769334818082
23 0.2335155981797275 0.887551474100859 0.011255748746358662 0.011064769334818082
10 0.24845027639297285 0.8845991967695408 0.009829641066226812 0.01573408800127272
14 0.33178561361913383 0.8675940574474493 0.011255748746359017 0.011064769334818082
14 0.41902720084529455 0.8506343714592216 0.011255748746358662 0.011064769334818082
10 0.46148748548503066 0.8417502674649485 0.008130748746358663 0.011028406667727354
30 0.11952965452707591 0.9104520774188142 0.011255748746358662 0.011064769334818082
14 0.17219165327343475 0.9001236520925866 0.011255748746358662 0.011064769334818082
14 0.2838338469260863 0.8771957767743132 0.011255748746358662 0.011064769334818082
23 0.3081889892459543 0.8727900874442677 0.011255748746358662 0.011064769334818082
10 0.3412060777257565 0.866140645448722 0.011255748746359017 0.011064769334818082
12 0.34672029183237907 0.8646417801161309 0.011255748746358662 0.011064769334818082
31 0.43632836111185114 0.8469281161282215 0.011255748746359017 0.011064769334818082
24 0.13919729684694407 0.9059918440881323 0.011255748746358662 0.011064769334818082
14 0.22802411612641613 0.88826908943345 0.011255748746358662 0.011064769334818082
28 0.2901065789793977 0.876487252108495 0.011255748746358662 0.011064769334818082
14 0.3734419162055584 0.8594821127864035 0.011255748746359017 0.011064769334818082
28 0.38051863031218114 0.8580014287873581 0.008130748746358663 0.011028406667727354
14 0.4009447905787379 0.8543315361234489 0.011301212852981735 0.012627269334818081
31 0.35928848799231294 0.8624434807844945 0.008130748746359018 0.011028406667727354
14 0.12582511863369863 0.908962302752996 0.011255748746358662 0.011064769334818082
26 0.2704616687128409 0.8801662354391769 0.011255748746358662 0.011064769334818082
11 0.3078851123654925 0.8563747467774949 0.008130748746358663 0.011028406667727354
17 0.20492759692608634 0.8762776194302683 0.00987510517284953 0.01729658800127254
18 0.28038223799231304 0.8615253234404496 0.006704641066226813 0.01569772533418181
15 0.2843112200456245 0.8607895267743132 0.008130748746358663 0.011028406667727354
28 0.34404993289860586 0.8489804174490402 0.012954641066226813 0.015770450668363623
28 0.41164660985821 0.8356997147914942 0.012954641066226813 0.015770450668363623
13 0.1734730084462842 0.8829452427593594 0.012954641066226813 0.015770450668363623
11 0.23479695335257703 0.8703730647676317 0.012954641066226813 0.015770450668363623
29 0.2780157559390018 0.8622793014401313 0.006659176959604096 0.014135225334181812
29 0.3731380393250966 0.8430667721196308 0.009829641066226812 0.01573408800127272
21 0.13023147380654815 0.8918202560868597 0.004960284639735945 0.00942954400063627
17 0.15146161612641612 0.8873782040897231 0.012954641066226813 0.015770450668363623
21 0.1711065263929729 0.8836992207590413 0.006659176959604096 0.014135225334181812
29 0.1325979558598595 0.8910662780871779 0.004960284639735945 0.00942954400063627
29 0.4187233239648327 0.8342190307924489 0.004960284639735945 0.00942954400063627
13 0.29924589825886977 0.8578372494429949 0.01300010517284953 0.01733295066836362
15 0.40222614575158727 0.8371531267902217 0.009829641066226812 0.01573408800127272
29 0.4266040201247666 0.831966187460176 0.004960284639736301 0.00942954400063627
29 0.19631111487277497 0.8769588720957684 0.009829641066226812 0.015734088001272538
30 0.3307459508452945 0.8496071261139038 0.011255748746358662 0.011064769334818082
30 0.12400420585985952 0.8909662807526779 0.011255748746358662 0.011064769334818082
31 0.21754125719264295 0.8725168200986317 0.011255748746358662 0.011064769334818082
24 0.323669236738672 0.8510878101129494 0.011255748746359017 0.011064769334818082
27 0.10748429559330272 0.8946816267504507 0.008130748746358663 0.011028406667727354
28 0.1177087417532368 0.892456055418496 0.008130748746358663 0.011028406667727175
28 0.1373536520197934 0.8887770720878141 0.008130748746358663 0.011028406667727354
30 0.1648792584462843 0.8828452454248594 0.011255748746358662 0.011064769334818082
27 0.3354561828986059 0.8488804201145402 0.008130748746358663 0.011028406667727175
28 0.14601559817972748 0.8865333194223141 0.011255748746358662 0.011064769334818082
24 0.15936504433966156 0.8843441107574505 0.008130748746358663 0.011028406667727354
23 0.1853054187128409 0.8791753527609503 0.011255748746358662 0.011064769334818082
24 0.19081963281946362 0.8776764874283594 0.011255748746358662 0.011064769334818082
14 0.23877139951251108 0.8680747681014953 0.011255748746358662 0.011064769334818082
23 0.25292482772575636 0.8651134001034043 0.011255748746358662 0.011064769334818082
12 0.26312654183237905 0.8636690787714498 0.01125574874635884 0.011064769334818082
14 0.26785950593900176 0.862161122772086 0.008130748746358663 0.011028406667727175
27 0.27335098799231317 0.861443507439495 0.004960284639735945 0.00942954400063627
27 0.36295905727178523 0.8437298434515854 0.008130748746359018 0.011028406667727175
14 0.3684732713784079 0.8422309781189945 0.008130748746358663 0.011028406667727354
27 0.0015625 0.91484375 0.003125 0.0109375
14 0.11221725969992544 0.893173670751087 0.011255748746358662 0.011064769334818082
14 0.3527573431651625 0.8451741647835401 0.011255748746359017 0.011064769334818082
12 0.35746757521847383 0.8444474587841764 0.011255748746359017 0.011064769334818082
24 0.3983426278048988 0.836326423456358 0.011301212852981735 0.012627269334818081
10 0.21124579308602023 0.8740065947644501 0.011255748746358662 0.011064769334818082
14 0.22383672129926566 0.8710270454328135 0.01125574874635884 0.011064769334818082
14 0.24584811361913364 0.8665940841024499 0.011255748746358662 0.011064769334818082
14 0.29065214825886976 0.8577372521084949 0.008130748746358663 0.011028406667727354
10 0.3771124854850306 0.8407684754534944 0.011255748746358662 0.011064769334818082
27 0.3841891995916534 0.839287791454449 0.004960284639736301 0.00942954400063627
14 0.4329222162847007 0.8296951627943578 0.011255748746359017 0.011064769334818082
10 0.4211807342313893 0.8303400527927669 0.008130748746359018 0.011028406667727354
28 0.0045722442605192985 0.913021999403224 0.008130748746358663 0.011028406667727354
34 0.31427150468536047 0.8517599721116766 0.012954641066226813 0.015770450668363623
34 0.3873823957515873 0.83698040412154 0.009829641066226812 0.01573408800127272
18 0.0333337417532368 0.8914742634070422 0.004960284639736123 0.00942954400063627
18 0.024671795593302726 0.8937180160725422 0.004960284639735945 0.00942954400063627
13 0.003125 0.8953125 0.00625 0.015625
21 0.0263024917532368 0.8913924474060876 0.004960284639736123 0.00942954400063627
10 0.020007027646614085 0.8928822220719057 0.008130748746358663 0.011028406667727354
23 0.03730818791317088 0.8891759667409056 0.008130748746358663 0.011028406667727354
22 0.011367813539991367 0.8943447247374058 0.011255748746358662 0.011064769334818082
22 0.10306122004562442 0.8586804920830418 0.012954641066226813 0.015770450668363623
28 0.4339906227903338 0.7929764127943578 0.012954641066226813 0.015770450668363623
15 0.2005272534317193 0.8394952347628593 0.006704641066226813 0.01569772533418181
17 0.3192234291376822 0.8158679254455403 0.011255748746358662 0.011064769334818082
17 0.36561269583072953 0.8062480247851308 0.009829641066226812 0.01573408800127272
28 0.4190559445770884 0.795928690125676 0.012954641066226813 0.015770450668363623
15 0.3349166252976161 0.8137059887809948 0.009829641066226458 0.015734088001272538
30 0.40963548047046566 0.7973821021244033 0.012954641066226813 0.015770450668363623
11 0.12978284441880383 0.8535208247533141 0.012954641066226813 0.015770450668363623
29 0.31451319708437087 0.816594631444904 0.008130748746358663 0.011028406667727354
29 0.35145926761748425 0.809209392783222 0.006659176959604096 0.014135225334181812
20 0.19266928932509658 0.8409668280951319 0.012954641066226813 0.015770450668363623
29 0.2516267521780781 0.8291486281030862 0.008130748746358663 0.011028406667727175
18 0.2563369842313894 0.8284219221037226 0.009829641066226812 0.01573408800127272
17 0.39155307020390906 0.8010792667886306 0.012954641066226813 0.015770450668363623
18 0.2862063406578801 0.822517367441086 0.006704641066226813 0.01569772533418181
29 0.3773996419906636 0.8040406347867218 0.008130748746358663 0.011028406667727175
24 0.2312233239648327 0.8320372707669954 0.01125574874635884 0.011064769334818082
29 0.3852576060972863 0.8025690414544491 0.008176212852981379 0.012590906667727353
10 0.17931984316516258 0.8431560367599957 0.01125574874635884 0.011064769334818082
31 0.2925245368178141 0.8202463427752678 0.008130748746358663 0.011028406667727354
29 0.36090246377741836 0.8069747307844946 0.004960284639736301 0.00942954400063627
28 0.1471067367386718 0.8490333194223141 0.011255748746358662 0.011064769334818082
14 0.1706578970052286 0.8453997894254958 0.011255748746358662 0.011064769334818082
10 0.37190815993735243 0.8047582501193127 0.011255748746359017 0.011064769334818082
27 0.4536809971635131 0.7877349294636758 0.008130748746358663 0.011028406667727175
22 0.12036238031218112 0.8549742367520416 0.011255748746358662 0.011064769334818082
27 0.1415925226320492 0.850532184754905 0.00813074874635884 0.011028406667727354
32 0.16047891495191724 0.8460628607574504 0.011255748746358662 0.011064769334818082
28 0.18639655727178522 0.8416753527609503 0.008130748746358663 0.011028406667727354
24 0.20684544959165335 0.8372242100970411 0.011255748746358662 0.011064769334818082
27 0.23830003807145542 0.83055658676795 0.004960284639735945 0.00942954400063627
22 0.26343643039132336 0.8261599881046771 0.011255748746358662 0.011064769334818082
14 0.27209837655125746 0.8239162354391769 0.011255748746358662 0.011064769334818082
14 0.2988200009244368 0.8187565681094495 0.011255748746358662 0.011064769334818082
23 0.3051154650310595 0.8172667934436312 0.01125574874635884 0.011064769334818082
10 0.34047630351086156 0.8106446234484037 0.011255748746358662 0.011064769334818082
12 0.3467717676174843 0.8091548487825856 0.011255748746358662 0.011064769334818082
30 0.4426753010035792 0.7899514101288577 0.011255748746359017 0.011064769334818082
14 0.4599537292168245 0.7870264047978577 0.011255748746358662 0.011064769334818082
22 0.467811693323447 0.7855548114655848 0.011255748746359017 0.011064769334818082
14 0.1109419162055584 0.8564276487507689 0.011255748746358662 0.011064769334818082
14 0.1361010405787379 0.851249800087496 0.011255748746358662 0.011064769334818082
27 0.21233693164496473 0.8365065947644501 0.008130748746358663 0.011028406667727354
22 0.22256137780489862 0.8342810234324954 0.011255748746358662 0.011064769334818082
14 0.3271041252976161 0.8136150821132675 0.011255748746359017 0.011064769334818082
14 0.39706728431053157 0.7995804014560398 0.011255748746359017 0.011064769334818082
14 0.475 0.78203125 0.009375 0.0109375
14 0.24379152012476676 0.829838971435359 0.008130748746358663 0.011028406667727354
16 0.2815643047645028 0.8209003234404497 0.012954641066226813 0.015770450668363623
25 0.4489934971635131 0.7876803854630395 0.012954641066226813 0.015770450668363623
17 0.09963234316516259 0.8422287887491781 0.012954641066226813 0.015770450668363623
13 0.013953255939001786 0.8592066560709514 0.012954641066226813 0.015770450668363623
29 0.12637669959165337 0.8362878714194505 0.011255748746358662 0.011064769334818082
29 0.020248720045624502 0.857716881405133 0.008130748746358663 0.011028406667727175
17 0.2608115355641729 0.8089361254375861 0.00813074874635884 0.011028406667727175
13 0.3236752484171543 0.7971633787794039 0.011255748746359017 0.011064769334818082
32 0.35986280100357904 0.7889877994509491 0.01768760517284953 0.017387494668999894
29 0.0015625 0.8609375 0.003125 0.009375
11 0.1877006444979461 0.8237156934277229 0.012954641066226813 0.015770450668363623
20 0.21520351887112543 0.8185651167647683 0.008130748746358663 0.011028406667727354
18 0.24192514324430486 0.8134054494350409 0.004960284639736123 0.00942954400063627
18 0.30010135609728633 0.8015781587762223 0.006704641066226813 0.01569772533418181
29 0.39993387153669246 0.781638923456358 0.006659176959604096 0.014135225334181812
17 0.40698785359000383 0.7809394894573124 0.011255748746358662 0.011064769334818082
29 0.41879753180324925 0.7779508494589032 0.009829641066226812 0.015734088001272538
13 0.45101063822973997 0.7720735667965849 0.012954641066226813 0.015770450668363623
24 0.024981684152247042 0.8562089254057694 0.008130748746358663 0.011028406667727354
20 0.39205317537675854 0.7838917667886307 0.012954641066226813 0.015770450668363623
21 0.46284304849629654 0.7683036767981758 0.008130748746359018 0.011028406667727175
14 0.005336773885690427 0.8598879087364514 0.008130748746358663 0.011028406667727354
27 0.23493935735092747 0.8117611334340863 0.011255748746358662 0.011064769334818082
29 0.2561013035108616 0.8096628314369498 0.008130748746358663 0.011028406667727354
24 0.20348476887112543 0.8184287567631774 0.011255748746358662 0.011064769334818082
30 0.4408316561764286 0.7727366381285395 0.011255748746358662 0.011064769334818082
28 0.17283416244463473 0.8243242207590413 0.008130748746358663 0.011028406667727175
12 0.20978023297774814 0.8169389820973592 0.008130748746358663 0.011028406667727354
12 0.2781808919906636 0.802886120106586 0.011255748746358662 0.011064769334818082
28 0.34341108689695654 0.790359395448722 0.008130748746359018 0.011028406667727175
10 0.3772094253767584 0.7837190441199491 0.011255748746359017 0.011064769334818082
28 0.3842861394833811 0.7822383601209035 0.009829641066226812 0.015734088001272538
10 0.413374245909872 0.7763247147914942 0.008130748746359018 0.011028406667727354
12 0.478125 0.76171875 0.003125 0.0109375
27 0.11780568164496472 0.8354066240849507 0.008130748746358663 0.011028406667727354
24 0.1948455547645028 0.8198912594286775 0.01125574874635884 0.011064769334818082
31 0.22078592913768222 0.8147225014321773 0.011255748746358662 0.011064769334818082
23 0.24672630351086156 0.8095537434356771 0.011255748746358662 0.011064769334818082
22 0.29389682020390906 0.7999429334420405 0.011255748746358662 0.011064769334818082
24 0.4322379061764286 0.7726366407940396 0.011255748746358662 0.011064769334818082
14 0.10523748548503065 0.8376049234165871 0.011255748746358662 0.011064769334818082
22 0.14689378807145542 0.8294929787555414 0.011255748746358662 0.011064769334818082
24 0.2868201060972863 0.8014236174410859 0.01125574874635884 0.011064769334818082
23 0.30646501636384305 0.797744634110404 0.01125574874635884 0.011064769334818082
14 0.36778896127013566 0.7851724561186764 0.011255748746359017 0.011064769334818082
10 0.466840226709542 0.7652241301320394 0.011255748746358662 0.011064769334818082
27 0.13274035985820998 0.8324543467536323 0.004960284639735945 0.00942954400063627
30 0.1390358239648327 0.830964572087814 0.01125574874635884 0.011064769334818082
10 0.33006164073702243 0.7925486041135856 0.011255748746359017 0.011064769334818082
14 0.4589595305496079 0.7674769734643121 0.011255748746359017 0.011064769334818082
31 0.16734268039132338 0.8250418360916321 0.011255748746358662 0.011064769334818082
14 0.2687376958307296 0.8051207821053132 0.01125574874635884 0.011064769334818082
34 0.42596517412311724 0.7733451654598579 0.009829641066226812 0.015734088001272538
10 0.11231419959165337 0.8361242394175417 0.011255748746358662 0.011064769334818082
25 0.15557846628470068 0.8264679760900414 0.011255748746358662 0.011064769334818082
10 0.22786264324430486 0.8132418174331317 0.012954641066226813 0.015770450668363623
34 0.3379423368969565 0.7902957607813128 0.011255748746359017 0.011064769334818082
16 0.314345712523777 0.7954917907781313 0.012954641066226813 0.015770450668363623
34 0.4734375 0.76171875 0.0125 0.0171875
14 0.13082851887112543 0.8175833247533142 0.011255748746358662 0.011064769334818082
15 0.10174041244463475 0.8234969700827234 0.004960284639736123 0.00942954400063627
12 0.18429449967079564 0.8064827400938593 0.012954641066226813 0.015770450668363623
21 0.20079167788404098 0.8035486440960865 0.004960284639736123 0.00942954400063627
13 0.2771184971635131 0.7856804387730406 0.012954641066226813 0.015770450668363623
18 0.475 0.7484375 0.009375 0.015625
17 0.11359555476450281 0.8189458300843142 0.01125574874635884 0.011064769334818082
21 0.13634273297774815 0.8160844594207234 0.006659176959604096 0.014135225334181812
21 0.19771214199066361 0.8019497814289955 0.004960284639735945 0.00942954400063627
29 0.45077495750921204 0.7533144761298122 0.004960284639736301 0.00942954400063627
18 0.45470393956252336 0.7525786794636758 0.009829641066226812 0.01573408800127272
29 0.15283991119099358 0.8131503634229503 0.006659176959604096 0.014135225334181812
21 0.17563255351086154 0.8087264927593594 0.004960284639736123 0.00942954400063627
21 0.2527406227903338 0.7908673781030862 0.006659176959604096 0.014135225334181812
29 0.10654157271119154 0.8196452640833598 0.008130748746358663 0.011028406667727354
21 0.24959289073702245 0.7916122654359953 0.006659176959604096 0.014135225334181812
21 0.43276074340258947 0.7546678907940396 0.006659176959604096 0.014135225334181812
29 0.22836274841715437 0.7960543174331318 0.009829641066226812 0.01573408800127272
27 0.3077691035900038 0.7797849747771768 0.008130748746358663 0.011028406667727175
32 0.26611280100357904 0.7878969194382225 0.011255748746358662 0.011064769334818082
24 0.3124793356433152 0.779058268777813 0.011255748746358662 0.011064769334818082
10 0.3494254061764286 0.771673030116131 0.011255748746358662 0.011064769334818082
32 0.3682890664429852 0.7679849561186763 0.011255748746359017 0.011064769334818082
12 0.4445476895625234 0.7524605007956304 0.011255748746359017 0.011064769334818082
23 0.46655908188239154 0.7480275394652667 0.011255748746358662 0.011064769334818082
12 0.1497603752976162 0.8115515007558596 0.00813074874635884 0.011028406667727354
10 0.2433201586837111 0.7923207901018134 0.008130748746358663 0.011028406667727354
12 0.3203372997499379 0.7775866754455403 0.011255748746358662 0.011064769334818082
28 0.33449072796318335 0.7746253074474494 0.011255748746359017 0.011064769334818082
28 0.3565021202830513 0.7701923461170855 0.011255748746358662 0.011064769334818082
24 0.45870111777576883 0.7494991327975394 0.008130748746358663 0.011028406667727175
23 0.4765625 0.74453125 0.00625 0.0109375
24 0.09553587655125746 0.8218617447485418 0.011255748746358662 0.011064769334818082
30 0.3926896728694761 0.7620167667886307 0.011255748746359017 0.011064769334818082
27 0.39896240492278745 0.7613082421228125 0.008130748746359018 0.011028406667727354
28 0.4052351369760988 0.7605997174569943 0.012954641066226813 0.015770450668363623
14 0.14112116119099358 0.8130140034213597 0.011255748746358662 0.011064769334818082
27 0.1662802855641729 0.8078361547580867 0.00813074874635884 0.011028406667727175
14 0.20637408815059768 0.7997060287634955 0.011255748746358662 0.011064769334818082
14 0.22050478431053175 0.7975259107654045 0.011255748746358662 0.011064769334818082
24 0.25745085484364516 0.7901406721037225 0.011255748746358662 0.011064769334818082
14 0.3753657805496079 0.7665042721196309 0.011255748746359017 0.011064769334818082
30 0.4123118510827215 0.7591190334579488 0.011255748746359017 0.011064769334818082
14 0.42805051134927813 0.7553945967934033 0.011255748746358662 0.011064769334818082
14 0.43903347545590066 0.7539593661282213 0.011255748746359017 0.011064769334818082
14 0.11991375092443679 0.816674805418496 0.011255748746358662 0.011064769334818082
24 0.1914621419906636 0.8018770560948137 0.011255748746358662 0.011064769334818082
30 0.2857804433234472 0.7834366861075405 0.011255748746358662 0.011064769334818082
14 0.29205317537675857 0.7827281614417223 0.011255748746358662 0.011064769334818082
14 0.3274140138565606 0.7761059914464947 0.011255748746359017 0.011064769334818082
28 0.34002767412311724 0.7723451921148584 0.012954641066226813 0.015770450668363623
24 0.1584223214575502 0.8093077480903595 0.011255748746358662 0.011064769334818082
10 0.16942801761748427 0.8070912674251776 0.008130748746358663 0.011028406667727175
24 0.23389969457708837 0.7937742021005408 0.011255748746358662 0.011064769334818082
25 0.30230035359000385 0.7797213401097677 0.009829641066226812 0.015734088001272538
14 0.41938856518934403 0.7576383494589033 0.011255748746358662 0.011064769334818082
16 0.2134508022572203 0.7982253447644501 0.012954641066226813 0.015770450668363623
25 0.38639420876285335 0.7635065414544491 0.012954641066226813 0.015770450668363623
12 0.1156808919906636 0.8009952614178598 0.01300010517284953 0.01733295066836362
21 0.18644803305689042 0.7861884214274047 0.006659176959604096 0.014135225334181812
17 0.19586849716351312 0.7847350094286775 0.00987510517284953 0.017296588001272716
22 0.1416439984171543 0.7950452534213597 0.011255748746358662 0.011064769334818082
29 0.18879178305689043 0.7862156934277229 0.006659176959604096 0.014135225334181812
22 0.13144228431053176 0.7964895747533142 0.011255748746358662 0.011064769334818082
23 0.15735992663039972 0.7921020667568139 0.01125574874635884 0.011064769334818082
24 0.09291098172410699 0.8046378820814507 0.011255748746358662 0.011064769334818082
24 0.15108719457708836 0.7928105914226322 0.011255748746358662 0.011064769334818082
32 0.1660218727903338 0.7898583140913139 0.011255748746358662 0.011064769334818082
30 0.09842519583072962 0.8031390167488599 0.01125574874635884 0.011064769334818082
27 0.10550190993735224 0.8016583327498144 0.008130748746358663 0.011028406667727354
24 0.12278033815059768 0.7987333274188142 0.011255748746358662 0.011064769334818082
10 0.18093381895026778 0.7876872867599957 0.012954641066226813 0.015770450668363623
14 0.17385710484364517 0.7891679707590412 0.011255748746358662 0.011064769334818082
13 0.030198033056890415 0.7843702880728604 0.01300010517284953 0.01733295066836362
29 0.0015625 0.78984375 0.003125 0.0109375
14 0.023166783056890416 0.7842884720719058 0.011255748746358662 0.011064769334818082
25 0.016158265110201776 0.7834254060709513 0.012954641066226813 0.015770450668363623
24 0.005084372790333802 0.7879856367361332 0.008130748746358663 0.011028406667727175
31 0.08683447796318325 0.7717435660804963 0.01300010517284953 0.01733295066836362
25 0.009081551003579148 0.7849060900699968 0.009829641066226812 0.01573408800127272
29 0.14818115492278744 0.7583901380887687 0.006659176959604096 0.014135225334181812
15 0.15052490492278733 0.7584174100890868 0.006704641066226813 0.01569772533418181
21 0.15996810108272141 0.7561827480903596 0.006659176959604096 0.014135225334181812
21 0.1623345831360327 0.7554287700906777 0.006659176959604096 0.014135225334181812
14 0.09397938822973995 0.7679191320814508 0.01125574874635884 0.011064769334818082
27 0.09949360233636266 0.7664202667488599 0.004960284639735945 0.00942954400063627
27 0.11049929849629665 0.764203786083678 0.00813074874635884 0.011028406667727175
12 0.14193115492278743 0.7583174127545869 0.011255748746358662 0.011064769334818082
30 0.15530333313603267 0.7553469540897231 0.008130748746358663 0.011028406667727354
14 0.11599078054960792 0.763486170751087 0.011255748746358662 0.011064769334818082
28 0.12384874465623064 0.7620145774188142 0.008130748746358663 0.011028406667727354
14 0.13563569081616472 0.7598071874204051 0.011255748746358662 0.011064769334818082
34 0.10346804849629665 0.7641219700827234 0.00813074874635884 0.011028406667727354
34 0.1647919934025895 0.7515497920909958 0.009829641066226812 0.015734088001272538
25 0.12784592286947608 0.7589350307526779 0.012954641066226813 0.015770450668363623
10 0.16688334230723276 0.6796747920909958 0.012954641066226813 0.015770450668363623
11 0.09770143329431731 0.6937185634149963 0.012954641066226813 0.015770450668363623
17 0.14250546793405333 0.6848617314210415 0.012954641066226813 0.015770450668363623
25 0.15900264614729878 0.6819276354232686 0.012954641066226813 0.015770450668363623
22 0.07410480892113788 0.6989145934118145 0.012954641066226813 0.015770450668363623
28 0.17786630641385548 0.6782395614258139 0.012954641066226813 0.015770450668363623
15 0.12993727177411935 0.6870600307526779 0.006704641066226813 0.01569772533418181
29 0.13542875382743072 0.6863424154200869 0.006659176959604096 0.014135225334181812
23 0.19047996668041217 0.6744787620941775 0.011255748746358662 0.011064769334818082
29 0.20224418078703482 0.6730526220957683 0.009829641066226812 0.015734088001272538
22 0.09062471918769469 0.6951992474140417 0.011255748746358662 0.011064769334818082
28 0.11502532561418537 0.6892310580839961 0.008130748746358663 0.011028406667727175
14 0.20934362694696879 0.6707906880967228 0.011255748746358662 0.011064769334818082
14 0.10399689740093994 0.692228788749178 0.011255748746358662 0.011064769334818082
24 0.1252270397208081 0.6877867367520415 0.008130748746358663 0.011028406667727175
14 0.18418450257378946 0.6759685367599957 0.01125574874635884 0.011064769334818082
10 0.1983379307870349 0.6730071687619047 0.008130748746358663 0.011028406667727354
14 0.08278948713438332 0.6958895907463145 0.011255748746358662 0.011064769334818082
14 0.14882366409398742 0.6825907067552233 0.011255748746358662 0.011064769334818082
27 0.11107361150756265 0.6907481047501325 0.00813074874635884 0.011028406667727175
18 0.2160947659681316 0.9490884107654045 0.004960284639736123 0.00942954400063627
29 0.73984375 0.76484375 0.5203125 0.4703125