24 0.1828125 0.25234375 0.365625 0.0953125
17 0.046875 0.19375 0.09375 0.2125
26 0.21328125 0.1421875 0.4265625 0.284375
25 0.06328125 0.08671875 0.1265625 0.1734375
16 0.775 0.15 0.45 0.3
0 0.078125 0.54609375 0.15625 0.3484375
1 0.1332855389684287 0.6596330334720749 0.2633315418110261 0.3108021863754999
2 0.3108329572713407 0.7828609343323965 0.3278336575678068 0.3455408007386847
3 0.43359375 0.86328125 0.2328125 0.2734375
5 0.1625 0.3625 0.325 0.125
6 0.33203125 0.4296875 0.3484375 0.259375
7 0.43828125 0.52890625 0.2234375 0.3734375
0 0.775 0.65 0.45 0.7