20 0.53125 0.14453125 0.096875 0.2609375
17 0.484375 0.54921875 0.190625 0.1796875
23 0.51171875 0.3578125 0.1359375 0.228125
13 0.275 0.5890625 0.215625 0.1
33 0.33977415009654505 0.40302297644555507 0.2241687455605245 0.26105052203583357
19 0.10859375 0.5046875 0.2171875 0.26875
12 0.18677982609511598 0.270867705928333 0.2166076178365838 0.2421550516711113
30 0.24921875 0.0859375 0.2203125 0.171875
16 0.41589352572679894 0.21795633900274253 0.21893494234221578 0.25312891926229175
27 0.78984375 0.29921875 0.4203125 0.5984375
31 0.28984375 0.81953125 0.5796875 0.3609375
12 0.5796875 0.6390625 0.5796875 0.9145956359374999 0.649616509375 0.9807011781250001 0.6733118124999999 0.9852539265625 0.6880047671875 0.9625997015625 0.7615265421874999 0.7898925359375 0.6994999906249999 0.7440052171875 0.656696071875 0.6593491390625 0.6605250515625001 0.6390625 0.5796875 0.6390625