20 0.12421875 0.60546875 0.2484375 0.2265625
23 0.10390625 0.35546875 0.2078125 0.2859375
17 0.10703125 0.134375 0.2140625 0.26875
14 0.3078125 0.596875 0.1625 0.24375
16 0.2984375 0.4078125 0.18125 0.34375
33 0.2953125 0.1328125 0.1875 0.265625
35 0.56171875 0.6671875 0.3453125 0.103125
0 0.55625 0.53828125 0.334375 0.1921875
31 0.54140625 0.2625 0.3046875 0.20625
17 0.5421875 0.0828125 0.30625 0.165625
5 0.89921875 0.5671875 0.2015625 0.203125
29 0.8953125 0.40234375 0.209375 0.1921875
9 0.8890625 0.23984375 0.221875 0.2046875
12 0.8828125 0.078125 0.234375 0.15625
26 0.0515625 0.859375 0.103125 0.28125
34 0.259375 0.75234375 0.259375 0.0671875
18 0.15234375 0.859375 0.2828125 0.28125
33 0.69453125 0.846875 0.6109375 0.25625