20 0.24277532344044966 0.5742272417349656 0.34531468936981646 0.2767145024685419
23 0.528125 0.565625 0.303125 0.225
14 0.19327257340067874 0.2801856477951392 0.38572151336727123 0.25891005983923654
16 0.4998225654041786 0.31309494566652835 0.27934424403245295 0.24549956363895847
33 0.63515625 0.28984375 0.0890625 0.2296875
12 0.634375 0.06875 0.090625 0.1375
30 0.4078125 0.059375 0.38125 0.11875
35 0.8640625 0.3484375 0.271875 0.696875
30 0.2609375 0.91328125 0.521875 0.1734375
14 0.43046875 0.85234375 0.4984375 0.2265625
35 0.60078125 0.8296875 0.1578125 0.18125