19 0.6125 0.26796875 0.19375 0.3828125
28 0.46875 0.1421875 0.38125 0.284375
31 0.22471622585161216 0.20835063630551837 0.40998538308216104 0.4107887440943682
13 0.421875 0.33359375 0.375 0.2703125
24 0.14296875 0.3875 0.2859375 0.1625
0 0.8546875 0.234375 0.290625 0.46875
31 0.3546875 0.734375 0.709375 0.53125
3 0.9734375 0.91640625 0.053125 0.1359375
9 0.9139281753767585 0.8444344361280332 0.13185305674305994 0.13259922359113024
5 0.8026246140148452 0.7804215545470201 0.13185305674305994 0.13259922359113024
5 0.73828125 0.71328125 0.0578125 0.1328125