33 0.3796875 0.30078125 0.2 0.1578125
13 0.346875 0.1390625 0.265625 0.278125
24 0.11875 0.10390625 0.2375 0.2078125
17 0.1484375 0.26796875 0.25 0.2234375
23 0.203125 0.35859375 0.215625 0.0421875
1 0.73984375 0.10078125 0.5203125 0.2015625
17 0.14140625 0.6140625 0.2828125 0.46875
24 0.3109375 0.55234375 0.3375 0.3453125
2 0.805661356004707 0.5980462973776304 0.029545790041956364 0.01989600593149916
2 0.7967133311095977 0.5516806333471853 0.029782588382282427 0.02302100593149916
2 0.7897655140979397 0.5200313853243518 0.029545790041956364 0.019896005931499074
0 0.8022762468765003 0.5810497983662135 0.026302390871793334 0.018206171939110227
0 0.793991072811228 0.5362148008376714 0.026539189212119396 0.021331171939110227
0 0.7869840562144885 0.5053468028148378 0.029782588382282427 0.023021005931499073
1 0.7880413452075377 0.9539142954004639 0.024503092531467274 0.015017504942915849
6 0.6989279491608743 0.4956945715979181 0.026302390871793334 0.018206171939110227
3 0.9251386035059074 0.9639047662372603 0.026420790041956365 0.019768671939110406
1 0.9154642537249776 0.4954386091268976 0.024621491701630305 0.01658000494291585