17 0.06328125 0.23125 0.1265625 0.275
23 0.128125 0.09609375 0.23125 0.1921875
20 0.23984375 0.02890625 0.2203125 0.0578125
33 0.23046875 0.23359375 0.2609375 0.2703125
12 0.3640625 0.24765625 0.090625 0.2421875
16 0.30625 0.11015625 0.20625 0.2203125
9 0.7046875 0.178125 0.590625 0.35625
18 0.23381807224170412 0.45693432256527744 0.05068183847375849 0.03964430267345422
18 0.14117483035937894 0.5736138399109132 0.0490920649348082 0.038063621339908774
18 0.0812310401813372 0.6516393899188674 0.04750229139585791 0.03648294000636341
18 0.2327490811734531 0.9209150065643229 0.038045470779006864 0.03168635200509069
21 0.18424872037526505 0.5223416939051863 0.04909206493480802 0.038063621339908774
21 0.08686343141503912 0.6422007552514584 0.04909206493480802 0.038063621339908774
30 0.2736442313323136 0.4127297892266412 0.04922843262955982 0.045876121339908774
30 0.38497405438809196 0.9706957358768694 0.03971706493480838 0.037954533338636055
29 0.1609375 0.38046875 0.053125 0.0234375
29 0.09716750608907994 0.45461893925050384 0.050763659090609536 0.044331802673454226
29 0.049215201300541536 0.5168831292568672 0.05391593262955983 0.04593066534054513
29 0.24572773701435652 0.4458604625636866 0.05550570616851012 0.047511346674090585
29 0.3624379500827256 0.4718406125477782 0.05391593262955965 0.04593066534054513
29 0.23694525203189015 0.6357678472310957 0.05391593262955983 0.04593066534054513
29 0.22713032670922625 0.929572391231732 0.038045470779006864 0.03168635200509069
29 0.21834566193657387 0.9406098885662318 0.036455697240056394 0.030105670671545327
29 0.35703125 0.9921875 0.0359375 0.015625
24 0.15078125 0.39296875 0.0546875 0.0484375
24 0.26319015219404596 0.6089053552275958 0.057150026785361165 0.052217028007636036
24 0.1727952029253946 0.7310263505729134 0.057150026785361165 0.052217028007635946
24 0.3703125 0.98359375 0.04375 0.0328125
32 0.3407305454563428 0.5072423105506416 0.060384120941162675 0.05850339067472685
32 0.24938715625453103 0.9074428525620958 0.04451365909060954 0.044259077339272326
10 0.02421875 0.38203125 0.0484375 0.0265625
10 0.0666890734595201 0.5002768845878672 0.055560253246410875 0.05063634667409058
10 0.17530041436891058 0.5427541912396862 0.052380706168510115 0.047474984006999676
10 0.02265625 0.74453125 0.0453125 0.0484375
10 0.3791169354722289 0.456024708545551 0.05399775324641069 0.050618165340545127
10 0.3191595085247119 0.5348315085535053 0.047638659090609534 0.04429544000636341
10 0.2280105827950109 0.6553990945655956 0.053970479707460585 0.049055665340545215
27 0.1353766181017888 0.41355758724541314 0.050763659090609536 0.044331802673454226
27 0.25844592532595917 0.43321501189532297 0.049201159090609535 0.04431362133990877
27 0.20062632792704224 0.9712786332352318 0.03492047077900686 0.031649989337999784
13 0.049244654629677954 0.6941905165897763 0.06668866801906326 0.061701116008908666
23 0.13452936404459903 0.596342815245095 0.055560253246410875 0.05063634667409058
23 0.0745855738665572 0.6743683652530492 0.04922843262955982 0.045876121339908774
23 0.3015765422099321 0.5576877532225051 0.04922843262955965 0.045876121339908774
23 0.21035943263285511 0.6821615892345955 0.053997753246411054 0.05061816534054522
14 0.0234375 0.559375 0.046875 0.046875
14 0.015625 0.58203125 0.03125 0.0515625
14 0.21338542654707043 0.9562894325668683 0.04286933847375849 0.03955339600572696
28 0.01328125 0.40546875 0.0265625 0.0609375
12 0.290625 0.390625 0.05 0.04375
17 0.0804203368522007 0.47434109325273094 0.06189207386326192 0.055396572008272395
28 0.17734375 0.3734375 0.0484375 0.009375
28 0.22569192654377518 0.4749939792330046 0.047638659090609534 0.04429544000636341
28 0.03781623092857185 0.7224427859245944 0.052380706168510115 0.047474984006999676
34 0.12796353855648404 0.43551440324636764 0.06189207386326192 0.055396572008272395
34 0.16550267451518028 0.5670820292409589 0.06348184740221222 0.05697725334181776
34 0.0203125 0.77109375 0.040625 0.0578125
15 0.02853450852471191 0.5382132365929579 0.05388865909060954 0.04436816534054513
25 0.2078362248394919 0.5134752239020045 0.06509889448011279 0.0601204346753633
16 0.11998957711296807 0.623850197247004 0.06509889448011297 0.0601204346753633
16 0.2869958449698755 0.5875388852244141 0.06350912094116268 0.058539753341817755
16 0.19506566924017452 0.7081155619032772 0.06350912094116268 0.058539753341817755
1 0.3670537175358913 0.7443877745465055 0.03804547077900651 0.03168635200509069
1 0.30550651704942383 0.8247752558880052 0.038045470779006864 0.03168635200509069
2 0.396875 0.69140625 0.025 0.0390625
2 0.378223042616969 0.7309792552116875 0.041279564934808374 0.03797271467218159
0 0.3890625 0.709375 0.040625 0.04375
0 0.3438656335263596 0.7751201538829144 0.047638659090609534 0.04429544000636341
6 0.3286536907505299 0.7963866265515962 0.047638659090609534 0.04429544000636341
6 0.40078125 0.915625 0.0171875 0.046875
7 0.29430991842939563 0.8397462752228233 0.04604888555165907 0.04271475867281786
29 0.25759512256931094 0.8846956958943686 0.04445911201270878 0.041134077339272504
32 0.1734375 0.984375 0.053125 0.03125
26 0.3890625 0.946875 0.040625 0.05
17 0.7046875 0.684375 0.590625 0.63125