13 0.1375 0.3984375 0.26875 0.08125
33 0.27109375 0.2828125 0.2359375 0.2625
19 0.0734375 0.28828125 0.146875 0.2828125
12 0.15625 0.11484375 0.271875 0.2296875
16 0.32109375 0.134375 0.1359375 0.26875
29 0.69453125 0.21953125 0.6109375 0.4390625
3 0.12421875 0.659375 0.2484375 0.253125
4 0.078125 0.7859375 0.15625 0.28125
3 0.74296875 0.5421875 0.2703125 0.20625
4 0.64853941745934 0.6645462298065239 0.29662565254479195 0.2595033067888089
6 0.5109375 0.9 0.24375 0.2
8 0.48125 0.47421875 0.184375 0.0703125
9 0.44609375 0.54375 0.1140625 0.209375
5 0.5679589518442704 0.804058702580965 0.32042682845659753 0.2752646621750031