14 0.2171875 0.2328125 0.365625 0.465625
16 0.10234375 0.07890625 0.2046875 0.1578125
20 0.11328125 0.309375 0.2265625 0.359375
33 0.7 0.24453125 0.6 0.4890625
24 0.2807315789793976 0.8495142723307942 0.048193459092057724 0.04749573821317572
24 0.21740251636384303 0.7675514888323482 0.048193459092057724 0.04749573821317572
24 0.216784053906573 0.6274894150110307 0.048193459092057724 0.04749573821317572
24 0.29089515531849874 0.5808734342414531 0.048193459092057724 0.04749573821317572
24 0.37890625 0.55859375 0.0421875 0.0484375
23 0.3875 0.990625 0.025 0.01875
23 0.2656521482588698 0.8300365262597357 0.04654003087881238 0.04429796360606986
23 0.1826925472426554 0.7236901728689136 0.04654003087881238 0.04429796360606986
23 0.3695573644105565 0.539163277293193 0.04654003087881229 0.04429796360606986
10 0.32452103140753785 0.9039684859368642 0.05136392319868044 0.049203787427387444
10 0.3765625 0.8296875 0.046875 0.04375
10 0.3194423894833812 0.755875588294229 0.048193459092057724 0.04749573821317572
10 0.2599550438774431 0.5418815547957829 0.04654003087881238 0.04429796360606986
21 0.3444099825820367 0.9463571931327932 0.04805706677218975 0.0428082382131759
21 0.24869196879198316 0.8214235055815713 0.04805706677218975 0.04280823821317572
13 0.375 0.9796875 0.05 0.040625
13 0.11328125 0.51171875 0.0640625 0.0453125
13 0.0921875 0.496875 0.059375 0.015625
27 0.3727479312492532 0.9672347733642516 0.043278638558944496 0.03946491439185813
27 0.31091317247376465 0.8876885144729114 0.043278638558944316 0.03946491439185813
27 0.34199333940423887 0.787435957400817 0.03850021034569897 0.03612159057054072
30 0.27409043705524094 0.7013486000810533 0.04654003087881246 0.04429796360606986
30 0.159477670757905 0.5536302299410081 0.048193459092057724 0.04749573821317572
22 0.22734375 0.98828125 0.0421875 0.0234375
22 0.221875 0.5046875 0.05625 0.03125
25 0.2191000940230924 0.9780716118678775 0.043324102665567035 0.04102741439185813
14 0.36134742999561204 0.9557514638109577 0.048193459092057724 0.04749573821317554
14 0.29948993916681205 0.8769864549196175 0.05136392319868044 0.049203787427387444
14 0.07033260273207405 0.5792059646395271 0.048193459092057724 0.04749573821317572
14 0.390625 0.8671875 0.01875 0.046875
14 0.332246266363843 0.7729004224546288 0.048193459092057724 0.04749573821317572
14 0.19423310398571525 0.5959290459044428 0.048193459092057724 0.04749573821317572
14 0.37307350633471315 0.6871834003287223 0.048193459092057724 0.04749573821317572
14 0.32558239238637504 0.6255160002048877 0.048193459092057724 0.04749573821317572
17 0.10686348462710082 0.6411451925136207 0.056142351411925785 0.052547111248705036
17 0.0782898552393565 0.6014812249786093 0.05935827962517117 0.055817660462916766
17 0.375 0.7078125 0.05 0.053125
28 0.24712843494366993 0.5256379706353832 0.04654003087881238 0.04429796360606986
12 0.39375 0.59453125 0.0125 0.0453125
28 0.34408337364826364 0.9306958058292404 0.04654003087881229 0.04429796360606986
34 0.2524534662847008 0.7996940547957829 0.05940374373179384 0.05738016046291676
34 0.20786003180324922 0.7459847038861602 0.05935827962517113 0.055817660462916766
34 0.26542013070789255 0.676693202438418 0.05940374373179384 0.05738016046291676
34 0.36594296793405334 0.663382027293193 0.06413670783841656 0.05916098428423418
29 0.22395639324430486 0.7842852245643246 0.05288095909205772 0.04771406203449331
29 0.12219296793405339 0.6520291885846793 0.048102530878812375 0.04437073821317572
29 0.08886364238637504 0.6144906472283503 0.049710494985435096 0.046006012820281585
29 0.30174642412311725 0.7456636803125116 0.05288095909205772 0.04771406203449331
29 0.20147730265293173 0.6158241689399722 0.05288095909205772 0.04771406203449331
29 0.1313215785171792 0.5265026497095497 0.049710494985435096 0.046006012820281585
29 0.2740486361181689 0.5683541635632887 0.049710494985435096 0.046006012820281585
29 0.384375 0.58359375 0.03125 0.0484375
18 0.1860304959098719 0.7434033593866782 0.049665030878812376 0.04444351282028158
18 0.12807925508107193 0.6648202870131026 0.049665030878812376 0.04444351282028158
18 0.10078125 0.50078125 0.0515625 0.0234375
18 0.38125 0.575 0.0375 0.04375
16 0.17393131268206158 0.7021597752262784 0.060966243731793844 0.05745293507002245
16 0.36118360860456883 0.8000643899896401 0.05940374373179384 0.05738016046291676
16 0.30930417451882863 0.5934654795267233 0.05940374373179384 0.05738016046291676
32 0.1457524883880245 0.6758134449948201 0.05462531551854841 0.054036836641599174
31 0.23195441284034618 0.6438421610820892 0.048193459092057724 0.04749573821317572
31 0.3383862692668369 0.6425408343652876 0.048193459092057814 0.04749573821317572
16 0.2932352421489482 0.7155395326698765 0.05940374373179384 0.05738016046291676
19 0.17234974379830081 0.5683113141014079 0.06087531551854841 0.05432793507002263
28 0.14747777593075448 0.5358605330841613 0.04654003087881238 0.04429796360606986
29 0.38203125 0.72578125 0.0359375 0.0578125
32 0.7 0.74453125 0.6 0.5109375