20 0.38984375 0.4734375 0.2796875 0.190625
16 0.16953125 0.40390625 0.3390625 0.3296875
14 0.38671875 0.271875 0.2859375 0.346875
30 0.18984375 0.1359375 0.3796875 0.271875
7 0.79375 0.27734375 0.4125 0.5546875
8 0.475 0.6109375 0.084375 0.084375
4 0.3578125 0.662774971500084 0.08125 0.11193155347041035
1 0.23984375 0.706961650096545 0.065625 0.10302644703379293
4 0.12578125 0.7758751770838517 0.084375 0.10746257475773362
2 0.02578125 0.815625 0.0515625 0.1125
34 0.76484375 0.784375 0.4703125 0.43125