4 0.36015625 0.2 0.0390625 0.09375
5 0.32940972316722456 0.18384930969561566 0.08180451190385671 0.09814981252120454
6 0.27791994603986153 0.16954870751869738 0.07549996974937905 0.08855655771188112
7 0.22412278034881689 0.14891625978828288 0.0802238311856975 0.09497024881887364
8 0.171065958041914 0.13534234390903377 0.0833397408266178 0.0935168762235354
9 0.12117504235086943 0.11484630543444638 0.08967155405833438 0.10779763103285878
0 0.06422560558258601 0.09879223029937015 0.08649201190385672 0.09831350362819706
1 0.01875 0.07578125 0.0375 0.0796875
0 0.71328125 0.25 0.5734375 0.5
16 0.0921875 0.8609375 0.184375 0.278125
11 1 0.5 0.5225744609375 0.5 0.5178961828124999 0.5125754984374999 0.52413380625 0.5687578234374999 0.5928346140625 0.6590491015625 0.467205515625 0.6432236328125 0.3796875 0.663565203125 0.3796875 0.8977185109375 0.4873974921875 0.96211079375 0.5677414640625 1 0.6953900703125 1 0.8068143625000002 0.8638562359374999 1 0.692451053125 1 0.5