1 0.5181356660566336 0.24796896578615907 0.0997465560152719 0.12111216531583313
2 0.4537828120623608 0.2958295588116682 0.11549882535009033 0.13341667568342572
3 0.3801004114019514 0.3484166080577329 0.11549882535009015 0.13341667568342572
4 0.3056185794079965 0.3995095078221772 0.12025905068427196 0.14007677879370348
5 0.23666004141467809 0.45481145395796413 0.11551700668363551 0.1349791756834257
6 0.16296855008749594 0.5066172532040288 0.12029541335136287 0.1432017787937035
7 0.09005830876031391 0.5583547019317139 0.11549882535009015 0.13341667568342572
8 0.03671875 0.6109375 0.0734375 0.1375
30 0.8046875 0.33984375 0.390625 0.6796875
31 0.3046875 0.83984375 0.609375 0.3203125
33 0.8046875 0.83984375 0.390625 0.3203125