4 0.33984375 0.36015625 0.0578125 0.1265625
5 0.2959852023955338 0.3225509933959062 0.11896908525525038 0.12474655601527189
6 0.22095422489677102 0.276393061386043 0.1224216338757694 0.13103291868236297
7 0.14600513455313796 0.23179762937617987 0.11896908525525038 0.12474655601527189
8 0.06945260063194003 0.18640276603277126 0.12061347241038015 0.12632723734881743
9 0.02578125 0.13984375 0.0515625 0.1234375
0 0.88203125 0.16875 0.2359375 0.3375
1 0.66328125 0.059375 0.2234375 0.11875
3 0.70390625 0.39140625 0.3203125 0.1171875
4 0.4875 0.29765625 0.2375 0.3046875
23 0.184375 0.725 0.36875 0.55
20 0.684375 0.725 0.63125 0.55