4 0.021875 0.47265625 0.04375 0.1609375
5 0.04140625 0.39140625 0.0828125 0.1515625
6 0.06171875 0.3078125 0.1234375 0.159375
7 0.08106739894763511 0.2262273123037873 0.15409893912238176 0.153255554047586
8 0.11846403328147828 0.14075015773580296 0.15568871266133205 0.15489994120271575
9 0.15703125 0.06640625 0.1515625 0.1328125
0 0.17734375 0.02578125 0.1234375 0.0515625
27 0.2453619609375 0 0.2390625 0.0084966234375 0.2390625 0.24276758593749997 0.2825115640625 0.2775706828125 0.5357796484375 0.5796875 0.8019457531249999 0.5796875 0.8429696984374999 0.5224480781249999 0.8175614093749999 0.51569945 0.7343749500000001 0.57550021875 0.637938925 0.49905430156249997 0.4959796890625 0.31732542812500003 0.5826950609375 0.19633419375 0.62850696875 0.17461429374999998 0.8130378921875 0.26881088124999997 0.8992721078125001 0.35949106406250003 0.972160528125 0.3562588390625 1 0.32419309531249996 1 0.20060017343749997 0.9775501265625 0.222138859375 0.81342281875 0.099473746875 0.7066887562499999 0.0795963734375 0.6608768484375 0.1013162734375 0.6667198515625 0 0.2453619609375 0
26 0.09921875 0.78984375 0.1984375 0.4203125
34 0.175 0.66953125 0.128125 0.1796875
33 0.11953125 0.8515625 0.2390625 0.296875
13 0.4375 0.796875 0.396875 0.40625
16 0.6359375 0.8375 0.490625 0.325