1 0.38203125 0.35703125 0.0828125 0.0859375
2 0.4171875 0.36796875 0.10625 0.0640625
27 0.84296875 0.07109375 0.3140625 0.1421875
19 0.6734375 0.21328125 0.346875 0.3734375
34 0.81796875 0.2828125 0.3171875 0.234375
14 0.88984375 0.2046875 0.2203125 0.353125
3 0.18359375 0.4296875 0.1203125 0.059375
4 0.25546875 0.465625 0.1328125 0.13125
5 0.3330936425737148 0.5240066567433723 0.11998780452090294 0.1257705955329394
6 0.3979906375397217 0.5857574859413732 0.1167537017473613 0.12093754631872748
7 0.45546875 0.63515625 0.0890625 0.1171875
9 0.75 0.7 0.5 0.6