3 0.40546875 0.22578125 0.3078125 0.1859375
4 0.2765625 0.0765625 0.346875 0.153125
17 0.6408563783371608 0.07865642325750351 0.056652791723114146 0.038136346674090583
4 0.6095112030769616 0.02124391259550329 0.058379066033373485 0.04127952800763594
18 0.7307366706261018 0.24079224924414042 0.04843085594746519 0.030232940006363406
12 0.7053139467453835 0.18955701324795848 0.06495661465389269 0.04760225334181776
18 0.59375 0.00546875 0.053125 0.0109375
20 0.7281439371344451 0.23067236191123133 0.05509029172311415 0.03811816534054522
28 0.6473144182512526 0.08951210725654893 0.05846095318850324 0.042842028007635945
21 0.7343563155831476 0.24621554591027675 0.051883404567984216 0.03651930267345449
29 0.6622876430364819 0.1166649532543218 0.05665279172311397 0.038136346674090583
14 0.6664871421319708 0.14082006858691276 0.04382524310259513 0.03174089600572696
23 0.6600700457954438 0.12918313458786726 0.042262743102595125 0.031722714672181594
14 0.7135458485998344 0.22615758457991308 0.043907130257724705 0.03330339600572714
24 0.6885768260985972 0.18116325791695836 0.04711401741285446 0.03490225867281786
22 0.59140625 0.01171875 0.0453125 0.0234375
22 0.6821597297620704 0.16952632391791286 0.04563340456798422 0.0364465773392725
27 0.6229661934660232 0.06246834926004876 0.04061835594746519 0.030142033338636055
14 0.6186881292416719 0.054710393260685206 0.042262743102595125 0.031722714672181594
22 0.6736445448909327 0.1532291619191856 0.04735967887824373 0.03958975867281787
10 0.6272442576903744 0.0702263052594125 0.043907130257724705 0.03330339600572696
13 0.8864455173013128 0.025829225891186792 0.07128850180902227 0.04923747867599957
17 0.9073411934660232 0.05915934655477786 0.07128850180902227 0.04923747867599957
28 0.9351109893730088 0.12520196988386897 0.07128850180902227 0.04923747867599957
29 0.9121139026474203 0.07237696188736882 0.07128850180902227 0.04923747867599957
32 0.9146280710102145 0.09889400855350523 0.06191350180902226 0.04912839067472703
22 0.8625 0.0109375 0.059375 0.021875
10 0.9246238687262224 0.11673548921868707 0.056816566033373664 0.04126134667409058
30 0.86875 0.01796875 0.053125 0.0359375
14 0.888959685664107 0.0523462725573232 0.05681656603337348 0.04126134667409058
21 0.8110150701057034 0.12430363590073182 0.06134029172311415 0.03819089067472703
13 0.7889663297166418 0.0831791965706862 0.07128850180902227 0.04923747867599957
32 0.8338483825210323 0.18025364389723197 0.06191350180902226 0.04912839067472703
10 0.8243881733396352 0.16709057256527737 0.056816566033373664 0.04126134667409058
28 0.8196154641582382 0.1538729572326865 0.05517217887824373 0.03968066534054522
10 0.8103190292871005 0.1375848859007318 0.06002345318850324 0.04286020934118149
10 0.7896280710102145 0.10034851523714075 0.06643722749876275 0.0460579346753633
24 0.7639596856641071 0.05380077924095881 0.05681656603337348 0.04126134667409058
27 0.8018038444159629 0.12128772390200453 0.051883404567984216 0.036519302673454136
14 0.7944007801916116 0.11356613056973171 0.05681656603337348 0.04126134667409058
23 0.7551578957500154 0.042972367242231434 0.05517217887824373 0.03968066534054522
34 0.7696807411820311 0.07871896324000431 0.07128850180902227 0.04923747867599957
16 0.16796875 0.73671875 0.3359375 0.5234375
13 0.33515625 0.6875 0.4484375 0.4875
12 0.396875 0.88984375 0.325 0.2203125
10 0.7796875 0.659375 0.440625 0.68125