11 0.2515625 0.2625 0.44375 0.253125
16 0.11015625 0.10625 0.2203125 0.2125
17 0.7212654765625001 0 0.72943829375 0.0381638109375 0.78582478125 0.0905051609375 0.9203125875 0.146570721875 0.5796875 0.320040571875 0.5796875 0.3890625 0.69628604375 0.3890625 0.6914538359375 0.3811622390625 0.714283946875 0.3565050875 1 0.2046954703125 1 0.1133240265625 0.9733532515625001 0.1270321125 0.8878714875 0.093532209375 0.818397034375 0.017579454687500003 0.8254709890624999 0 0.7212654765625001 0
6 0.10546875 0.9375 0.2109375 0.125
7 0.0640625 0.86953125 0.128125 0.2609375
0 0.50078125 0.8890625 0.1578125 0.221875
5 0.9078125 0.878125 0.184375 0.24375
6 0.8497600254216777 0.8233219297362006 0.28301468403881636 0.2875646742752515
7 0.7392032387412238 0.7211231046006275 0.30356354137490715 0.30799534894328673
8 0.671875 0.63828125 0.184375 0.3109375
9 0.61875 0.53984375 0.078125 0.3015625