16 0.14375 0.2359375 0.2875 0.4375
24 0.13203125 0.09140625 0.2640625 0.1828125
32 0.23671875 0.4421875 0.1046875 0.515625
21 0.18203125 0.23125 0.2140625 0.4625
17 0.14453125 0.46875 0.2890625 0.4625
32 0.82890625 0.3078125 0.3421875 0.578125
22 0.5421875 0.5828125 0.50625 0.234375
17 0.5667503245126582 0.3715329997728574 0.5459365355030776 0.5459365355030776
16 0.4640625 0.18515625 0.35 0.3703125
24 0.42421875 0.04921875 0.2703125 0.0984375
21 0.73203125 0.13984375 0.4390625 0.2796875
16 0.14453125 0.85 0.2890625 0.3
5 0.64453125 0.85 0.7109375 0.3