24 0.02890625 0.153125 0.0578125 0.30625
18 0.321875 0.1390625 0.315625 0.278125
26 0.19609375 0.071875 0.2734375 0.14375
15 0.15234375 0.20078125 0.2703125 0.2765625
35 0.24453125 0.221875 0.3859375 0.234375
33 0.37265625 0.2546875 0.2140625 0.16875
13 0.73984375 0.2015625 0.5203125 0.275
17 0.23984375 0.66953125 0.4796875 0.6609375
3 0.51171875 0.9046875 0.0640625 0.190625
4 0.55390625 0.79375 0.1484375 0.253125
5 0.59375 0.66484375 0.228125 0.2640625
6 0.650310724697635 0.5444211091425458 0.32338514536918017 0.2920862125356475
7 0.7296875 0.446875 0.309375 0.215625
9 0.75 0.92421875 0.296875 0.1515625
0 0.8232146120703149 0.8490969216309251 0.3265646893698165 0.2970471146091661