24 0.27578125 0.53046875 0.3359375 0.0984375
17 0.38515625 0.53203125 0.3453125 0.0953125
26 0.1171875 0.325 0.234375 0.36875
19 0.4890625 0.21953125 0.159375 0.4390625
33 0.275 0.084375 0.409375 0.16875
35 0.3004155521134268 0.2326852356283629 0.45547940300162093 0.42315092889637357
18 0.121875 0.178125 0.24375 0.35625
15 0.23403605230981855 0.3650467494685274 0.31420898750696813 0.3064833992388783
14 0.43203125 0.32265625 0.2734375 0.4234375
24 1 0.5796875 1 0 0.9258157593749999 0 0.8434771796874999 0.0163810953125 0.7469962812500001 0.0582771203125 0.6602916375 0.126604859375 0.6038638296875 0.20593508906250002 0.57470185625 0.31389285 0.6188808124999999 0.45266226718749997 0.76123198125 0.5605498484375 0.8304936453125 0.5796875 1 0.5796875
31 0.284375 0.78984375 0.56875 0.4203125
1 0.63671875 0.88515625 0.1359375 0.2296875
9 0.76796875 0.68671875 0.3015625 0.2140625