20 0.10859375 0.36953125 0.2171875 0.3515625
17 0.31875 0.47265625 0.321875 0.1546875
23 0.1609375 0.46171875 0.321875 0.1765625
30 0.07734375 0.215625 0.1546875 0.41875
14 0.23125 0.13125 0.4625 0.2625
35 0.346875 0.1234375 0.265625 0.246875
17 0.89765625 0.16640625 0.2046875 0.3328125
23 0.66484375 0.13828125 0.3703125 0.2765625
9 0.03984375 0.65703125 0.0796875 0.1109375
5 0.16775314691904022 0.6870565259778776 0.08159664772652384 0.11076595048646745
6 0.3009377938347851 0.7081621383976235 0.07529210064862309 0.10753185633066593
5 0.427640615669452 0.7426580949731708 0.08154210064862326 0.10764095048646745
33 0.73984375 0.775 0.5203125 0.45