1 0.29952097015113194 0.37052421153585247 0.015208920171816498 0.022858345792955603
1 0.44469070726083315 0.2936389194654085 0.015290807326946165 0.024420845792955604
4 0.4379051187262224 0.2884597465689307 0.020060194482076098 0.026311127723940685
2 0.4242111109243062 0.2804451507759751 0.020060194482076098 0.026311127723940862
2 0.4089136595448252 0.27310254433935777 0.020060194482076098 0.026311127723940862
0 0.4173845788121307 0.2760472278794973 0.020060194482076098 0.026311127723940862
0 0.40208712743264974 0.26870462144288 0.020060194482076098 0.026311127723940862
2 0.45613057553277037 0.15016207107456286 0.013482645861557074 0.019624085149293792
9 0.4507846562654649 0.1474359088217468 0.015127033016686654 0.021295845792955605
1 0.5970288924706549 0.09493325771679553 0.015208920171816586 0.022858345792955603
3 0.5902023603584794 0.09053533482031773 0.020060194482076098 0.026311127723940862
2 0.5772077154014335 0.08413786934919294 0.019978307326946165 0.024748627723940687
2 0.5620330947546472 0.0744515129125757 0.020060194482076098 0.026311127723940685
0 0.5688596268668228 0.0788494358090535 0.020060194482076098 0.026311127723940685
1 0.5566871754873418 0.07172535065975953 0.015290807326946343 0.024420845792955604
10 0.83984375 0.25 0.3203125 0.5
18 0.36297418124999997 1 0.47271015624999996 0.80504505 0.53408283125 0.733695278125 0.643489590625 0.7497905906250001 0.651975796875 0.73522685625 0.6457634624999999 0.71191234375 0.2887553859375 0.509175603125 0.271782975 0.538303075 0.33678946875000004 0.5966206875 0.3206493515625 0.6752836625 0.13827188125 1 0.36297418124999997 1
9 0.83984375 0.75 0.3203125 0.5