1 0.5269621067275736 0.41953125 0.02247577729789594 0.009375
1 0.37345517736249434 0.35234375 0.025600777297895762 0.009375
4 0.37373577961424775 0.36015625 0.027363536397194466 0.0125
2 0.37502816934292993 0.3765625 0.027363536397194643 0.0125
2 0.37788305907161207 0.39296875 0.027363536397194466 0.0125
0 0.37603995681985863 0.38515625 0.027363536397194466 0.0125
0 0.3781135965485408 0.4015625 0.027363536397194466 0.0125
2 0.24481094078072968 0.43359375 0.019350777297895937 0.009375
9 0.24519167258213237 0.43984375 0.019350777297895937 0.009375
1 0.11309866826319573 0.35546875 0.02247577729789594 0.009375
3 0.11411045574012446 0.3640625 0.027363536397194556 0.0125
2 0.11628422501845592 0.37890625 0.024238536397194553 0.0125
2 0.11664517042266409 0.39765625 0.027363536397194643 0.0125
0 0.11646469772055998 0.38828125 0.027363536397194556 0.0125
1 0.11780715222406676 0.40390625 0.02560077729789594 0.009375
21 0.784375 0.384375 0.43125 0.56875
24 0.284375 0.834375 0.56875 0.33125
23 0.784375 0.834375 0.43125 0.33125