1 0.1269033729143608 0.35515125835270245 0.022275518198597234 0.007013891832631991
1 0.24677697948505087 0.25857138031506854 0.022275518198597234 0.007013891832631991
4 0.24879006245847282 0.2655480666127377 0.02247577729789594 0.010138891832631992
2 0.251353857954966 0.28111850291040685 0.02247577729789594 0.010138891832631992
2 0.2523551534514592 0.29674350291040685 0.02247577729789594 0.010138891832631992
0 0.2526357557032126 0.28890372105924145 0.02247577729789594 0.010138891832631992
0 0.25285580119970585 0.30455600291040685 0.02247577729789594 0.010138891832631992
2 0.37873718074935514 0.30172612487277295 0.01758801819859741 0.00685020072563951
9 0.3798688841731278 0.30716759302160757 0.017688147748246584 0.00841270072563951
20 0.734375 0.29140625 0.53125 0.5828125
11 0.46875 1 0.46875 0.72724610625 0.054552199999999995 0.7826017109375 0.08760458125000001 1 0.46875 1
34 0.72890625 0.85 0.5203125 0.3