1 0.01883318952612343 0.2572237590451115 0.02042159415580134 0.007314533016686653
1 0.15747690381230844 0.1958026594292243 0.021984094155801336 0.007396420171816587
4 0.15759963473758498 0.20283390942922433 0.022038641233702094 0.010521420171816587
2 0.15629623335761322 0.21759577227409457 0.022038641233702007 0.010521420171816587
2 0.15423885551659175 0.23387919154139994 0.022038641233702094 0.010521420171816587
0 0.15566498782184013 0.22614857869652968 0.022038641233702094 0.010521420171816587
0 0.15359397321134347 0.24165074796383515 0.022038641233702094 0.010521420171816587
2 0.2758644395261234 0.2706941960639558 0.017296594155801516 0.007150758706427141
9 0.27595989691244965 0.27616294606395575 0.017323867694751627 0.00871325870642714
1 0.3955945125786064 0.19891545058651144 0.02042159415580134 0.007314533016686653
3 0.3949496302733581 0.20668700700894665 0.022038641233702094 0.010521420171816587
2 0.39285134212391115 0.22062667627625193 0.020476141233702096 0.010439533016686653
2 0.3923564642828897 0.23699198269868713 0.022038641233702094 0.010521420171816587
0 0.393001346588138 0.22922042627625192 0.022038641233702094 0.010521420171816587
1 0.39168430843869106 0.24320103912112218 0.021984094155801336 0.007396420171816587
2 0.5130059293798537 0.30731885006611315 0.017296594155801336 0.007150758706427318
9 0.5123201367661799 0.31274665648854827 0.015761367694751626 0.008631371551297562
24 1 0.3390625 1 0.127976609375 0.9312599953125 0.137392771875 0.8150202953125 0.182783740625 0.7032290156250001 0.268665728125 0.6483776390625 0.3390625 1 0.3390625
2 0.26484375 0.7296875 0.5296875 0.540625
30 0.76484375 0.66953125 0.4703125 0.6609375