1 0.4734375 0.23515625 0.0046875 0.0203125
3 0.596875 0.0265625 0.00625 0.0171875
1 0.39453125 0.36640625 0.0046875 0.021875
4 0.4015625 0.3671875 0.0078125 0.021875
2 0.41640625 0.3671875 0.0078125 0.021875
2 0.43203125 0.365625 0.0078125 0.021875
0 0.42421875 0.3671875 0.0078125 0.021875
0 0.43984375 0.365625 0.0078125 0.021875
2 0.4515625 0.4875 0.0046875 0.0171875
9 0.45703125 0.4875 0.00625 0.0171875
1 0.36484375 0.59921875 0.0046875 0.0203125
3 0.37265625 0.59921875 0.0078125 0.021875
2 0.3859375 0.5984375 0.0078125 0.0203125
2 0.40234375 0.5984375 0.0078125 0.021875
0 0.39453125 0.5984375 0.0078125 0.021875
1 0.40859375 0.5984375 0.0046875 0.021875
2 0.45546875 0.72109375 0.0046875 0.0171875
9 0.4609375 0.72109375 0.00625 0.015625
1 0.36875 0.83203125 0.0046875 0.021875
4 0.3765625 0.8328125 0.0078125 0.0234375
2 0.390625 0.8328125 0.0078125 0.021875
0 0.3984375 0.83203125 0.0078125 0.021875
2 0.40625 0.83203125 0.0078125 0.021875
1 0.41328125 0.83203125 0.0046875 0.021875
1 0.471875 0.9171875 0.003125 0.0171875
2 0.47734375 0.91796875 0.0046875 0.0171875
1 0.64921875 0.91484375 0.0046875 0.0171875
0 0.6546875 0.9140625 0.0046875 0.0171875
2 0.459375 0.9546875 0.0046875 0.0171875
9 0.46484375 0.9546875 0.00625 0.0171875