20 0.8046875 0.2296875 0.390625 0.459375
12 0.06875 0.465625 0.01875 0.0125
12 0.1326523417785074 0.4825700428418488 0.019341033386094962 0.02042158430895542
12 0.3169855408414352 0.6143326063681529 0.01768760517284953 0.01728749394987581
12 0.4720330905248661 0.4915349349215717 0.02094899749271768 0.02199317466803503
12 0.34317361929210743 0.7087275009819587 0.01768760517284953 0.01728749394987581
12 0.5179677161516867 0.4857980193287229 0.01768760517284953 0.01728749394987581
12 0.5476625424907879 0.7544207543016084 0.017687605172849175 0.01728749394987581
12 0.57385062094146 0.8488156489154142 0.01768760517284953 0.01728749394987581
29 0.06208978919208259 0.47438535900043155 0.019204641066226814 0.01573408430895542
29 0.036388758708981596 0.5847097806434045 0.02081260517284953 0.01730567466803503
29 0.11101903417751764 0.5178581030485032 0.019204641066226814 0.01573408430895542
29 0.046187307534482656 0.6260660336684666 0.019204641066226814 0.015734084308955332
29 0.2528655533778476 0.5053121303722581 0.016034176959604095 0.014153403590796199
29 0.309491289587794 0.625315558163551 0.02081260517284953 0.01730567466803503
29 0.5393643091838353 0.7646270012765463 0.019204641066226814 0.015734084308955332
29 0.5671148876345076 0.8590128055312723 0.019204641066226814 0.015734084308955332
29 0.550425144298425 0.9567826850197676 0.019204641066226814 0.015734084308955332
18 0.05756141356526197 0.47988138007767045 0.01755121285298138 0.01259999394987581
18 0.06025816772189709 0.5994171752572102 0.017551212852981467 0.01259999394987581
18 0.05062475494805794 0.6174450125912277 0.017551212852981467 0.01259999394987581
18 0.17284543276559194 0.4674899435057787 0.01598871285298138 0.012590903590796199
18 0.11989994068315069 0.5545314012531051 0.01755121285298138 0.01259999394987581
18 0.2565444828447342 0.49747690447455895 0.01755121285298138 0.01259999394987581
18 0.3637946931904331 0.531233760057145 0.019159176959604098 0.014171584308955331
18 0.30494018190766203 0.6300303292407898 0.019159176959604098 0.014171584308955331
18 0.24013118731793837 0.7390195098607533 0.019159176959604098 0.014171584308955331
18 0.4585161598043383 0.5103667481532883 0.019159176959604098 0.014171584308955421
18 0.38998277164110534 0.6256286546709507 0.019204641066226814 0.015734084308955332
18 0.33036974241164563 0.7252110190341354 0.017596676959604096 0.01416249394987581
18 0.26634199782192197 0.8341956544745589 0.019159176959604098 0.014171584308955331
18 0.5230727532987054 0.47326620307194434 0.017551212852981734 0.01259999394987581
18 0.27650425950040447 0.8880519074996212 0.01755121285298138 0.01259999394987581
18 0.5114653150563301 0.5577230163036608 0.01755121285298138 0.01259999394987581
18 0.5944944268930972 0.6721031579906004 0.019204641066226814 0.015734084308955332
18 0.5356626476636374 0.7716809771742452 0.01755121285298138 0.01259999394987581
18 0.4716121710206024 0.8798843626146688 0.017551212852981557 0.01259999394987581
18 0.5610694761143096 0.8660804169675907 0.019159176959604098 0.014171584308955331
18 0.49621501741796337 0.973507097587554 0.017551212852981734 0.01259999394987581
18 0.60234375 0.8609375 0.0140625 0.0125
18 0.5928423133404704 0.8838673597859984 0.01755121285298138 0.01259999394987581
18 0.5541495378719343 0.9505099591220685 0.01755121285298138 0.01259999394987581
31 0.05397341231162076 0.4908416059753694 0.019341033386094875 0.020421584308955333
31 0.06784334718878368 0.5915592234618121 0.01768760517284953 0.01728749394987581
31 0.30137491270733213 0.6417718051384889 0.01768760517284953 0.01728749394987581
31 0.45416964060400833 0.5221127692305272 0.019341033386094962 0.02042158430895542
31 0.3268044732113157 0.7369524949318345 0.01768760517284953 0.01728749394987581
31 0.5320291823033735 0.7810787030719443 0.019341033386094962 0.020421584308955333
31 0.5574814748606685 0.8770406428652897 0.01768760517284953 0.01728749394987581
14 0.04576610721791354 0.5041728529503073 0.019341033386094875 0.02042158430895542
14 0.00703125 0.63828125 0.0140625 0.0203125
14 0.08421249326957544 0.5633342295119363 0.019341033386094785 0.02042158430895542
14 0.16031434052486607 0.4933484615579554 0.019341033386094962 0.02042158430895542
14 0.029202047505352803 0.7136796631569619 0.01768760517284953 0.01728749394987581
14 0.00859375 0.74765625 0.0171875 0.0171875
14 0.2939261255603136 0.654317256933887 0.022511497492717504 0.02200226502711473
14 0.44672085345698986 0.5346582210259252 0.019341033386094962 0.02042158430895542
14 0.31933295401098577 0.7487166967272325 0.01768760517284953 0.01728749394987581
14 0.4911384431904331 0.5304928957921561 0.019341033386094608 0.02042158430895542
14 0.4784936906831506 0.5524451638443328 0.01768760517284953 0.01728749394987581
14 0.44570993441494444 0.6073326517440844 0.019341033386094962 0.020421584308955333
14 0.4159147858268703 0.6575144589256767 0.020948997492717503 0.02199317466803503
14 0.2639504352063673 0.9131291755517978 0.02094899749271768 0.02199317466803503
14 0.479667397267926 0.6196372090238726 0.019341033386094962 0.020421584308955333
14 0.5238218772096662 0.7944099500468822 0.019341033386094608 0.020421584308955333
14 0.5500099556603384 0.8888048446606881 0.01768760517284953 0.01728749394987581
14 0.60546875 0.853125 0.0078125 0.021875
10 0.028615711137121823 0.532402392079723 0.019341033386094785 0.02042158430895542
10 0.00546875 0.578125 0.0109375 0.021875
10 0.08411555337784762 0.5062938891528568 0.019341033386094962 0.020421584308955333
10 0.05432040478977336 0.5564756963344492 0.019341033386094875 0.02042158430895542
10 0.030479739508651703 0.5964648920797229 0.022511497492717504 0.02200226502711473
10 0.146875 0.46328125 0.021875 0.0078125
10 0.1290476201500373 0.5466643590986274 0.01768760517284953 0.01728749394987581
10 0.40188807508545993 0.4708457059006147 0.019341033386094785 0.020421584308955333
10 0.37211565855069706 0.521808763082207 0.020948997492717503 0.02199317466803503
10 0.2767984615328333 0.6833280460633026 0.019341033386094962 0.020421584308955333
10 0.2469578488381364 0.7319473532448949 0.019341033386094962 0.020421584308955333
10 0.19785041059576117 0.8166223350945223 0.01768760517284953 0.01728749394987581
10 0.42885740353613216 0.5652360553348806 0.022511497492717504 0.022002265027114644
10 0.39830373700136923 0.6162036576960128 0.02094899749271768 0.02199317466803503
10 0.30222802203681676 0.7785087358566483 0.019341033386094785 0.020421584308955333
10 0.2739044452354972 0.8255564526791609 0.019341033386094785 0.020421584308955333
10 0.22174020315305593 0.9125933652469473 0.01768760517284953 0.01728749394987581
10 0.3451285758768828 0.7759150009819586 0.01768760517284953 0.01728749394987581
10 0.472195878067596 0.6314014108192708 0.019341033386094962 0.020421584308955333
10 0.60078125 0.6625 0.0171875 0.021875
10 0.5066942131821858 0.8234207391762979 0.019341033386094608 0.020421584308955333
10 0.4783706363808663 0.8704684559988106 0.019341033386094785 0.020421584308955333
10 0.42776889429842513 0.9574962782075176 0.01768760517284953 0.01728749394987581
10 0.5329050236861693 0.9185968837901036 0.020948997492717326 0.02199317466803503
10 0.5053399648315384 0.9648588054330766 0.020948997492717326 0.02199317466803503
10 0.5333656764308788 0.9881372241491831 0.019341033386094608 0.020421584308955333
22 0.018982298363282624 0.5504302294137405 0.022602425705962936 0.025127265027114643
22 0.06326349577685786 0.5415774041799714 0.022602425705962936 0.025127265027114643
22 0.09464988809672592 0.5460830969983791 0.022602425705962936 0.025127265027114643
22 0.39066943025830947 0.4881013835937118 0.024255853919208193 0.028261355386194252
22 0.26636106670568277 0.7005791785768599 0.024210389812585477 0.026698855386194254
22 0.41768422281560424 0.5840542330279778 0.024210389812585477 0.026698855386194254
22 0.29176789515635493 0.7949786183702054 0.022602425705962936 0.02512726502711473
22 0.40625864099971987 0.6747610462596942 0.024210389812585477 0.026698855386194254
22 0.49706080040834666 0.8414485765103153 0.02260242570596276 0.02512726502711473
22 0.5232034147523962 0.9342809711241211 0.022556961599340043 0.023564765027114732
25 0.01015625 0.5671875 0.0203125 0.021875
25 0.3811042136444042 0.5084729709277294 0.024119461599340218 0.023573855386194255
25 0.2567276539318435 0.7186070159108775 0.022466033386094965 0.020439765027114733
25 0.40809627414838784 0.6036445703619953 0.024119461599340218 0.023573855386194255
25 0.28367425032920435 0.8122161153451433 0.020858069279472247 0.01886817466803503
25 0.6046875 0.6484375 0.009375 0.021875
25 0.4882086376345075 0.859471868664793 0.022466033386094965 0.020439765027114733
25 0.5136154660851797 0.9538713084581387 0.022466033386094965 0.020439765027114733
16 0.3610106739901033 0.5429706907753042 0.024119461599340218 0.023573855386194255
16 0.23815115017091984 0.7515331453993725 0.022466033386094784 0.020439765027114733
16 0.38724421654739805 0.63892808538911 0.027335389812585476 0.026717036104353477
16 0.26512047862159205 0.8459234948336386 0.024073997492717502 0.022011355386194253
16 0.29464049406099824 0.8668490731906656 0.024119461599340218 0.023573855386194255
16 0.5924916576927671 0.6838355435292198 0.02572742570596276 0.025145445745273776
16 0.46880541976696116 0.8908400433328282 0.02407399749271768 0.022011355386194253
16 0.4957747482176334 0.985230392767094 0.02411946159934004 0.023573855386194255
23 0.02229516646825589 0.6105773890546609 0.01768760517284953 0.01728749394987581
23 0.35050508300301875 0.5578780732888615 0.019341033386094962 0.02042158430895542
23 0.22833588097058993 0.7633109827333902 0.01768760517284953 0.01728749394987581
23 0.37671589350700235 0.6530542179026673 0.019341033386094962 0.020421584308955333
23 0.2545466914745734 0.8584871273471959 0.01768760517284953 0.01728749394987581
23 0.3645090616911178 0.7437655763139237 0.01768760517284953 0.01728749394987581
23 0.603125 0.79296875 0.0125 0.0203125
23 0.484375 0.99453125 0.01875 0.0109375
23 0.5900128300335179 0.8940417905041578 0.019341033386094608 0.020421584308955333
23 0.5804235667056826 0.6987520164018568 0.020948997492717326 0.02199317466803503
34 0.19122833755536525 0.8307257417103806 0.022466033386094965 0.020439765027114733
34 0.2174164160060375 0.9251206363241863 0.022466033386094965 0.020439765027114733
34 0.32664300032920435 0.811966130470454 0.02407399749271768 0.022011355386194253
34 0.42114682125802927 0.9715996848233759 0.022466033386094965 0.020439765027114733
21 0.04599943942950944 0.565900693309387 0.017551212852981467 0.01259999394987581
21 0.04227504585600017 0.572173419207086 0.017551212852981467 0.01259999394987581
21 0.13984375 0.46484375 0.0171875 0.0109375
21 0.11691133300301874 0.5592370819712643 0.01755121285298138 0.01259999394987581
21 0.5244761289255259 0.4677883627128647 0.017551212852981734 0.01259999394987581
21 0.4492979356685858 0.5963724258463854 0.01755121285298138 0.01259999394987581
21 0.3561426322242312 0.7516280732888615 0.01755121285298138 0.01259999394987581
13 0.012502629321237312 0.6231364763886784 0.022466033386094875 0.020439765027114733
13 0.2734375 0.46875 0.025 0.01875
13 0.3889491205457487 0.69752183538911 0.024073997492717502 0.022011355386194253
13 0.3361400207831755 0.7892507931364363 0.024073997492717502 0.022011355386194253
13 0.2697912582467632 0.8990303141154794 0.024073997492717502 0.022011355386194253
13 0.4615993588672662 0.6431837933328282 0.02407399749271768 0.022011355386194253
28 0.07372362265731973 0.5251075216664141 0.01768760517284944 0.01728749394987581
28 0.11699624953778161 0.5084467416121847 0.01768760517284953 0.01728749394987581
28 0.056647434414944534 0.6095961511549093 0.01768760517284953 0.01728749394987581
28 0.041014074227530097 0.6362540999252453 0.01768760517284953 0.01728749394987581
28 0.11412731380268885 0.5709740126894236 0.01768760517284953 0.01728749394987581
28 0.0046875 0.76015625 0.009375 0.0171875
28 0.5094170817493776 0.5678929018422803 0.017687605172849175 0.01728749394987581
29 0.5265220137235465 0.5381008627128647 0.019204641066226814 0.01573408430895542
29 0.49895695486891556 0.5843627843558377 0.016034176959604095 0.01415340359079611
29 0.46725231380268883 0.56891959153743 0.016034176959604095 0.01415340359079611
29 0.43817021905468057 0.6167531035394825 0.019204641066226814 0.015734084308955332
29 0.4292271280675961 0.6316513956939602 0.019204641066226814 0.015734084308955332
27 0.1109375 0.4625 0.015625 0.00625
27 0.0774994920159342 0.5743126361277946 0.016034176959604095 0.01415340359079611
27 0.008253050012635299 0.6919228378249969 0.016034176959604095 0.014153403590796287
27 0.13497937140367852 0.5356904976623089 0.016034176959604095 0.01415340359079611
27 0.09102243441494454 0.6093961632551577 0.016034176959604095 0.01415340359079611
27 0.4844481739901033 0.5422525524080144 0.016034176959604095 0.01415340359079611
27 0.30268867478152606 0.8480490762157278 0.016034176959604095 0.014153403590796287
27 0.4855536844149446 0.6071008475875542 0.016034176959604095 0.014153403590796287
27 0.60234375 0.86953125 0.0140625 0.0140625
32 0.003125 0.71171875 0.00625 0.0234375
32 0.07168741270733214 0.6431080879231927 0.02255696159934022 0.023564765027114732
32 0.374210670624891 0.7280814889799061 0.020948997492717503 0.02199317466803503
32 0.5384764444440744 0.5192781398402277 0.022556961599340043 0.023564765027114642
32 0.5631835570722643 0.9387366669675907 0.022556961599340043 0.023564765027114732
24 0.10124321740532789 0.47728310002344115 0.019341033386094962 0.02042158430895542
24 0.10508728292387648 0.5288319644848217 0.02094899749271768 0.02199317466803503
24 0.022392106359983722 0.6676177294137405 0.01768760517284953 0.01728749394987581
24 0.09851668566858578 0.5984132114597596 0.019341033386094962 0.020421584308955333
24 0.06196307172024764 0.6580109252572102 0.019341033386094875 0.020421584308955333
24 0.26705007383181867 0.48256952196100167 0.01768760517284953 0.01728749394987581
24 0.46134329460235896 0.5806747029737485 0.019341033386094962 0.02042158430895542
24 0.3838895475053528 0.7116161516458887 0.019341033386094962 0.020421584308955333
24 0.35333588097058993 0.7625837540070208 0.019341033386094785 0.020421584308955333
24 0.3175862490755632 0.8229581726249314 0.01768760517284953 0.01728749394987581
24 0.5473968033778476 0.5035985976857501 0.019341033386094608 0.020421584308955333
24 0.5766095595795466 0.9167798537358742 0.019341033386094608 0.020421584308955333
17 0.496979266230829 0.5163940343558376 0.022466033386094965 0.020439765027114642
17 0.4217328768139549 0.6426343474893583 0.022466033386094965 0.020439765027114733
17 0.5531921623116208 0.4879372362494315 0.022466033386094608 0.020439765027114642
17 0.5190277624699053 0.5490838145082628 0.022466033386094965 0.020439765027114642
17 0.48987747156196304 0.5945735765103153 0.022466033386094965 0.020439765027114733
17 0.5436894109914725 0.9669798416356258 0.022466033386094965 0.020439765027114733
30 0.12442230463148878 0.49512003981678665 0.01768760517284953 0.01728749394987581
30 0.014966051266276547 0.6809444312091386 0.01768760517284953 0.01728749394987581
30 0.1796875 0.46328125 0.01875 0.0078125
30 0.30940167603516733 0.8370706695998695 0.01768760517284953 0.01728749394987581
30 0.28408943896729105 0.880193955704223 0.01768760517284953 0.01728749394987581
15 0.09294498409837537 0.4874893469983791 0.02081260517284953 0.01730567466803503
15 0.10203649076229296 0.5851092355620605 0.02081260517284953 0.01730567466803503
15 0.5801520967265652 0.9042571278381752 0.02081260517284953 0.01730567466803503
12 0.03523778417751764 0.5182989854638647 0.025727425705962936 0.025145445745273953
22 0.003125 0.6546875 0.00625 0.025
20 0.5096922148980454 0.49678551630366086 0.022466033386094608 0.020439765027114642
34 0.03220737556031361 0.6558398920797229 0.022466033386094875 0.020439765027114733
13 0.1653511815119506 0.47847289530117676 0.02407399749271768 0.022011355386194253
29 0.13856737265731978 0.5247302717646098 0.024119461599340218 0.023573855386194255
29 0.07824128958779401 0.6266609313073344 0.027335389812585563 0.026717036104353477
29 0.04320471153283321 0.6846870547457055 0.024119461599340218 0.023573855386194255
17 0.03502013849243735 0.6987995517206433 0.022466033386094875 0.020439765027114733
11 0.014926598838136318 0.7332972715682182 0.024119461599340218 0.023573855386194255
12 0.409375 0.4625 0.025 0.00625
10 0.324388863881831 0.6002246545727548 0.027335389812585476 0.026717036104353477
12 0.2826165525199177 0.668447934626984 0.024119461599340218 0.023573855386194255
22 0.205966787476223 0.8001660881195845 0.028943353919208194 0.028288626463433175
2 0.17612617478152615 0.8487853953011768 0.022466033386094965 0.020439765027114733
2 0.2023142532321982 0.9431802899149826 0.022466033386094965 0.020439765027114733
2 0.40703125 0.98828125 0.0234375 0.0234375
10 0.4786324315119507 0.4766502783057135 0.027335389812585653 0.026717036104353477
29 0.4637803213245363 0.5033036818965095 0.01768760517284953 0.01728749394987581
12 0.43621526246990533 0.5495656035394825 0.024119461599340218 0.023573855386194255
10 0.35057694233250325 0.6946195491865605 0.027335389812585476 0.026717036104353477
29 0.3356793680384662 0.7197104527773567 0.019204641066226814 0.015734084308955332
12 0.3095858809705899 0.7628382840612501 0.025727425705962936 0.025145445745273776
22 0.23137361592689523 0.89456552791293 0.027380853919208192 0.028279536104353475
12 0.5328125 0.4640625 0.028125 0.009375
28 0.5629619674053281 0.4745968989154141 0.02572742570596276 0.025145445745273866
10 0.5550658655311839 0.7403128025062102 0.02411946159934004 0.023573855386194255
12 0.5132935541692702 0.8085360825604395 0.02572742570596276 0.025145445745273776
23 0.4590356146732539 0.9041803806668456 0.01768760517284953 0.01728749394987581
22 0.43583980707226433 0.9394775312325796 0.027380853919208192 0.028279536104353475
10 0.5812539439818559 0.834707697120016 0.02572742570596276 0.025145445745273953
12 0.5394589005666311 0.9021497271742452 0.02572742570596276 0.025145445745273776
7 0.8046875 0.7296875 0.390625 0.540625