24 0.20270185470581287 0.05444857752000516 0.033248876623205345 0.02557274431795715
24 0.20055652231783902 0.2897139216758065 0.033248876623205345 0.02557274431795715
24 0.13577522767557043 0.2048810000032953 0.033248876623205345 0.02557274431795715
24 0.07223487905554213 0.19114182833078405 0.031686376623205524 0.025545470779006863
24 0.01171875 0.178125 0.0234375 0.025
24 0.0109375 0.31328125 0.021875 0.0265625
24 0.009375 0.33671875 0.01875 0.0265625
23 0.32898943952612336 0.21557521794292828 0.033248876623205345 0.02557274431795715
23 0.3276508563273707 0.31797351502082893 0.028534103084255236 0.02392842370110628
23 0.2046875 0.0109375 0.03125 0.021875
23 0.1974645243464339 0.38120199229265755 0.031659103084255236 0.023982970779006862
23 0.1390625 0.0109375 0.03125 0.021875
23 0.13543035429877576 0.2298946367727705 0.031659103084255236 0.023982970779006862
23 0.075 0.00625 0.028125 0.0125
23 0.0699201769442217 0.3271611489476351 0.026971603084255058 0.023901150162155816
23 0.06875 0.396875 0.03125 0.00625
23 0.009375 0.23203125 0.01875 0.0234375
23 0.01015625 0.36015625 0.0203125 0.0234375
14 0.3274366221556832 0.26092862825135377 0.033248876623205345 0.02557274431795715
14 0.26790411485208254 0.029084338884090854 0.033248876623205345 0.02557274431795715
14 0.26669221671852184 0.09396899919251638 0.033248876623205345 0.02557274431795715
14 0.2645178364418683 0.1932559330398922 0.033248876623205345 0.025572744317956975
14 0.2649775324641087 0.26436331980936745 0.033248876623205345 0.02557274431795715
14 0.26151338757695874 0.3793025271956935 0.031659103084255055 0.023982970779006862
14 0.20195756087432315 0.1013508510589555 0.033248876623205345 0.02557274431795715
14 0.20176269196175536 0.1349582378284307 0.033248876623205345 0.02557274431795715
14 0.20037351582501728 0.1896866481368562 0.033248876623205345 0.02557274431795715
14 0.19609375 0.3953125 0.0328125 0.009375
14 0.13614164610167076 0.09155883969486975 0.033248876623205345 0.02557274431795715
14 0.13332415786949828 0.3330878206201463 0.03637387662320535 0.02562729139585791
14 0.07146153733537268 0.10206569156130892 0.03168637662320535 0.025545470779006863
14 0.01171875 0.1078125 0.0234375 0.025
12 0.32861729261037853 0.2390263547124034 0.031659103084255055 0.023982970779006862
12 0.325 0.3921875 0.034375 0.015625
12 0.13295201095375334 0.3565389573896215 0.031659103084255055 0.023982970779006862
12 0.07498991192998332 0.03557762094445786 0.03168637662320535 0.025545470779006773
29 0.2689150101429744 0.22131274919251637 0.04092500892845372 0.017896612012708778
29 0.14016667288703194 0.14306679261696909 0.03462046185055314 0.014662517856907442
29 0.13895082061355576 0.25249633969486973 0.03780000892845372 0.0178420649348082
29 0.136363383112732 0.3728906603117208 0.03774546185055314 0.0147170649348082
29 0.07504623335761326 0.1731185312528834 0.03774546185055314 0.0147170649348082
13 0.33351507264215063 0.3405343076345028 0.042623876623205346 0.02573638555165907
13 0.2031281432590017 0.34749914813685623 0.037909103084255234 0.024092064934808022
17 0.27273371103647887 0.1266860418061902 0.04103410308425506 0.02414661201270878
17 0.2692422926103785 0.24006274919251638 0.04415910308425506 0.024201159090609537
28 0.33125 0.00625 0.03125 0.0125
28 0.2671875 0.00859375 0.03125 0.0171875
28 0.2631928900125907 0.29643548011779297 0.031659103084255055 0.023982970779006862
28 0.20077293627971252 0.167798011367381 0.031659103084255236 0.023982970779006775
28 0.07419107102059286 0.0793548944834082 0.03168637662320535 0.025545470779006773
28 0.0731973611986346 0.1567395547918337 0.030096603084255234 0.023955697240056483
28 0.01015625 0.2890625 0.0203125 0.025
18 0.3376359622542949 0.08413430317027588 0.037690914772652385 0.011592064934808199
18 0.3301133831127319 0.3695087414818786 0.04081591477265238 0.011646612012708779
18 0.07274516801576798 0.30991910186973437 0.04081591477265238 0.011646612012708956
18 0.015625 0.21640625 0.03125 0.0109375
22 0.2617628035674272 0.34882014042621845 0.03343979139585791 0.03651024431795698
22 0.13800810917003972 0.06417417938644428 0.03343979139585791 0.03651024431795715
22 0.01171875 0.146875 0.0234375 0.0375
34 0.19683763839103302 0.03188778490633135 0.0441045560063543 0.021076159090609538
34 0.12734375 0.39296875 0.0421875 0.0140625
34 0.06545481939573979 0.2951980827950109 0.04103410308425506 0.02414661201270878
16 0.3254359711827487 0.10153999148187864 0.042623876623205346 0.025736385551659156
16 0.064092916797952 0.35148899310343645 0.04103410308425506 0.02414661201270878
16 0.01015625 0.2578125 0.0203125 0.025
32 0.20086048538620815 0.2623565349063314 0.033385244317956975 0.033385244317957155
32 0.13686044074393938 0.1775099764643449 0.03343979139585791 0.03651024431795715
15 0.13980993709049142 0.30171508969486976 0.04087046185055314 0.014771612012708957
15 0.14161789894104454 0.3157503161559195 0.04087046185055314 0.014771612012708957
11 0.33582800040374183 0.07009907670922626 0.04574887662320535 0.025790932629559827
11 0.3370007625786064 0.13728657670922625 0.04103410308425506 0.024146612012708867
11 0.01640625 0.08515625 0.0328125 0.0234375
10 0.331294459007884 0.034229760556602117 0.031659103084255055 0.023982970779006775
10 0.32959736566286146 0.16086044440397798 0.033248876623205345 0.02557274431795715
10 0.3285666996723931 0.19135646794292835 0.031659103084255236 0.023982970779006862
10 0.3272417532431156 0.29453601502082893 0.031659103084255055 0.023982970779006862
10 0.26533031412073405 0.1502599095009419 0.031659103084255236 0.023982970779006775
10 0.26280710632737064 0.3191053668872681 0.031659103084255236 0.023982970779006862
10 0.13824388839103302 0.03291054261696909 0.0316045560063543 0.020857970779006862
10 0.13243776785361216 0.2823065706201463 0.03478410308425524 0.024037517856907442
10 0.07457685470581285 0.05668500771393301 0.030096603084255234 0.023955697240056396
10 0.07132298985043502 0.2732139886392096 0.03168637662320535 0.025545470779006863
10 0.06938043465485944 0.3857821724865854 0.03168637662320535 0.025545470779006863
10 0.009375 0.39140625 0.01875 0.0171875
21 0.33688771428288977 0.1755814634787014 0.037690914772652385 0.011592064934808199
21 0.208299064120734 0.1512553936726293 0.040734094155801516 0.006959112012708868
21 0.0171875 0.0453125 0.034375 0.00625
21 0.015625 0.05703125 0.03125 0.0078125
25 0.0664348924482228 0.2170321724865854 0.04103410308425524 0.024146612012708957
25 0.06467752353565501 0.2506668327950109 0.042623876623205346 0.025736385551659247
30 0.19860823863261903 0.312411081984232 0.03012387662320535 0.025518197240056394
32 0.2669961797868908 0.06661161242304123 0.033385244317957155 0.033385244317957155
31 0.2649581672049891 0.17371104627041706 0.031659103084255055 0.023982970779006862
31 0.0109375 0.20078125 0.021875 0.0265625
23 0.2023569813290184 0.0794622142894803 0.031659103084255236 0.023982970779006862
18 0.205756491068251 0.22944857752000516 0.037690914772652385 0.011592064934808199
21 0.20515824756107276 0.3294894878284307 0.040734094155801336 0.006959112012708957
18 0.1423058713449044 0.13130713230854357 0.037690914772652385 0.011592064934808199
18 0.07898371103647887 0.13006796063603235 0.037690914772652385 0.011592064934808199
18 0.015625 0.028125 0.03125 0.00625
15 0.69453125 0.2 0.6109375 0.4
16 0.684375 0.7 0.63125 0.6