24 0.02270185547940844 0.40171368942018654 0.030803460910325244 0.03445059471009344
24 0.1418824191148904 0.38532909719975483 0.03249350666795978 0.03610409997176518
24 0.2725904141139206 0.36728329444186203 0.03249350666795978 0.03610409997176518
24 0.39375 0.28046875 0.0125 0.0359375
24 0.3738983383504671 0.2176766785439071 0.03249350666795969 0.03610409997176518
24 0.07469556380465985 0.1909196735645839 0.03093100666795978 0.03601309471009344
24 0.34548655380272014 0.15537409961882923 0.03249350666795969 0.03610409997176518
24 0.07850660576927253 0.05662797355046641 0.03249350666795978 0.03610409997176518
24 0.2458855533436782 0.030610047072697988 0.03249350666795978 0.03610409997176518
23 0.01665889169414527 0.4705623999576477 0.02624350666795978 0.03574007892507769
23 0.23045071153854507 0.3749368997458862 0.03093100666795978 0.036013094710093264
23 0.04575671820650484 0.3983912683452643 0.03249350666795978 0.03610409997176518
23 0.11817385214542857 0.3901685156438412 0.03105855242559432 0.037575594710093266
23 0.1556741100213363 0.316154162970653 0.029113415152690704 0.03279708944842134
23 0.21259378971789458 0.3085838576525114 0.03093100666795978 0.036013094710093264
23 0.041037783049934794 0.2643802893919517 0.029113415152690704 0.03279708944842134
23 0.1871156865336959 0.24411953925077742 0.029113415152690704 0.03279708944842134
23 0.39140625 0.14453125 0.0171875 0.0328125
23 0.00390625 0.134375 0.0078125 0.034375
23 0.05538797016335888 0.05916914462538867 0.029113415152690704 0.03279708944842143
23 0.16616610243529265 0.044627773465761814 0.03093100666795978 0.036013094710093264
14 0.09806838836016536 0.45819817882625563 0.03274859818322886 0.03922909997176518
14 0.26335867744984015 0.43516874445597953 0.03249350666795969 0.03610409997176518
14 0.32796331138876383 0.4264909654461972 0.03249350666795987 0.03610409997176518
14 0.31948138956811334 0.3606839549228534 0.03249350666795987 0.03610409997176518
14 0.3517837065375753 0.3563450654179622 0.03249350666795969 0.03610409997176518
14 0.39453125 0.34765625 0.0109375 0.0359375
14 0.08566449896122988 0.3252946735645839 0.03249350666795978 0.03610409997176518
14 0.2915957635050974 0.2953018786286116 0.03249350666795978 0.03610409997176518
14 0.06396510001939666 0.2594953683170294 0.03249350666795978 0.03610409997176518
14 0.08473998562531034 0.25681768934959937 0.03274859818322886 0.03922909997176518
14 0.28539381880562964 0.22885012599777568 0.03249350666795978 0.03610409997176518
14 0.12249533501648716 0.1859283366764112 0.03093100666795978 0.036013094710093264
14 0.2761306469849792 0.16299761284359607 0.03249350666795978 0.03610409997176518
14 0.07617857334755755 0.12336044724210718 0.03249350666795978 0.03610409997176518
14 0.2691474522855114 0.09650035758192424 0.03249350666795978 0.03610409997176518
14 0.009375 0.06328125 0.01875 0.0359375
12 0.17569918078382002 0.44716894454068407 0.03249350666795969 0.03610409997176518
12 0.22013548062434046 0.23904490237672213 0.03249350666795978 0.03610409997176518
12 0.37109375 0.01640625 0.0328125 0.0328125
29 0.06978414957005304 0.397458099901178 0.021938643940863402 0.04015456314006229
29 0.34349310335337657 0.29288180489461857 0.021683552425594322 0.0370295631400623
29 0.013486738959290201 0.26977344468185843 0.02324605242559432 0.037120568401734035
29 0.1480372110795031 0.25117390507814524 0.024936098183228773 0.038774073663405774
29 0.35728479425982246 0.2237068706655167 0.021938643940863402 0.04015456314006229
13 0.0078125 0.41015625 0.015625 0.0484375
13 0.17911161002133635 0.3175192418957307 0.03507637272903601 0.04869510523343692
13 0.10902250850412758 0.25900952090551305 0.03494882697140152 0.04713260523343692
13 0.1005405866834771 0.19320251038216937 0.033386326971401516 0.04704159997176518
13 0.2113030013771259 0.11179215763839397 0.03338632697140156 0.04704159997176518
13 0.23423031834658775 0.1069072365634717 0.03494882697140156 0.04713260523343701
13 0.19188357955647542 0.04534811028334733 0.03494882697140156 0.04713260523343692
17 0.36240208426758114 0.42927433120297775 0.03338632697140156 0.04704159997176518
17 0.2258121694047545 0.041881476040128 0.03494882697140156 0.04713260523343701
17 0.3890625 0.021875 0.021875 0.04375
27 0.10415940744596082 0.32326173670464603 0.019610869395056164 0.030688557878390376
27 0.0109375 0.20078125 0.021875 0.0359375
27 0.2522788166795978 0.09940554970353391 0.021173369395056162 0.030779563140062204
28 0.24264756472274374 0.4386276734234095 0.027806006667959782 0.03583108418674961
28 0.38408602350703713 0.35200617591307115 0.03093100666795969 0.036013094710093264
28 0.0046875 0.26796875 0.009375 0.0359375
28 0.26396522895735053 0.2330448023343698 0.03249350666795978 0.03610409997176518
28 0.3393160442598225 0.22266031015629045 0.03093100666795969 0.03601309471009344
28 0.29070358789142514 0.0938681812453301 0.03249350666795969 0.03610409997176518
28 0.3121959506185215 0.090454754908736 0.03093100666795969 0.036013094710093264
28 0.3544631989515315 0.08436364960471185 0.03249350666795969 0.03610409997176509
18 0.33671875 0.48359375 0.0203125 0.0109375
18 0.13741857547358943 0.2544431182464423 0.015561098183228862 0.038228042093374805
18 0.16972089244305133 0.2501042287415511 0.0188136439408634 0.03997255261671846
18 0.00234375 0.20546875 0.0046875 0.0421875
18 0.38344893940863384 0.1536974785297896 0.02075878121376693 0.04475105787839038
18 0.3403209506185215 0.09209284961882931 0.01556109818322895 0.038228042093374805
22 0.06810982139070351 0.46267357622365457 0.045248598183228864 0.039957142065139804
22 0.03265106926467163 0.333092492036905 0.045248598183228864 0.039957142065139804
22 0.26560721941445287 0.3007860391801902 0.04212359818322886 0.03977513154179633
22 0.044864542592832526 0.19695757096198285 0.04499350666795978 0.03683214206513981
22 0.1509551748647663 0.18214318401734034 0.041868506667959784 0.036650131541796326
22 0.3154642139544411 0.15906824701622818 0.04212359818322877 0.03977513154179633
22 0.04622000637809569 0.12783584463950612 0.04212359818322886 0.03977513154179615
22 0.3184302330402365 0.02394979437127489 0.04212359818322877 0.03977513154179615
34 0.24896159547746874 0.36357446551678424 0.03038887272903601 0.04842208944842134
34 0.1526454784983086 0.10759821032569965 0.03351387272903601 0.04860409997176518
16 0.34921875 0.475 0.0359375 0.028125
32 0.1694972360843523 0.3807171919098481 0.04212359818322877 0.03977513154179633
32 0.37716660168638666 0.2862901706513993 0.04212359818322895 0.03977513154179633
32 0.10696644561755164 0.05284282089139562 0.04056109818322886 0.03968412628012441
11 0.321875 0.48203125 0.034375 0.0140625
11 0.38515625 0.478125 0.0296875 0.021875
11 0.13237961548134808 0.4594190445830364 0.03351387272903601 0.04860409997176518
11 0.06364597774940255 0.33178759727034207 0.03494882697140156 0.04713260523343692
11 0.2543034444096037 0.17183428654935434 0.03338632697140156 0.04704159997176518
11 0.3859375 0.084375 0.028125 0.046875
10 0.284375 0.48515625 0.03125 0.0078125
10 0.0380874815424244 0.46636772362105355 0.03249350666795978 0.03610409997176518
10 0.19894536214736824 0.44619027346576184 0.03249350666795978 0.03610409997176518
10 0.38253924108532206 0.41878415223554777 0.03093100666795969 0.036013094710093264
10 0.20720453017499688 0.3759155708208085 0.03093100666795978 0.036013094710093264
10 0.13255547441542265 0.31869533404557526 0.03249350666795978 0.03610409997176518
10 0.23486740244499096 0.30521593394675317 0.027806006667959782 0.03583108418674961
10 0.24247286623025416 0.23645822867096394 0.03093100666795978 0.036013094710093264
10 0.018477643650999288 0.1308852499294128 0.03274859818322886 0.03922909997176509
10 0.18689293274067403 0.10803782608248032 0.03093100666795978 0.036013094710093264
10 0.14382871682937898 0.04721444717151999 0.03093100666795978 0.036013094710093264
21 0.3700713209316616 0.36129787592718854 0.01594373545613248 0.0429155420933748
21 0.21587867319777634 0.177371655007558 0.01594373545613248 0.0429155420933748
21 0.22740610456132454 0.17571044447009693 0.015561098183228862 0.038228042093374805
25 0.390625 0.209375 0.01875 0.046875
30 0.21952892911683008 0.44116884449833177 0.03093100666795978 0.036013094710093264
30 0.009375 0.33671875 0.01875 0.0359375
30 0.396875 0.07578125 0.00625 0.0359375
30 0.348325027130881 0.01869314697387594 0.03093100666795969 0.036013094710093264
14 0.15186306805672362 0.4504458629847704 0.03093100666795978 0.036013094710093264
32 0.3002847215404847 0.43032162073610386 0.03887105242559432 0.03803062101845249
31 0.3953125 0.41484375 0.009375 0.0359375
31 0.3677601665298166 0.15200617591307114 0.030803460910325244 0.03445059471009326
20 0.0991527851759667 0.39528094987294315 0.033513872729036054 0.04860409997176518
20 0.03590451758798334 0.06814232622365464 0.03144118969849794 0.04226309471009326
23 0.296426526841017 0.3640063759977757 0.03093100666795978 0.036013094710093264
18 0.332874467747463 0.29615101806291566 0.020503689698497852 0.0416260578783902
18 0.3144913874420815 0.2328774733387049 0.0188136439408634 0.03997255261671846
18 0.19803746895541088 0.17788759449833175 0.0156886439408634 0.039790542093374806
22 0.12729466319583665 0.12089487087727821 0.04432382697140156 0.047678636803468066
32 0.2746004847072264 0.029949894413627165 0.041868506667959784 0.036650131541796235
1 0.65625 0.24453125 0.5125 0.4890625
25 0.11309343125 0.4890625 0 0.5078217734375 0 0.5728372765625 0.0157845859375 0.57803519375 0.037748 0.6273810187500001 0.13944308593750002 1 0.4 1 0.4 0.8542663015624999 0.23172993125 0.8711981453125001 0.151366809375 0.5767412046875 0.1644469984375 0.531278409375 0.239427509375 0.4947141828125 0.23589321875000002 0.4890625 0.11309343125 0.4890625
30 0.7 0.74453125 0.6 0.5109375