24 0.3597370323145016 0.17410348410830706 0.037247028855940556 0.03896434091247088
24 0.3851214343139347 0.34079889418441933 0.03401290145127902 0.03571200692008212
24 0.2897022961094997 0.2807155814465688 0.037247028855940556 0.03896434091247105
24 0.18585309901205732 0.21629493718778736 0.037247028855940556 0.03896434091247105
24 0.009375 0.1 0.01875 0.0375
24 0.03133921380284725 0.19528605330912932 0.035684528855940555 0.038900673916276676
24 0.0109375 0.253125 0.021875 0.0375
24 0.19337538921592526 0.4476895172258434 0.035684528855940555 0.038900673916276676
24 0.0921875 0.52265625 0.034375 0.0140625
23 0.372212239663563 0.10728339863304352 0.03401290145127902 0.03571200692008212
23 0.13218992958942916 0.03280861654127145 0.035684528855940555 0.038900673916276586
23 0.2202454571794253 0.23673742977341358 0.032450401451278844 0.03564833992388792
23 0.36602669393258136 0.32909473163684916 0.035684528855940555 0.038900673916276676
23 0.30957828649085284 0.2923879104960417 0.0308333377489479 0.03402217292769336
23 0.36960307251836966 0.4054025636520716 0.03245040145127902 0.03564833992388792
23 0.2290996128070554 0.31829117730195566 0.032450401451278844 0.03564833992388792
23 0.18406985500250705 0.28970060368969025 0.032450401451278664 0.03564833992388792
23 0.0140625 0.1828125 0.028125 0.0375
23 0.27237340845321895 0.41950616741612395 0.032450401451278844 0.03564833992388792
23 0.15476181171859632 0.34706477612309194 0.032450401451278844 0.03564833992388792
23 0.209375 0.52109375 0.034375 0.0171875
23 0.022616455913481028 0.48975363631293495 0.03406746515360979 0.03727450692008212
14 0.27140619701262436 0.04507917038187341 0.03562996515360979 0.037338173916276585
14 0.3963640130772079 0.19757547619964164 0.035684528855940555 0.038900673916276676
14 0.3161606471052917 0.1485742434998473 0.03401290145127902 0.03571200692008212
14 0.09609375 0.01484375 0.0359375 0.0296875
14 0.37311499683513905 0.260153730648266 0.035684528855940555 0.038900673916276676
14 0.24187740971916333 0.17578534232098358 0.035684528855940555 0.038900673916276676
14 0.18911699746811123 0.14516935368969017 0.034012901451278846 0.03571200692008229
14 0.1112300996450295 0.09685387049560408 0.035684528855940555 0.038900673916276676
14 0.05787941035213553 0.060800965362407845 0.034012901451278665 0.03571200692008221
14 0.147663618249351 0.19288661209264718 0.035684528855940555 0.038900673916276676
14 0.12248256897499044 0.17674961752985469 0.037247028855940556 0.03896434091247088
14 0.07893346561694585 0.15043912692139472 0.035684528855940555 0.038900673916276676
14 0.28482133395111486 0.35346733194086033 0.037247028855940556 0.03896434091247105
14 0.1191095431142748 0.2510002010279518 0.035684528855940555 0.038900673916276676
14 0.25166160436953494 0.40942817186474817 0.035684528855940555 0.038900673916276676
14 0.23566458213701633 0.3983779253247892 0.037301592558271326 0.04052684091247087
14 0.07453116389551458 0.2988447934232976 0.037247028855940556 0.03896434091247088
14 0.26897310074133784 0.49453800091422107 0.035684528855940555 0.038900673916276676
14 0.1568029721555498 0.4226550251345088 0.035684528855940555 0.038900673916276676
14 0.03377718912325802 0.3488739683281574 0.035684528855940555 0.038900673916276676
14 0.1434919511041576 0.4910694441078697 0.035684528855940555 0.038900673916276676
14 0.00390625 0.39453125 0.0078125 0.0390625
12 0.11387643920807608 0.021072620495604166 0.03406746515360979 0.037274506920082294
12 0.31211549864923765 0.21973166049604168 0.037247028855940556 0.03896434091247105
12 0.1280455442954011 0.33021019855649386 0.03562996515360979 0.037338173916276675
29 0.4140625 0.1359375 0.009375 0.0375
29 0.33418645000784936 0.07918757353790337 0.03250496515360979 0.03721083992388783
29 0.09229905037066892 0.08046220794803402 0.034176592558271324 0.04039950692008221
29 0.34935754910472455 0.3149513185949875 0.030942465153609787 0.03714717292769336
29 0.08186500345856107 0.2228725424347145 0.029270837748947898 0.03395850593149916
29 0.0046875 0.16875 0.009375 0.0375
29 0.2945658669834067 0.43186424597130524 0.029270837748947898 0.03395850593149898
29 0.18767351543946056 0.3652271857049126 0.029325401451278665 0.035521005931499164
29 0.02201628830495128 0.2611975547920041 0.030942465153609787 0.03714717292769336
29 0.30272061816453294 0.5111060769979445 0.030942465153609787 0.03714717292769336
13 0.40234375 0.3484375 0.0328125 0.046875
13 0.21402024983036405 0.30330284726389956 0.04064484736759475 0.046904174904859805
13 0.2198039691603249 0.3834214287848304 0.04220734736759475 0.046967841901054186
13 0.1783233080903992 0.4319199371877874 0.038973219962933216 0.04371550790866543
13 0.041423508816038714 0.42033513285289387 0.037410719962933214 0.043651840912470874
13 0.020766268434685563 0.40869463730151806 0.038973219962933216 0.04371550790866543
13 0.0125 0.4734375 0.025 0.04375
17 0.409375 0.203125 0.01875 0.04375
17 0.16878713930074324 0.12415385813831445 0.03579365626060227 0.04202567391627667
17 0.07867305998931577 0.06853521091378356 0.03902778366526398 0.04527800790866543
17 0.28982131408084905 0.5007097464655967 0.037410719962933214 0.043651840912470874
27 0.4078125 0.13046875 0.021875 0.0328125
27 0.38341014529119305 0.18874164566729404 0.027599210344286362 0.030769838935304605
27 0.27033224801626543 0.3439159184047071 0.027599210344286362 0.030769838935304605
27 0.2461085196158118 0.4790867558571369 0.02765377404661713 0.03233233893530461
27 0.0078125 0.4015625 0.015625 0.03125
28 0.4109375 0.00625 0.015625 0.0125
28 0.29938237487277297 0.13755583045798564 0.035684528855940555 0.038900673916276676
28 0.25865568195168187 0.18680375536284544 0.032450401451278844 0.03564833992388792
28 0.032643797375444004 0.0462264707996153 0.032450401451278844 0.03564833992388783
28 0.09652026970062985 0.1606444564651593 0.032450401451278844 0.03564833992388792
28 0.3074106073647599 0.44382307650365294 0.035684528855940555 0.038900673916276676
28 0.09365318612803311 0.3097677059708676 0.035684528855940555 0.038900673916276676
28 0.03338037423980076 0.27087630232054616 0.03406746515360979 0.03727450692008212
18 0.3876462667054049 0.11211547867109965 0.02620040145127902 0.03539367193911023
18 0.21796875 0.01171875 0.0265625 0.0234375
18 0.20078125 0.00625 0.0265625 0.0125
18 0.2377925996450295 0.09169684380385848 0.026200401451278842 0.03539367193911023
18 0.19613085618363346 0.3687832672258434 0.026200401451278842 0.0353936719391104
18 0.17016855690927288 0.3526781061611481 0.026200401451278842 0.03539367193911023
18 0.2569096103599847 0.48254733688377616 0.026200401451278842 0.03539367193911023
22 0.39609375 0.271875 0.0453125 0.046875
22 0.00625 0.0203125 0.0125 0.040625
22 0.3260539691603249 0.37909207304361175 0.045223219962933214 0.043970175893442945
22 0.1428099379421317 0.2648571125869387 0.045277783665263985 0.04553267589344294
22 0.21785703404378207 0.46151459528673316 0.045223219962933214 0.043970175893442945
22 0.1338838273276929 0.40876628007742477 0.04360615626060227 0.04234400889724856
22 0.0125 0.32734375 0.025 0.0421875
22 0.1679735959320144 0.5048945221687593 0.04360615626060227 0.04234400889724839
34 0.3964483478309308 0.1281397266939333 0.03579365626060209 0.04202567391627667
34 0.1993153982864179 0.23290943422203786 0.037465283665263985 0.04521434091247105
34 0.07920376181126354 0.45546220794803405 0.04064484736759475 0.046904174904859805
16 0.35141859002638254 0.0995491530816679 0.03897321996293286 0.04371550790866543
16 0.2864582781381504 0.0608487504199295 0.04220734736759475 0.046967841901054186
16 0.21745281779386402 0.09330576475438548 0.038973219962933216 0.04371550790866543
24 0.317244486668338 0.07285666049604167 0.037247028855940556 0.03896434091247105
29 0.2600966747801058 0.033837922853331336 0.030942465153609787 0.03714717292769345
32 0.23168149810108343 0.020953262282927553 0.04042659255827132 0.040654174904859806
32 0.26670130572814654 0.2691705863894846 0.04360615626060209 0.04234400889724856
32 0.024020276324051792 0.11444988878439286 0.04360615626060227 0.04234400889724856
32 0.05350439048186963 0.20842538186431064 0.04360615626060227 0.04234400889724856
32 0.06875 0.51328125 0.04375 0.0328125
15 0.20859375 0.00859375 0.0328125 0.0171875
32 0.3375718556354794 0.16096415555312582 0.04360615626060209 0.04234400889724856
11 0.24918396743104446 0.10059434133240046 0.04064484736759475 0.046904174904859805
11 0.19655996443581944 0.066072102701107 0.037410719962933214 0.043651840912470964
11 0.35046867051893643 0.23845248559118187 0.040644847367595105 0.046904174904859805
11 0.3048337335882952 0.36123341099033324 0.038973219962933216 0.04371550790866543
11 0.05465268431393451 0.35426446387953303 0.037410719962933214 0.043651840912470874
10 0.27342007559841236 0.12145066939329023 0.032450401451278844 0.03564833992388792
10 0.17568446924514286 0.06068160714973132 0.035684528855940555 0.038900673916276676
10 0.1504761381196169 0.045325862586938735 0.032450401451278844 0.03564833992388783
10 0.06875 0.00625 0.034375 0.0125
10 0.41015625 0.28828125 0.0171875 0.0390625
10 0.2953372264167191 0.20871324745418002 0.035684528855940555 0.038900673916276676
10 0.146430989663563 0.1164832795831332 0.0308333377489479 0.03402217292769336
10 0.015625 0.034375 0.03125 0.0375
10 0.23777769756077854 0.24850525931717807 0.03406746515360979 0.037274506920082294
10 0.24741310318840853 0.33002717334762294 0.035684528855940555 0.038900673916276676
10 0.16572908276998852 0.2787458576440228 0.03250496515360961 0.03721083992388792
10 0.1112399902117172 0.3199730355146322 0.03250496515360979 0.03721083992388792
10 0.18984375 0.51484375 0.0359375 0.0296875
10 0.05485852623923382 0.4377308798871443 0.035684528855940555 0.038900673916276676
10 0.040148696294834176 0.5015214658566993 0.03406746515360979 0.037274506920082474
21 0.16758179256612057 0.0469692756288004 0.026200401451278842 0.03539367193911023
21 0.11279011044480267 0.16388220300511822 0.026200401451278665 0.0353936719391104
21 0.08594732433246807 0.37405304045754806 0.026200401451278665 0.03539367193911023
21 0.07676329729062603 0.3689662924347144 0.026200401451278842 0.03539367193911023
30 0.2769964541842005 0.19775850140851273 0.032450401451278844 0.03564833992388792
30 0.3512895821370165 0.39366656760640434 0.03401290145127902 0.03571200692008212
30 0.32502469329960915 0.4532471560474173 0.03245040145127902 0.03564833992388792
14 0.33118295717942525 0.23221707304361186 0.03250496515360979 0.03721083992388792
32 0.21284467414713362 0.15824501524867712 0.04209821996293321 0.04384284190105418
31 0.12962543557987888 0.10624611654127145 0.03406746515360979 0.037274506920082294
20 0.32649296797919847 0.2995000735379033 0.037465283665263985 0.045214340912470875
23 0.16675835863070415 0.20459077464021735 0.032450401451278844 0.03564833992388792
18 0.05087295300307417 0.12739821635099097 0.024583337748947897 0.033767504942915846
18 0.0910763123515685 0.22717804045754802 0.026200401451278842 0.03539367193911023
19 0.3394864973832933 0.4635798195835707 0.03434028366526398 0.045087006920082294
18 0.05802571017465023 0.28001388038143593 0.02781746515360961 0.037019838935304604
18 0.09809266026731747 0.38369995448799293 0.026200401451278842 0.03539367193911023
22 0.10624741144844378 0.46294178551463216 0.04856647477225664 0.0503475098858317
23 0.709375 0.26484375 0.58125 0.5296875
30 0.209375 0.76484375 0.41875 0.4703125
8 0.709375 0.76484375 0.58125 0.4703125