12 0.509375 0.1 0.0265625 0.0375
24 0.53515625 0.103125 0.0203125 0.0296875
24 0.6671875 0.26796875 0.021875 0.0265625
24 0.078125 0.3296875 0.021875 0.0296875
24 0.18125 0.3296875 0.021875 0.0296875
24 0.0671875 0.45078125 0.021875 0.0265625
24 0.18125 0.45078125 0.021875 0.0296875
24 0.30625 0.45078125 0.021875 0.0296875
24 0.52734375 0.44921875 0.021875 0.0296875
24 0.7328125 0.44921875 0.021875 0.0296875
24 0.8109375 0.45078125 0.021875 0.0265625
24 0.44921875 0.51171875 0.021875 0.0296875
24 0.65390625 0.5109375 0.021875 0.0296875
24 0.4375 0.571875 0.021875 0.028125
24 0.7390625 0.571875 0.021875 0.028125
24 0.16796875 0.63359375 0.0203125 0.028125
24 0.4265625 0.63203125 0.021875 0.028125
24 0.55390625 0.63203125 0.021875 0.028125
24 0.57578125 0.63359375 0.021875 0.028125
24 0.62890625 0.69453125 0.021875 0.028125
24 0.76796875 0.69453125 0.021875 0.028125
24 0.20546875 0.75390625 0.021875 0.0296875
24 0.36640625 0.75625 0.021875 0.028125
24 0.853125 0.828125 0.0171875 0.025
24 0.75625 0.94375 0.0203125 0.025
23 0.55625 0.103125 0.0203125 0.0296875
23 0.578125 0.103125 0.021875 0.0296875
23 0.209375 0.26796875 0.021875 0.0265625
23 0.45546875 0.3296875 0.021875 0.0296875
23 0.5515625 0.3296875 0.0203125 0.0265625
23 0.6671875 0.3296875 0.0203125 0.0296875
23 0.8390625 0.328125 0.0171875 0.0265625
23 0.04296875 0.390625 0.0171875 0.0296875
23 0.71484375 0.390625 0.021875 0.0296875
23 0.84765625 0.3890625 0.0203125 0.0296875
23 0.265625 0.44921875 0.0203125 0.0296875
23 0.0890625 0.45078125 0.021875 0.0296875
23 0.1578125 0.44921875 0.0203125 0.0296875
23 0.61328125 0.45078125 0.0203125 0.0296875
23 0.834375 0.45078125 0.021875 0.0296875
23 0.04296875 0.5109375 0.0171875 0.0296875
23 0.21171875 0.51171875 0.0203125 0.025
23 0.265625 0.5109375 0.0203125 0.0296875
23 0.47265625 0.51171875 0.0203125 0.0296875
23 0.71875 0.51171875 0.0203125 0.025
23 0.771875 0.51171875 0.021875 0.0296875
23 0.11796875 0.571875 0.0203125 0.025
23 0.25859375 0.571875 0.0203125 0.025
23 0.56484375 0.571875 0.0203125 0.025
23 0.640625 0.571875 0.021875 0.028125
23 0.76171875 0.571875 0.0203125 0.028125
23 0.89453125 0.571875 0.0203125 0.028125
23 0.47734375 0.63359375 0.0203125 0.0265625
23 0.5984375 0.63203125 0.0203125 0.028125
23 0.65234375 0.63359375 0.021875 0.028125
23 0.91796875 0.63359375 0.021875 0.028125
23 0.10703125 0.69375 0.021875 0.0265625
23 0.5421875 0.69375 0.021875 0.0265625
23 0.72578125 0.69453125 0.0203125 0.028125
23 0.790625 0.69453125 0.0203125 0.028125
23 0.88671875 0.69375 0.0203125 0.0265625
23 0.18359375 0.7546875 0.0203125 0.0265625
23 0.28984375 0.75390625 0.0203125 0.0296875
23 0.94921875 0.828125 0.0140625 0.025
14 0.60078125 0.103125 0.021875 0.0296875
14 0.3296875 0.26953125 0.021875 0.0265625
14 0.73203125 0.26953125 0.021875 0.0265625
14 0.13671875 0.3296875 0.0203125 0.0296875
14 0.234375 0.33046875 0.021875 0.0296875
14 0.4984375 0.33046875 0.021875 0.0296875
14 0.88359375 0.33046875 0.021875 0.0296875
14 0.12265625 0.390625 0.021875 0.03125
14 0.28125 0.390625 0.021875 0.0296875
14 0.3421875 0.390625 0.021875 0.0296875
14 0.4359375 0.390625 0.021875 0.0296875
14 0.50234375 0.3890625 0.021875 0.0296875
14 0.6109375 0.390625 0.0203125 0.0296875
14 0.79453125 0.390625 0.021875 0.0296875
14 0.35078125 0.45078125 0.021875 0.0296875
14 0.38203125 0.45078125 0.021875 0.0296875
14 0.43359375 0.45078125 0.021875 0.0296875
14 0.6359375 0.45078125 0.021875 0.0296875
14 0.6578125 0.45078125 0.021875 0.0296875
14 0.78984375 0.45078125 0.021875 0.0296875
14 0.85546875 0.45078125 0.021875 0.0296875
14 0.14453125 0.51171875 0.021875 0.0296875
14 0.3421875 0.51328125 0.021875 0.0296875
14 0.56953125 0.51171875 0.021875 0.03125
14 0.95703125 0.51171875 0.021875 0.0296875
14 0.140625 0.5734375 0.021875 0.028125
14 0.1609375 0.5734375 0.021875 0.03125
14 0.353125 0.5734375 0.021875 0.028125
14 0.82421875 0.5734375 0.0203125 0.028125
14 0.078125 0.63359375 0.021875 0.03125
14 0.2140625 0.63203125 0.0203125 0.028125
14 0.3609375 0.63359375 0.021875 0.028125
14 0.9625 0.63203125 0.021875 0.028125
14 0.1859375 0.69453125 0.021875 0.028125
14 0.37109375 0.69453125 0.021875 0.028125
14 0.56484375 0.69453125 0.021875 0.028125
14 0.8140625 0.69453125 0.021875 0.028125
14 0.93984375 0.69453125 0.021875 0.028125
14 0.053125 0.75390625 0.021875 0.0296875
14 0.13359375 0.75625 0.021875 0.028125
14 0.9328125 0.8296875 0.0171875 0.0265625
14 0.3109375 0.94375 0.0203125 0.0265625
14 0.83515625 0.94453125 0.0171875 0.025
23 0.853125 0.94375 0.0140625 0.025
12 0.62265625 0.103125 0.021875 0.025
12 0.47734375 0.3296875 0.0203125 0.0296875
12 0.6265625 0.3296875 0.021875 0.0296875
12 0.196875 0.390625 0.021875 0.0296875
12 0.59140625 0.51171875 0.0203125 0.0296875
12 0.290625 0.571875 0.021875 0.028125
12 0.8421875 0.69453125 0.021875 0.028125
12 0.4859375 0.7546875 0.021875 0.028125
29 0.6390625 0.1 0.0125 0.034375
29 0.14921875 0.265625 0.0125 0.034375
29 0.25859375 0.265625 0.0140625 0.034375
29 0.62734375 0.2640625 0.0140625 0.0328125
29 0.803125 0.265625 0.0125 0.034375
29 0.09609375 0.3265625 0.0140625 0.0328125
29 0.68984375 0.3265625 0.0125 0.0328125
29 0.75625 0.3265625 0.0125 0.0328125
29 0.78984375 0.3265625 0.0125 0.0328125
29 0.4625 0.38671875 0.0140625 0.0390625
29 0.68984375 0.38671875 0.0125 0.03125
29 0.11171875 0.4484375 0.0125 0.034375
29 0.390625 0.50859375 0.0125 0.03125
29 0.49375 0.50859375 0.0140625 0.034375
29 0.60703125 0.50859375 0.0125 0.034375
29 0.09140625 0.57109375 0.0125 0.03125
29 0.22109375 0.57109375 0.0140625 0.03125
29 0.4203125 0.56953125 0.0125 0.034375
29 0.78359375 0.56953125 0.0140625 0.034375
29 0.83984375 0.57109375 0.0125 0.034375
29 0.03984375 0.6296875 0.0125 0.034375
29 0.83515625 0.63125 0.0125 0.034375
29 0.86875 0.63125 0.0125 0.034375
29 0.06953125 0.75234375 0.0140625 0.03125
29 0.9640625 0.8265625 0.0125 0.0296875
29 0.86875 0.9421875 0.0125 0.0296875
14 0.65625 0.103125 0.021875 0.0296875
13 0.678125 0.0984375 0.021875 0.040625
13 0.5734375 0.32421875 0.021875 0.0390625
13 0.8609375 0.32421875 0.021875 0.0390625
13 0.86875 0.3859375 0.0203125 0.0390625
13 0.04296875 0.44609375 0.021875 0.040625
13 0.58203125 0.44609375 0.0203125 0.0359375
13 0.67890625 0.44453125 0.0203125 0.0390625
13 0.9234375 0.44609375 0.021875 0.0390625
13 0.2328125 0.50703125 0.021875 0.040625
13 0.1828125 0.56875 0.021875 0.0390625
13 0.6625 0.5671875 0.021875 0.034375
13 0.71484375 0.5671875 0.0203125 0.0390625
13 0.19140625 0.62890625 0.0203125 0.0390625
13 0.67421875 0.62734375 0.021875 0.0390625
13 0.93984375 0.62890625 0.021875 0.0390625
13 0.3140625 0.6875 0.0203125 0.0390625
13 0.33671875 0.6890625 0.021875 0.0390625
13 0.58671875 0.6890625 0.021875 0.0390625
13 0.3125 0.75 0.021875 0.0390625
2 0.1765625 0.15625 0.0203125 0.03125
17 0.203125 0.1546875 0.0171875 0.03125
17 0.609375 0.26328125 0.0203125 0.0390625
17 0.6453125 0.26328125 0.0203125 0.0390625
17 0.115625 0.32421875 0.0171875 0.0390625
17 0.3734375 0.384375 0.0203125 0.0390625
17 0.4796875 0.3859375 0.0203125 0.040625
17 0.93515625 0.50625 0.0203125 0.0390625
17 0.05625 0.62890625 0.0203125 0.0390625
17 0.91796875 0.6890625 0.0203125 0.0390625
17 0.3453125 0.7484375 0.021875 0.0390625
17 0.50703125 0.74765625 0.0203125 0.040625
27 0.21875 0.15859375 0.0125 0.025
27 0.1625 0.26796875 0.0140625 0.0265625
27 0.45546875 0.26796875 0.0140625 0.0265625
27 0.56015625 0.26796875 0.0125 0.0234375
27 0.0625 0.328125 0.0125 0.0296875
27 0.15390625 0.3296875 0.0125 0.0296875
27 0.9015625 0.328125 0.0125 0.0265625
27 0.1625 0.51171875 0.0125 0.025
27 0.8078125 0.571875 0.0125 0.025
27 0.87734375 0.571875 0.0140625 0.025
27 0.10703125 0.63203125 0.0140625 0.028125
27 0.98046875 0.63203125 0.0125 0.028125
27 0.35546875 0.69375 0.0125 0.0265625
27 0.525 0.69375 0.0125 0.028125
28 0.23203125 0.15859375 0.0140625 0.025
28 0.71171875 0.26796875 0.0203125 0.0265625
28 0.25390625 0.33046875 0.0203125 0.0296875
28 0.2609375 0.390625 0.0171875 0.0296875
28 0.5328125 0.390625 0.0203125 0.0296875
28 0.6734375 0.3890625 0.0203125 0.0296875
28 0.41328125 0.45078125 0.0203125 0.0296875
28 0.71015625 0.45078125 0.0203125 0.0296875
28 0.88203125 0.45078125 0.0203125 0.0296875
28 0.07421875 0.5734375 0.021875 0.028125
28 0.33203125 0.571875 0.021875 0.028125
28 0.4046875 0.571875 0.0203125 0.028125
28 0.53125 0.63203125 0.0203125 0.028125
28 0.3921875 0.69453125 0.021875 0.028125
28 0.4125 0.69453125 0.0203125 0.028125
28 0.453125 0.69453125 0.021875 0.028125
28 0.978125 0.828125 0.0171875 0.025
17 0.0484375 0.265625 0.0265625 0.0359375
18 0.06640625 0.2640625 0.009375 0.0390625
18 0.08671875 0.26328125 0.00625 0.0359375
18 0.19375 0.2640625 0.0078125 0.0359375
18 0.39765625 0.26328125 0.0078125 0.0390625
18 0.41953125 0.26328125 0.0078125 0.0390625
18 0.571875 0.26328125 0.0078125 0.0359375
18 0.33203125 0.32421875 0.0078125 0.0359375
18 0.6 0.32578125 0.0078125 0.0390625
18 0.77890625 0.32578125 0.0078125 0.0390625
18 0.9078125 0.446875 0.0078125 0.0359375
18 0.7015625 0.50703125 0.0078125 0.0359375
18 0.21015625 0.56875 0.0046875 0.034375
18 0.24140625 0.56875 0.0078125 0.034375
18 0.54921875 0.56953125 0.0078125 0.0390625
18 0.09375 0.6296875 0.0046875 0.0390625
18 0.4625 0.62890625 0.009375 0.0390625
18 0.7515625 0.62890625 0.0078125 0.0390625
18 0.8578125 0.62890625 0.0078125 0.0390625
18 0.4375 0.6890625 0.0046875 0.034375
18 0.27890625 0.9390625 0.0078125 0.0296875
22 0.115625 0.26953125 0.034375 0.0265625
22 0.5015625 0.26953125 0.03125 0.0265625
22 0.8375 0.26796875 0.03125 0.0265625
22 0.93515625 0.328125 0.034375 0.0296875
22 0.09375 0.390625 0.034375 0.0296875
22 0.58203125 0.390625 0.03125 0.0296875
22 0.765625 0.3890625 0.03125 0.0296875
22 0.76328125 0.45078125 0.03125 0.0296875
22 0.09375 0.51171875 0.034375 0.0296875
22 0.31640625 0.51171875 0.03125 0.0296875
22 0.1390625 0.63203125 0.034375 0.0265625
22 0.240625 0.63203125 0.03125 0.0265625
22 0.39765625 0.63203125 0.03125 0.028125
22 0.04921875 0.69375 0.034375 0.028125
22 0.1578125 0.69375 0.03125 0.028125
22 0.1046875 0.75390625 0.03125 0.0296875
22 0.43515625 0.75390625 0.03125 0.0296875
22 0.87734375 0.8265625 0.0265625 0.025
22 0.9078125 0.828125 0.0296875 0.025
22 0.7796875 0.9421875 0.0265625 0.025
22 0.8109375 0.94375 0.0296875 0.025
34 0.178125 0.27421875 0.0203125 0.0359375
34 0.8640625 0.27421875 0.021875 0.0390625
34 0.96171875 0.334375 0.021875 0.040625
34 0.28515625 0.45703125 0.0171875 0.040625
34 0.63125 0.515625 0.0203125 0.0390625
34 0.7921875 0.515625 0.021875 0.0390625
34 0.87265625 0.5171875 0.0203125 0.0390625
34 0.97734375 0.51796875 0.0171875 0.0390625
34 0.53515625 0.5765625 0.0203125 0.0390625
34 0.0765625 0.69921875 0.0171875 0.0390625
34 0.2609375 0.6984375 0.0203125 0.040625
34 0.74765625 0.69921875 0.0203125 0.0390625
16 0.23203125 0.27421875 0.021875 0.0390625
16 0.3078125 0.27421875 0.021875 0.040625
16 0.5890625 0.27421875 0.021875 0.0390625
16 0.3484375 0.33515625 0.021875 0.0390625
16 0.5875 0.5765625 0.0203125 0.0390625
16 0.5015625 0.63828125 0.0203125 0.0390625
24 0.2765625 0.26796875 0.021875 0.0296875
24 0.47265625 0.26796875 0.021875 0.0296875
29 0.34609375 0.265625 0.0125 0.034375
32 0.37734375 0.26953125 0.0296875 0.0265625
32 0.2078125 0.4515625 0.03125 0.0296875
32 0.5015625 0.44921875 0.0296875 0.0296875
32 0.4234375 0.5109375 0.03125 0.0296875
32 0.8265625 0.51328125 0.0296875 0.0296875
32 0.73203125 0.634375 0.03125 0.0265625
32 0.2328125 0.75390625 0.03125 0.0296875
15 0.40859375 0.26328125 0.0125 0.0390625
15 0.44375 0.26328125 0.0140625 0.040625
15 0.53984375 0.50625 0.0125 0.0390625
15 0.553125 0.5046875 0.0125 0.0390625
15 0.67890625 0.6890625 0.0125 0.0390625
11 0.540625 0.2640625 0.0203125 0.0390625
30 0.6890625 0.26796875 0.0203125 0.0296875
30 0.7859375 0.26796875 0.0203125 0.0234375
32 0.2078125 0.3296875 0.03125 0.0296875
11 0.04453125 0.32578125 0.0203125 0.040625
11 0.31875 0.32578125 0.021875 0.040625
11 0.38203125 0.32421875 0.0203125 0.0390625
11 0.15390625 0.3859375 0.0203125 0.040625
11 0.12265625 0.50859375 0.021875 0.0390625
11 0.3390625 0.62890625 0.0203125 0.0390625
11 0.4859375 0.6890625 0.021875 0.0390625
10 0.28515625 0.33046875 0.0203125 0.0296875
10 0.40390625 0.33046875 0.021875 0.0296875
10 0.4328125 0.33046875 0.0203125 0.0296875
10 0.5296875 0.33046875 0.0203125 0.0296875
10 0.646875 0.33046875 0.0203125 0.0296875
10 0.06484375 0.390625 0.021875 0.0296875
10 0.21875 0.3890625 0.021875 0.0296875
10 0.3953125 0.390625 0.0203125 0.0296875
10 0.55390625 0.390625 0.0203125 0.0296875
10 0.65234375 0.390625 0.021875 0.0296875
10 0.7390625 0.3890625 0.021875 0.03125
10 0.8265625 0.390625 0.021875 0.0296875
10 0.24375 0.45078125 0.0203125 0.0296875
10 0.1890625 0.51171875 0.021875 0.0296875
10 0.2875 0.51171875 0.0171875 0.0296875
10 0.521875 0.51328125 0.0203125 0.03125
10 0.7484375 0.51171875 0.0203125 0.0296875
10 0.85234375 0.51171875 0.021875 0.03125
10 0.3109375 0.571875 0.0203125 0.028125
10 0.5140625 0.571875 0.021875 0.028125
10 0.6203125 0.571875 0.021875 0.028125
10 0.63125 0.63359375 0.021875 0.028125
10 0.13125 0.69453125 0.021875 0.03125
10 0.2921875 0.69453125 0.0203125 0.028125
10 0.70546875 0.69453125 0.021875 0.03125
10 0.865625 0.69453125 0.021875 0.028125
10 0.26796875 0.7546875 0.0203125 0.028125
11 0.7640625 0.26328125 0.021875 0.040625
21 0.41796875 0.3234375 0.0078125 0.0359375
21 0.6359375 0.384375 0.0078125 0.0359375
21 0.39765625 0.44453125 0.0046875 0.0390625
21 0.3015625 0.62890625 0.0046875 0.0390625
21 0.3125 0.62890625 0.0046875 0.034375
21 0.7609375 0.62734375 0.0046875 0.040625
21 0.771875 0.62734375 0.0046875 0.0390625
21 0.61328125 0.6875 0.0046875 0.0359375
21 0.64453125 0.6875 0.0046875 0.0359375
21 0.95546875 0.6890625 0.0046875 0.0390625
21 0.03828125 0.7484375 0.0078125 0.0390625
25 0.71875 0.334375 0.021875 0.040625
25 0.46171875 0.5765625 0.0203125 0.0390625
25 0.49296875 0.578125 0.021875 0.0390625
25 0.7984375 0.63671875 0.0203125 0.0390625
25 0.97265625 0.69921875 0.0203125 0.0390625
30 0.7390625 0.3296875 0.0203125 0.0296875
30 0.81640625 0.3296875 0.0203125 0.0265625
30 0.2390625 0.390625 0.0203125 0.0296875
30 0.54921875 0.45078125 0.021875 0.0265625
30 0.06484375 0.5109375 0.021875 0.0296875
30 0.67578125 0.51171875 0.0203125 0.0296875
30 0.05390625 0.571875 0.0171875 0.028125
30 0.8578125 0.571875 0.0203125 0.028125
30 0.81875 0.63359375 0.0203125 0.028125
30 0.896875 0.63359375 0.0203125 0.0265625
30 0.50703125 0.69453125 0.0203125 0.028125
30 0.4640625 0.7546875 0.0203125 0.028125
14 0.17421875 0.390625 0.0203125 0.0296875
32 0.31640625 0.390625 0.0296875 0.0296875
31 0.4171875 0.390625 0.0203125 0.0296875
31 0.4484375 0.63203125 0.021875 0.0265625
18 0.896875 0.3859375 0.0046875 0.0390625
20 0.1390625 0.446875 0.0203125 0.040625
20 0.16328125 0.7484375 0.0203125 0.034375
20 0.29296875 0.9390625 0.0203125 0.034375
23 0.3296875 0.45078125 0.0203125 0.0296875
18 0.47109375 0.44609375 0.0078125 0.034375
21 0.56484375 0.44453125 0.0046875 0.0390625
18 0.3796875 0.50703125 0.0078125 0.0359375
29 0.9109375 0.50703125 0.025 0.0390625
19 0.0359375 0.5734375 0.009375 0.0484375
18 0.37890625 0.56640625 0.009375 0.034375
18 0.69140625 0.56640625 0.0078125 0.034375
18 0.28515625 0.6296875 0.0046875 0.0359375
18 0.7015625 0.62890625 0.0078125 0.034375
22 0.234375 0.68984375 0.03125 0.0359375
18 0.665625 0.69140625 0.0078125 0.034375
32 0.39296875 0.75390625 0.03125 0.0265625
4 0.1 0.82578125 0.021875 0.0359375
2 0.78515625 0.82578125 0.0203125 0.03125
0 0.803125 0.82578125 0.0171875 0.03125
12 0.83203125 0.82578125 0.021875 0.03125
21 0.2640625 0.93984375 0.0171875 0.03125
12 0.7359375 0.93984375 0.0203125 0.0296875