12 0.5408109971639214 0.2819466915646041 0.05235343262956001 0.04621252678536116
24 0.5247905308491415 0.30487567695410756 0.03807274431795733 0.03346706493480802
24 0.2918456172943052 0.36126954748823314 0.03807274431795715 0.03346706493480802
24 0.18255994075052992 0.13434062906213268 0.03968979139585791 0.03661933847375849
24 0.0781785836090851 0.3423497723244296 0.03807274431795715 0.03346706493480802
24 0.037738769892092974 0.42193786079818807 0.03651024431795715 0.03343979139585755
24 0.16025033847705378 0.02538836891586298 0.041225017856907444 0.03508411201270878
24 0.05821273133560893 0.23335660186973434 0.03968979139585791 0.03661933847375849
23 0.5134575645343616 0.3277228417267599 0.03807274431795733 0.03346706493480802
23 0.5021382349890569 0.3497887564994123 0.04284206493480802 0.03823638555165907
23 0.33904176583160783 0.11833202516709865 0.041225017856907444 0.03508411201270896
23 0.29047580641668685 0.21602523133560894 0.03492047077900686 0.03185001785690744
23 0.23142631453436166 0.3326457155072964 0.03807274431795715 0.03346706493480802
23 0.1455864517108739 0.5075287130716643 0.03648297077900686 0.03187729139585756
23 0.14671039529748242 0.3536497366106147 0.041225017856907444 0.03508411201270896
23 0.08112453125617866 0.4867855649381035 0.03807274431795715 0.033467064934808374
23 0.13809114610826131 0.2210281513832671 0.041225017856907444 0.03508411201270896
23 0.026405803577313015 0.44478502557084065 0.041225017856907444 0.0350841120127086
23 0.14891737216227385 0.04823553368851537 0.041225017856907444 0.03508411201270878
23 0.024282016238644965 0.2979918461876915 0.03651024431795715 0.03343979139585791
23 0.00859375 0.35078125 0.0171875 0.0359375
23 0.04153552029583478 0.11493388433713854 0.03651024431795715 0.03343979139585791
23 0.0109375 0.190625 0.021875 0.034375
23 0.02421875 0.00625 0.0359375 0.0125
14 0.4908052686742769 0.3726359212720647 0.041225017856907444 0.03508411201270896
14 0.46262136201600407 0.018548439128972215 0.03968979139585791 0.03661933847375849
14 0.258682515427866 0.42667240503671505 0.03807274431795697 0.03346706493480802
14 0.31641674351047355 0.16168260471240342 0.041225017856907444 0.03508411201270896
14 0.12060404262026436 0.5517014529253945 0.03807274431795715 0.033467064934808374
14 0.2875571323085436 0.07002693872193504 0.041225017856907444 0.03508411201270896
14 0.2559292569031541 0.13696502273146666 0.03807274431795715 0.03346706493480802
14 0.1985649959461055 0.2465269833642038 0.041225017856907444 0.03508411201270896
14 0.10469444481101506 0.43404634862332364 0.041225017856907444 0.0350841120127086
14 0.22952248985702556 0.039018446432572865 0.041225017856907444 0.03508411201270878
14 0.12674454302400617 0.24465656615591946 0.03807274431795715 0.03346706493480802
14 0.11543885024817654 0.26594123092857186 0.041225017856907444 0.03508411201270896
14 0.049071736206872885 0.3990906960255357 0.041225017856907444 0.03508411201270896
14 0.0171875 0.4671875 0.034375 0.034375
14 0.09954288920840249 0.1475048766265008 0.04284206493480802 0.03823638555165907
12 0.4794995758984474 0.3939205860447171 0.03651024431795698 0.03343979139585791
12 0.3277360730557783 0.13961668993975102 0.041225017856907444 0.03508411201270896
12 0.2524615633165457 0.2908849095009419 0.03807274431795715 0.0334670649348082
12 0.08823719643257286 0.1687895413991531 0.041225017856907444 0.03508411201270878
29 0.47448479343104316 0.4127524066615681 0.0411431972400564 0.030396612012708955
29 0.31673256899858854 0.32256555763450284 0.0411431972400564 0.030396612012708955
29 0.2269319090972001 0.5006417390462466 0.0411431972400564 0.030396612012708955
29 0.22240982468063136 0.35701446997152325 0.0411431972400564 0.030396612012708955
29 0.1892058125057668 0.42476107752000514 0.0411431972400564 0.030396612012708955
29 0.1722131814183344 0.4586411996789838 0.0411431972400564 0.0303966120127086
29 0.2777048453769126 0.09753432995563713 0.04588524431795715 0.03360343262955982
29 0.16199052192068786 0.3283906379905865 0.03799092370110611 0.028779564934808023
29 0.1406684955390684 0.07337190138326707 0.0411431972400564 0.030396612012708955
29 0.08403093750411905 0.186045225246529 0.0411431972400564 0.030396612012708955
14 0.46249330804153993 0.4285819582036957 0.03807274431795697 0.033467064934808374
13 0.4558342049572849 0.45212855235949706 0.04911933847375849 0.039907979707460586
13 0.2853792033324317 0.23954455195246 0.0475295649348082 0.038318206168510116
13 0.1389137118571436 0.5318565572274657 0.04911933847375849 0.039907979707460586
13 0.07365690463297322 0.51190829586338 0.0475295649348082 0.03831820616851047
13 0.15892184334831772 0.1909860953769126 0.04752956493480802 0.038318206168510116
13 0.1103149736249712 0.2910230515454229 0.04752956493480802 0.038318206168510116
13 0.01015625 0.21328125 0.0203125 0.0390625
17 0.3256126911575671 0.30600930317027597 0.0475295649348082 0.038318206168510116
17 0.30936039976170926 0.3422195385597794 0.0475295649348082 0.038318206168510116
17 0.325 0.01328125 0.046875 0.0265625
17 0.2711139261400334 0.11717467411143848 0.04911933847375849 0.039907979707460586
27 0.39946106859155145 0.14695585714803547 0.034865923701106104 0.028725017856907443
27 0.3460712414818786 0.25254338393339665 0.033248876623205345 0.02557274431795715
27 0.11328125 0.56328125 0.0328125 0.0109375
28 0.26917968466474534 0.4069638770335377 0.03807274431795715 0.033467064934808374
28 0.24055367289362248 0.16769287135149497 0.03807274431795715 0.0334670649348082
28 0.16933541761861673 0.3102991570653099 0.03807274431795715 0.0334670649348082
28 0.24003329586337996 0.01852866842939562 0.03807274431795715 0.0334670649348082
28 0.08871666315438986 0.32029749432125243 0.03807274431795715 0.0334670649348082
28 0.01015625 0.49375 0.0203125 0.034375
28 0.00859375 0.0515625 0.0171875 0.034375
18 0.43403666599376367 0.09011947606060318 0.04103410308425524 0.024146612012708957
18 0.42351222321793414 0.11139050406378033 0.04103410308425524 0.024146612012708957
18 0.34503089286185046 0.2674007707028719 0.039471603084255236 0.024119338473758488
18 0.40703125 0.003125 0.0390625 0.00625
18 0.27007180317027596 0.2663661505724882 0.04103410308425524 0.024146612012708957
18 0.17944898296046202 0.4467997187537073 0.041061376623205345 0.0257091120127086
18 0.00625 0.5203125 0.0125 0.025
18 0.03701384131972287 0.2844924078760888 0.039471603084255145 0.024119338473758488
18 0.052745755685338125 0.09911796956448615 0.04103410308425506 0.024146612012708957
22 0.3752189991925164 0.19345871023229053 0.044540932629559826 0.04607615909060954
22 0.2068142780097678 0.5345764082831259 0.044540932629559826 0.04607615909060954
22 0.21468091964721162 0.2181292479747004 0.044540932629559826 0.04607615909060954
22 0.12238650528159631 0.40484008969486973 0.04454093262956001 0.04607615909060954
22 0.0628166363690287 0.3722963709444578 0.044540932629559826 0.04607615909060954
34 0.18671875 0.55390625 0.0484375 0.0296875
34 0.06411785795881438 0.20826114448340824 0.0475295649348082 0.038318206168510116
34 0.05151053815274222 0.08039524310343645 0.0475295649348082 0.038318206168510116
16 0.46875 0.00859375 0.05 0.0171875
16 0.32842009131972283 0.27940589286185047 0.04914661201270896 0.04147047970746058
16 0.3875 0.0125 0.046875 0.025
16 0.026337214289480305 0.13550548295716675 0.0475295649348082 0.038318206168510116
16 0.015625 0.01796875 0.03125 0.0359375
24 0.3905673096630977 0.16429336161226232 0.041225017856907444 0.03508411201270878
29 0.45916907954860003 0.037352986206872885 0.0411431972400564 0.03039661201270878
32 0.43833838230854366 0.06739504221322737 0.04292388555165907 0.04292388555165907
32 0.19630484091268574 0.10754630398105487 0.044540932629559826 0.04607615909060954
32 0.17421875 0.0109375 0.0453125 0.021875
15 0.42913097768216096 0.10270129667745413 0.04429547077900686 0.032013659090609534
15 0.4121383465947286 0.1365814188364327 0.04744774431795697 0.03363070616851012
15 0.12033267614003336 0.11980657062014632 0.04429547077900686 0.032013659090609534
15 0.11538607752000515 0.13473214123699737 0.045857970779006864 0.03204093262956
11 0.36042011364085724 0.2358916720828436 0.0475295649348082 0.038318206168510116
30 0.28051265097952527 0.3841167122608854 0.041225017856907444 0.03508411201270878
30 0.23194669156460418 0.48180991842939563 0.03651024431795715 0.03343979139585791
11 0.3816889618538483 0.04651552638491463 0.0475295649348082 0.038318206168510116
10 0.36496906615591945 0.06477064854389329 0.041225017856907444 0.03508411201270896
10 0.349607118915863 0.09471724716392149 0.03807274431795715 0.0334670649348082
10 0.3010411595009419 0.1924104533324317 0.041225017856907444 0.03508411201270878
10 0.24118314407966643 0.3106070742735943 0.041225017856907444 0.03508411201270878
10 0.30935999432125244 0.029033745946105506 0.03648297077900686 0.03187729139585791
10 0.2284530933483177 0.18977242289362248 0.041225017856907444 0.03508411201270896
10 0.17751611039444634 0.2890690393705582 0.041225017856907444 0.03508411201270878
10 0.13614504221322726 0.37726451461379185 0.041225017856907444 0.03508411201270896
10 0.0908677240320083 0.46552817370440136 0.04284206493480802 0.03823638555165907
10 0.12304461891586298 0.0986719103117208 0.041225017856907444 0.03508411201270878
10 0.0140625 0.32890625 0.028125 0.0359375
10 0.06665429708119594 0.06294864448340824 0.041225017856907444 0.03508411201270896
10 0.01640625 0.16875 0.0328125 0.034375
11 0.2471177240320083 0.46280081980936744 0.05070911201270896 0.041497753246410696
21 0.3646554204579905 0.0827393985438933 0.039471603084255055 0.024119338473758488
21 0.1925780487060491 0.27630994075053 0.039471603084255236 0.024119338473758488
21 0.253125 0.0078125 0.040625 0.015625
25 0.20089333482690108 0.38160141274735276 0.04911933847375849 0.039907979707460586
25 0.0875 0.0125 0.046875 0.025
25 0.07175090016545109 0.039429323866557196 0.04911933847375849 0.039907979707460586
30 0.1950018449731708 0.40591562013367904 0.03807274431795697 0.033467064934808374
30 0.15537055479512904 0.4839275718379623 0.03492047077900686 0.03185001785690744
30 0.1712542479747004 0.15562529383478516 0.03651024431795715 0.03343979139585791
30 0.04533090179030417 0.2554497901813371 0.03807274431795715 0.0334670649348082
31 0.29884918831489793 0.04952352394928265 0.041225017856907444 0.03508411201270896
18 0.059130754470817413 0.538716257713933 0.04103410308425524 0.024146612012708957
18 0.21477815138326709 0.07832640828312591 0.03631932954530477 0.02250229139585791
21 0.16858321550729638 0.1744162041432106 0.04103410308425524 0.02414661201270878
25 0.65 0.56875 0.852273828125 0.56875 0.9331940062499999 0.4147589375 0.8941088203125 0.396220225 0.8351087359375 0.4174379078125 0.65 0.23460423281249998 0.65 0.56875
19 0.325 0.784375 0.65 0.43125
16 0.825 0.784375 0.35 0.43125