22 0.11171875 0.6953125 0.0265625 0.009375
22 0.4756640682966811 0.6025681885891885 0.027708920171816587 0.023112168320799497
18 0.5390028720055827 0.6728763804836365 0.010521420171816587 0.022311647642635178
18 0.48789407338506374 0.681491555214577 0.010521420171816587 0.022311647642635178
18 0.41328125 0.690625 0.0109375 0.01875
18 0.4923259458408724 0.6415386433039181 0.010521420171816587 0.022311647642635178
18 0.26901792062610175 0.6792163875129498 0.010521420171816587 0.022311647642635178
18 0.34421267243512405 0.6273948682825276 0.010521420171816587 0.022311647642635178
18 0.29466637381460503 0.635937268406362 0.0106851944820761 0.02543664764263518
18 0.5580294267305372 0.07189607734048345 0.008795145861557075 0.019113873035529316
18 0.4919949909548885 0.08276511083892943 0.010521420171816587 0.022311647642635178
23 0.4754350169626287 0.6812925020714239 0.018252033016686653 0.021113020678164673
23 0.5057709701511319 0.6377950591435184 0.01825203301668683 0.021113020678164496
23 0.4082818164876588 0.6540258347840815 0.018252033016686653 0.021113020678164496
23 0.2140847591607125 0.686450998761655 0.016689533016686832 0.021040246071058276
23 0.28298856739217 0.6357018279596559 0.018252033016686653 0.02111302067816432
23 0.5498617226375228 0.13852065116180104 0.01668953301668665 0.021040246071058633
28 0.56328125 0.66484375 0.0109375 0.0203125
28 0.2565179206261018 0.6797985843697969 0.01825203301668683 0.021113020678164673
28 0.16953125 0.69140625 0.0171875 0.0171875
28 0.5558428912274597 0.5894816836267898 0.019978307326946165 0.02431079528527036
28 0.48274282168758303 0.08085800848156462 0.01668953301668665 0.021040246071058633
10 0.4271546472203534 0.6508087894988112 0.018252033016686653 0.02111302067816432
10 0.3524445742895749 0.6636405833363395 0.018252033016686653 0.02111302067816432
10 0.56484375 0.5859375 0.0078125 0.025
10 0.4712453997067442 0.1515343815170939 0.018252033016686653 0.021113020678164406
32 0.42890625 0.68828125 0.0296875 0.0234375
32 0.3728799050222696 0.6603507634439634 0.027708920171816587 0.023112168320799497
17 0.5091515976953233 0.6773840980186477 0.019978307326946165 0.02431079528527036
17 0.39140625 0.6921875 0.0203125 0.015625
17 0.5497256880389563 0.6318511201445544 0.019978307326946165 0.02431079528527036
17 0.46243372795304805 0.6468276108389295 0.018415807326946344 0.02423802067816432
17 0.2815998077812315 0.6770716906561031 0.019978307326946165 0.02431079528527036
17 0.4876107061291794 0.15155149814248237 0.018415807326946164 0.024238020678164496
17 0.5045768781100183 0.08062041398208261 0.01668953301668665 0.021040246071058633
24 0.365625 0.69375 0.01875 0.0125
24 0.23135414631584225 0.6840879780834905 0.01825203301668683 0.02111302067816432
24 0.4968806490293757 0.5992419813932595 0.018252033016686653 0.02111302067816432
14 0.5309347444613914 0.6335056654298247 0.018252033016686653 0.021113020678164496
14 0.19453125 0.68828125 0.0203125 0.0234375
14 0.153125 0.69296875 0.01875 0.0140625
14 0.1359375 0.69453125 0.01875 0.0109375
14 0.5409172540723299 0.5917355423942954 0.019978307326946165 0.02431079528527036
14 0.4528440439864216 0.6067484203922234 0.019978307326946342 0.02431079528527036
14 0.4080261889434674 0.6142912466947402 0.019978307326946342 0.02431079528527036
14 0.3152245352799943 0.6303036985139859 0.018252033016686653 0.021113020678164496
14 0.56171875 0.134375 0.0140625 0.021875
14 0.4469038189740496 0.15500613792723467 0.018252033016686653 0.021113020678164406
14 0.5330294267305373 0.07306047105417716 0.018252033016686653 0.021113020678164406
31 0.331753616012689 0.6271958151393744 0.018252033016686653 0.02111302067816432
27 0.33359375 0.69765625 0.0140625 0.0046875
27 0.4586225689740496 0.15446032837394075 0.011756371551297561 0.016134422249741043
29 0.4957475169626287 0.6803464321790477 0.015290807326946165 0.024092471463952592
29 0.40546875 0.69140625 0.0140625 0.0171875
29 0.56171875 0.62890625 0.0140625 0.0234375
29 0.44985184079791835 0.6489723076957763 0.013728307326946165 0.024019696856846906
29 0.3953624146332079 0.6179984435515872 0.013728307326946344 0.024019696856846906
29 0.5379382547496985 0.14297271071509493 0.008795145861557075 0.019113873035529316
29 0.5164184588427128 0.07773085442878865 0.012002033016686653 0.020821922249741043
16 0.5266666463158423 0.6703335773404835 0.020142081637205857 0.02743579528527036
16 0.4575072105401935 0.681348160053141 0.020142081637205676 0.02743579528527036
16 0.4792494137286967 0.6382509774643179 0.020142081637205676 0.02743579528527036
16 0.4262815439864216 0.6079855887130229 0.02030585594746519 0.030560795285270358
21 0.352066116012689 0.6262497452469983 0.010521420171816587 0.022311647642635178
21 0.5640625 0.0703125 0.009375 0.01875
12 0.5133687861845054 0.596915348018648 0.018415807326946164 0.02423802067816432
30 0.3484375 0.6953125 0.01875 0.009375
15 0.5468972591607125 0.6709500074481073 0.015454581637205856 0.02721747146395277
20 0.5486134831529723 0.07311397498311858 0.013728307326946165 0.024019696856846906
34 0.39282059079791837 0.6516285808551402 0.020142081637205676 0.02743579528527036
34 0.3370242921773993 0.6604620794073981 0.020142081637205676 0.02743579528527036
29 0.3012538885139261 0.6738182580672798 0.0263101944820761 0.026164393713693633
18 0.3694173903229485 0.6223242245688339 0.010521420171816587 0.022311647642635178
28 0.504139786861874 0.14844361476787088 0.019978307326946165 0.02431079528527036
32 0.784375 0.35 0.43125 0.7
28 0.221875 0.85 0.44375 0.3
5 0.7537890682966811 0.765149579407398 0.03608798620519007 0.06402826674922295