32 0.2609375 0.11328125 0.021875 0.0390625
17 0.27890625 0.11171875 0.0140625 0.0359375
14 0.29296875 0.1109375 0.0125 0.0359375
23 0.30625 0.11171875 0.0140625 0.0359375
13 0.3296875 0.11171875 0.0140625 0.0375
18 0.33984375 0.11171875 0.0046875 0.0359375
13 0.35234375 0.1109375 0.0140625 0.0359375
34 0.3734375 0.11328125 0.0140625 0.0359375
24 0.390625 0.11171875 0.0140625 0.0359375
30 0.40625 0.11328125 0.0140625 0.0359375
16 0.42890625 0.11328125 0.0140625 0.040625
24 0.44453125 0.11328125 0.0140625 0.0390625
29 0.46875 0.1109375 0.0140625 0.0359375
24 0.4828125 0.11328125 0.0203125 0.0390625
16 0.50703125 0.11171875 0.0125 0.0375
14 0.521875 0.1109375 0.0125 0.0359375
27 0.53359375 0.1109375 0.0125 0.0328125
22 0.54921875 0.11171875 0.0140625 0.0359375
10 0.56484375 0.11171875 0.0140625 0.0359375
23 0.58046875 0.11171875 0.0125 0.0359375
34 0.5953125 0.11171875 0.0140625 0.0359375
14 0.14453125 0.18046875 0.0125 0.0296875
14 0.1765625 0.17890625 0.0140625 0.0296875
14 0.3953125 0.17890625 0.0125 0.0359375
14 0.3375 0.27890625 0.0125 0.03125
14 0.44375 0.2796875 0.0125 0.03125
14 0.58515625 0.2796875 0.0125 0.03125
14 0.6203125 0.2796875 0.0125 0.03125
14 0.6921875 0.27890625 0.009375 0.03125
14 0.14453125 0.3921875 0.0125 0.03125
14 0.1765625 0.39296875 0.0125 0.03125
14 0.44140625 0.39296875 0.0125 0.03125
14 0.50234375 0.39453125 0.0125 0.0296875
14 0.14453125 0.553125 0.0125 0.028125
14 0.1765625 0.55546875 0.0125 0.028125
14 0.3953125 0.55546875 0.0125 0.03125
14 0.14453125 0.71875 0.0125 0.0296875
14 0.17578125 0.7203125 0.0125 0.028125
14 0.44140625 0.7203125 0.0125 0.03125
14 0.50390625 0.71875 0.0125 0.0296875
14 0.3171875 0.81640625 0.0125 0.03125
14 0.3375 0.81484375 0.0125 0.0296875
14 0.14453125 0.88203125 0.0125 0.0296875
14 0.1765625 0.88359375 0.0140625 0.03125
14 0.40859375 0.88203125 0.0125 0.03125
14 0.484375 0.88359375 0.0125 0.03125
28 0.15625 0.17890625 0.0125 0.03125
28 0.15625 0.3328125 0.009375 0.03125
28 0.15625 0.39453125 0.009375 0.0296875
28 0.15625 0.553125 0.009375 0.03125
28 0.4421875 0.64921875 0.009375 0.03125
28 0.15625 0.7171875 0.009375 0.028125
28 0.2765625 0.81484375 0.009375 0.0296875
28 0.29296875 0.81484375 0.009375 0.03125
28 0.39765625 0.81484375 0.009375 0.03125
28 0.15625 0.88125 0.009375 0.0296875
29 0.165625 0.1765625 0.0078125 0.0359375
29 0.25 0.1765625 0.0125 0.0359375
29 0.35703125 0.27890625 0.009375 0.0359375
29 0.4890625 0.275 0.009375 0.0359375
29 0.71484375 0.275 0.0078125 0.0359375
29 0.7609375 0.275 0.009375 0.0359375
29 0.86875 0.2765625 0.0078125 0.0359375
29 0.93359375 0.2765625 0.009375 0.0359375
29 0.165625 0.328125 0.009375 0.0390625
29 0.165625 0.3890625 0.009375 0.0390625
29 0.25 0.3890625 0.009375 0.0359375
29 0.165625 0.55078125 0.009375 0.0390625
29 0.25 0.55078125 0.009375 0.034375
29 0.453125 0.64765625 0.009375 0.0359375
29 0.165625 0.7140625 0.009375 0.0390625
29 0.25 0.7171875 0.009375 0.034375
29 0.4078125 0.8109375 0.009375 0.034375
29 0.1671875 0.87890625 0.009375 0.040625
29 0.25 0.87890625 0.009375 0.0390625
29 0.39765625 0.87890625 0.009375 0.0390625
34 0.13125 0.17421875 0.0140625 0.0359375
27 0.1875 0.17890625 0.0078125 0.0296875
27 0.6453125 0.2765625 0.0078125 0.0296875
27 0.81484375 0.27890625 0.0078125 0.0296875
27 0.82109375 0.27890625 0.009375 0.0296875
27 0.1734375 0.33203125 0.009375 0.0296875
27 0.1859375 0.39453125 0.009375 0.03125
27 0.1859375 0.55546875 0.009375 0.028125
27 0.46171875 0.64921875 0.009375 0.028125
27 0.1875 0.71875 0.009375 0.0296875
27 0.41484375 0.81484375 0.0078125 0.0296875
27 0.1875 0.88203125 0.009375 0.0296875
13 0.196875 0.1734375 0.009375 0.0390625
13 0.5453125 0.27421875 0.0125 0.0390625
13 0.196875 0.38828125 0.009375 0.040625
13 0.196875 0.55078125 0.009375 0.0390625
13 0.196875 0.7140625 0.009375 0.0390625
13 0.35078125 0.81015625 0.0125 0.0390625
13 0.196875 0.8765625 0.009375 0.040625
13 0.421875 0.87734375 0.0125 0.0390625
10 0.209375 0.17890625 0.0125 0.0296875
10 0.2390625 0.17890625 0.0125 0.03125
10 0.51953125 0.27890625 0.0125 0.03125
10 0.59609375 0.27890625 0.0125 0.03125
10 0.6546875 0.27890625 0.0125 0.0359375
10 0.7390625 0.27890625 0.009375 0.03125
10 0.1875 0.3328125 0.0125 0.03125
10 0.209375 0.39453125 0.0125 0.0359375
10 0.2390625 0.39296875 0.0125 0.03125
10 0.36875 0.39296875 0.009375 0.0296875
10 0.209375 0.553125 0.0125 0.03125
10 0.23828125 0.553125 0.0125 0.028125
10 0.28984375 0.64921875 0.009375 0.028125
10 0.3140625 0.64921875 0.0125 0.0359375
10 0.3375 0.6515625 0.0125 0.0359375
10 0.3640625 0.6515625 0.0140625 0.0359375
10 0.475 0.6515625 0.0125 0.03125
10 0.209375 0.71875 0.0125 0.03125
10 0.2390625 0.7171875 0.0125 0.034375
10 0.36875 0.71875 0.0125 0.03125
10 0.42421875 0.81484375 0.009375 0.0296875
10 0.44375 0.81640625 0.0125 0.03125
10 0.209375 0.88359375 0.009375 0.03125
10 0.2390625 0.88359375 0.0125 0.0359375
34 0.22109375 0.1828125 0.0140625 0.0359375
34 0.22109375 0.396875 0.0125 0.0359375
34 0.22109375 0.5578125 0.0140625 0.0390625
34 0.22109375 0.72109375 0.0140625 0.0390625
34 0.22109375 0.88671875 0.009375 0.034375
4 0.26796875 0.1765625 0.0125 0.0359375
4 0.26796875 0.3890625 0.0125 0.0359375
4 0.30078125 0.3890625 0.0125 0.0390625
4 0.2671875 0.5515625 0.0125 0.0390625
4 0.3015625 0.55078125 0.0125 0.034375
4 0.2671875 0.71484375 0.009375 0.034375
4 0.26796875 0.88125 0.0125 0.0390625
2 0.28828125 0.17421875 0.0125 0.0359375
2 0.303125 0.1765625 0.009375 0.0359375
2 0.28984375 0.3890625 0.0125 0.0359375
2 0.28984375 0.55078125 0.0125 0.034375
2 0.28828125 0.71484375 0.009375 0.0390625
2 0.28828125 0.87890625 0.0125 0.034375
25 0.31640625 0.18359375 0.0125 0.034375
25 0.31484375 0.396875 0.0125 0.0359375
25 0.31484375 0.5578125 0.0125 0.0390625
25 0.31484375 0.7234375 0.0125 0.0390625
25 0.303125 0.81953125 0.0125 0.040625
25 0.31484375 0.8859375 0.0125 0.0359375
22 0.3328125 0.17890625 0.0203125 0.0296875
22 0.78828125 0.27890625 0.0171875 0.03125
22 0.33203125 0.39296875 0.0203125 0.0296875
22 0.33203125 0.5515625 0.0203125 0.03125
22 0.33203125 0.7171875 0.0203125 0.028125
22 0.390625 0.71875 0.021875 0.0296875
22 0.33203125 0.88203125 0.021875 0.03125
21 0.36875 0.1765625 0.0125 0.0359375
18 0.37734375 0.17421875 0.0046875 0.0359375
18 0.18125 0.32578125 0.0046875 0.0390625
18 0.42890625 0.38671875 0.0046875 0.0359375
18 0.3609375 0.38828125 0.0046875 0.0359375
18 0.4828125 0.38828125 0.0046875 0.0359375
18 0.37734375 0.54921875 0.0046875 0.0390625
18 0.4671875 0.646875 0.0046875 0.0359375
18 0.36171875 0.7140625 0.0046875 0.0359375
18 0.42890625 0.7140625 0.0046875 0.03125
18 0.4828125 0.7140625 0.0046875 0.0359375
18 0.43515625 0.81015625 0.0046875 0.0359375
18 0.390625 0.88125 0.0046875 0.0359375
18 0.46484375 0.87890625 0.0046875 0.034375
1 0.54453125 0.88125 0.0125 0.0359375
6 0.303125 0.88125 0.0140625 0.040625
20 0.384375 0.1734375 0.0125 0.0390625
20 0.67890625 0.271875 0.0125 0.040625
20 0.490625 0.38828125 0.009375 0.0390625
20 0.384375 0.55078125 0.0125 0.0390625
20 0.490625 0.7125 0.0125 0.0390625
20 0.47265625 0.8765625 0.009375 0.0390625
13 0.38203125 0.87734375 0.009375 0.0390625
18 0.31640625 0.275 0.0078125 0.0390625
21 0.3296875 0.271875 0.0046875 0.0390625
21 0.5765625 0.271875 0.003125 0.040625
21 0.74765625 0.271875 0.0046875 0.0359375
21 0.43359375 0.38828125 0.0046875 0.0390625
21 0.43359375 0.7140625 0.0046875 0.040625
21 0.3265625 0.8078125 0.0046875 0.040625
21 0.3296875 0.8078125 0.0046875 0.040625
21 0.4328125 0.8078125 0.0046875 0.0390625
15 0.3484375 0.271875 0.0078125 0.040625
15 0.63828125 0.271875 0.009375 0.040625
24 0.3734375 0.27890625 0.0125 0.03125
24 0.771875 0.27890625 0.0125 0.03125
24 0.803125 0.27890625 0.0125 0.0296875
24 0.83203125 0.27890625 0.0125 0.0296875
24 0.88125 0.27890625 0.0125 0.03125
24 0.91484375 0.27890625 0.0125 0.0296875
24 0.94453125 0.27890625 0.009375 0.03125
24 0.4078125 0.39296875 0.0125 0.0296875
24 0.3953125 0.64921875 0.0125 0.03125
24 0.4078125 0.71875 0.0125 0.03125
23 0.38828125 0.27890625 0.0125 0.0296875
23 0.43046875 0.27890625 0.0125 0.03125
23 0.5328125 0.27890625 0.009375 0.0296875
23 0.6671875 0.2765625 0.0125 0.0296875
23 0.7046875 0.27890625 0.0125 0.0296875
22 0.390625 0.39296875 0.0203125 0.0296875
23 0.38203125 0.64921875 0.0125 0.028125
19 0.40625 0.275 0.009375 0.0390625
30 0.41796875 0.27890625 0.0125 0.0296875
30 0.14453125 0.3328125 0.0125 0.0296875
30 0.43125 0.64921875 0.0140625 0.028125
30 0.3859375 0.81484375 0.0125 0.0296875
1 0.4640625 0.275 0.009375 0.0390625
0 0.47734375 0.2765625 0.0125 0.0390625
17 0.5 0.271875 0.0125 0.0390625
17 0.72578125 0.27421875 0.0125 0.0390625
17 0.3015625 0.64296875 0.0125 0.0390625
17 0.3265625 0.64453125 0.0125 0.0390625
17 0.35078125 0.64296875 0.0125 0.040625
18 0.56484375 0.27421875 0.0078125 0.0359375
31 0.6078125 0.27890625 0.0125 0.0296875
31 0.353125 0.39296875 0.0125 0.0296875
31 0.353125 0.7171875 0.0125 0.028125
32 0.84765625 0.2796875 0.0203125 0.0296875
16 0.9015625 0.2828125 0.0125 0.0390625
10 0.13125 0.33046875 0.0140625 0.0390625
34 0.13125 0.38828125 0.0140625 0.0359375
11 0.41953125 0.38828125 0.0125 0.0390625
21 0.47578125 0.3890625 0.009375 0.0390625
34 0.13125 0.55078125 0.0140625 0.0390625
34 0.13125 0.7140625 0.0140625 0.0390625
34 0.13125 0.87890625 0.0140625 0.0390625
21 0.36875 0.55078125 0.009375 0.0390625
11 0.4203125 0.7140625 0.0125 0.040625
21 0.475 0.71484375 0.009375 0.034375
10 0.4171875 0.646875 0.0140625 0.0359375
17 0.2765625 0.646875 0.0140625 0.0359375
18 0.25234375 0.8078125 0.0078125 0.0390625
29 0.2609375 0.8125 0.009375 0.0359375
10 0.37265625 0.8109375 0.0140625 0.0390625
14 0.36875 0.87890625 0.0140625 0.0390625
21 0.45703125 0.87890625 0.009375 0.034375
5 0.303125 0.71484375 0.0125 0.0390625
34 0.25703125 0.4828125 0.0140625 0.0359375
24 0.271875 0.4828125 0.0140625 0.0359375
30 0.28828125 0.4828125 0.0140625 0.0390625
27 0.3078125 0.4828125 0.0140625 0.0390625
14 0.32109375 0.4828125 0.0140625 0.040625
16 0.3421875 0.48046875 0.0140625 0.040625
24 0.3578125 0.4828125 0.0140625 0.0390625
18 0.3703125 0.4828125 0.0046875 0.0359375
23 0.38203125 0.4828125 0.0140625 0.0359375
16 0.396875 0.48046875 0.0140625 0.0390625
29 0.41953125 0.48046875 0.0140625 0.0390625
24 0.43515625 0.4828125 0.0203125 0.040625
10 0.4578125 0.4828125 0.0140625 0.0359375
30 0.4734375 0.48046875 0.0140625 0.0359375
28 0.48828125 0.4828125 0.0140625 0.0390625
29 0.5015625 0.48046875 0.0125 0.0359375
27 0.515625 0.4828125 0.0125 0.0359375
10 0.52890625 0.48046875 0.0140625 0.0359375
21 0.54296875 0.48046875 0.0125 0.0359375
10 0.5640625 0.4828125 0.0125 0.0359375
18 0.55390625 0.48046875 0.0078125 0.0359375
29 0.58671875 0.4828125 0.0140625 0.0390625
24 0.60234375 0.4828125 0.0171875 0.040625
24 0.61796875 0.4828125 0.0171875 0.0390625
29 0.646875 0.48046875 0.0125 0.0359375
10 0.66015625 0.4828125 0.0140625 0.0390625
20 0.67578125 0.48046875 0.0125 0.0390625
14 0.6890625 0.4828125 0.0125 0.040625
25 0.7078125 0.484375 0.0125 0.0390625
18 0.7203125 0.48046875 0.0046875 0.0390625
12 0.7296875 0.48046875 0.0140625 0.0390625
29 0.74375 0.48046875 0.0125 0.0390625
30 0.75703125 0.4828125 0.0140625 0.0359375
27 0.771875 0.484375 0.0125 0.0390625
14 0.78515625 0.48046875 0.0140625 0.0359375
28 0.79921875 0.4828125 0.0125 0.0390625
18 0.81640625 0.48046875 0.0046875 0.0359375
23 0.8265625 0.48046875 0.0125 0.0390625
28 0.84765625 0.484375 0.0125 0.040625
34 0.8640625 0.4828125 0.0140625 0.0359375
13 0.87734375 0.4828125 0.0140625 0.0359375
23 0.8921875 0.4828125 0.0125 0.0359375
14 0.90625 0.4828125 0.0125 0.0390625
34 0.921875 0.48046875 0.0140625 0.0359375