15 0.23359375 0.44140625 0.0203125 0.0171875
10 0.208493686076701 0.27166136692559045 0.024019381458888933 0.02554551386770836
10 0.19136139067385377 0.23530563962701406 0.024019381458888933 0.02554551386770836
10 0.16356304578409683 0.25420045678135433 0.024019381458888888 0.02554551386770836
10 0.12384592914284683 0.2814162670018404 0.024019381458888933 0.02554551386770836
22 0.26796875 0.22890625 0.0234375 0.0265625
22 0.20324379483416627 0.22854714656086825 0.028779616641249995 0.028779616641249995
21 0.27734375 0.17734375 0.0046875 0.0234375
21 0.13400217914284682 0.281652656344514 0.020894381458888934 0.025472778685347208
28 0.11078157826916621 0.3389560100679862 0.020858013867708358 0.02391027868534721
28 0.1007896356398607 0.2980764369297223 0.020858013867708358 0.02391027868534721
24 0.16877656943545097 0.29887717714607653 0.024019381458888933 0.02554551386770836
24 0.12904126899861068 0.3268742373665626 0.024019381458888933 0.02554551386770836
24 0.25249956563572884 0.19451829188746544 0.024019381458888843 0.02554551386770836
24 0.23818249249746498 0.20512848356684046 0.024019381458888843 0.02554551386770836
24 0.19919468731097195 0.1002584924005557 0.024019381458888933 0.02554551386770836
18 0.2375 0.440625 0.015625 0.01875
18 0.21328125 0.44765625 0.0171875 0.0046875
18 0.26320002308267326 0.23854104882131963 0.017660278685347208 0.020712543502986236
18 0.10669349031326343 0.3466775910900348 0.019295513867708357 0.02387391109416672
18 0.17297441337527739 0.25285616232843766 0.019295513867708357 0.023873911094166544
14 0.26283308111895776 0.4222257177992711 0.024019381458888843 0.025545513867708182
14 0.22265625 0.44296875 0.0234375 0.0140625
14 0.271875 0.365625 0.015625 0.025
14 0.1481003935236454 0.3140293984607293 0.024019381458888933 0.02554551386770836
14 0.08772528476618009 0.3556161799958682 0.024019381458888888 0.02554551386770836
14 0.2703125 0.1765625 0.01875 0.025
14 0.14448573746347182 0.2678265456871876 0.024019381458888933 0.02554551386770836
32 0.24460975798069393 0.43274499050069465 0.028779616641249995 0.028779616641249995
32 0.21961302403260374 0.2641034400638544 0.028779616641249995 0.028779616641250172
32 0.11192715739135375 0.2897372600679862 0.027217116641249994 0.02874324905006951
29 0.27578125 0.41015625 0.0078125 0.0234375
29 0.2765625 0.36171875 0.00625 0.0265625
29 0.23700054578409685 0.25590973356684044 0.024092116641249994 0.028670513867708358
29 0.1925231939604857 0.2861414410137849 0.02089438145888889 0.025472778685347208
29 0.17980498841340237 0.29522550028434047 0.020894381458888934 0.025472778685347208
29 0.2627831022048608 0.18928593123013915 0.020858013867708358 0.02391027868534721
17 0.27109375 0.41875 0.0171875 0.025
17 0.24572158235322877 0.25064100531833355 0.024092116641249994 0.028670513867708358
20 0.26953125 0.053125 0.0203125 0.028125
20 0.22450381183600668 0.08755912385944464 0.024092116641249994 0.028670513867708358
13 0.2678485426499648 0.3746603867772224 0.022456881458888845 0.025509146276527873
13 0.09953495374413149 0.3519826869297223 0.02245688145888889 0.025509146276527873
12 0.1377986731589232 0.3200430091180557 0.020858013867708358 0.02391027868534721
12 0.27421875 0.04453125 0.0109375 0.0234375
12 0.23097201738309003 0.07832959422416685 0.020858013867708358 0.02391027868534721
34 0.20720720906246504 0.0918465803564585 0.024092116641249994 0.028670513867708358
30 0.22788077213274271 0.21114209422416685 0.020858013867708358 0.02391027868534721
30 0.24051067154340253 0.07151654977125022 0.020858013867708358 0.02391027868534721
30 0.18965603315065946 0.1070715368534724 0.020858013867708358 0.02391027868534721
27 0.15604018009277737 0.3087424864166321 0.019259146276527785 0.022311411094166723
27 0.07978549819704814 0.3609030920399654 0.017660278685347253 0.020712543502986236
27 0.2191233679724302 0.21797332247267381 0.019259146276527785 0.022311411094166723
27 0.18416648651354128 0.2421732354667016 0.019259146276527785 0.022311411094166546
27 0.1762630675355899 0.24589764751079884 0.019259146276527785 0.022311411094166546
16 0.2522625230826733 0.2382864756830557 0.022456881458888932 0.025509146276527873
16 0.1517170092149649 0.25939644984750015 0.022456881458888932 0.025509146276527873
23 0.1973743481207982 0.2792192937873265 0.01922277868534721 0.020748911094166544
23 0.12030204863388842 0.3329242156150696 0.020858013867708358 0.02391027868534721
15 0.25077602431694423 0.06706543911392382 0.02725348423243057 0.030305749050069507
27 0.13984375 0.725 0.2796875 0.55
3 0.6264319473789582 0.5036965361878823 0.03517508700597212 0.03517508700597225
6 0.5803375441685763 0.5362356260436462 0.03517508700597229 0.03517508700597229