34 0.2109375 0.475 0.034375 0.009375
14 0.10990546547395094 0.3314771716260593 0.028026840912470874 0.0371746683207995
14 0.14354829501771552 0.31510946298238807 0.028026840912470874 0.0371746683207995
14 0.21083395410524447 0.28237404569504587 0.026400673916276672 0.035539393713693815
29 0.021476976842657525 0.38116249441391953 0.02815417490485981 0.040299668320799495
29 0.2347025356261753 0.2749083021051867 0.028154174904859986 0.040299668320799495
29 0.27827878068325945 0.2535448784077035 0.028154174904859986 0.040299668320799495
27 0.16813445954245196 0.3061176066960819 0.024774506920082116 0.03390411910658777
13 0.07498663741306126 0.35480335566262455 0.03303267589344294 0.04520549214211726
10 0.04880613939022762 0.3629411873418249 0.02802684091247105 0.0371746683207995
10 0.12065196448536782 0.3272990938758003 0.02802684091247105 0.0371746683207995
10 0.17644170805957718 0.29948661703516405 0.031342841901054186 0.04200771753501122
10 0.2559408656642315 0.26030214660466855 0.026400673916276672 0.035539393713693815
22 0.296875 0.2359375 0.025 0.040625
20 0.20278137357289677 0.29525503535596365 0.03303267589344294 0.04520549214211709
21 0.10647671794540896 0.3430139851082947 0.025092841901054187 0.04171661910658777
21 0.267755116158523 0.2631917061579626 0.02496550790866543 0.038591619106587774
15 0.16457837802152114 0.31452942017831714 0.029907675893442943 0.045059942927905536
24 0.28649052870609315 0.24457013874678585 0.028026840912470874 0.0371746683207995
24 0.3046875 0.2296875 0.009375 0.034375
23 0.06105147140545011 0.35727338419867183 0.024774506920082116 0.03390411910658777
23 0.18878254056909113 0.29616256389201095 0.027963173916276673 0.0356121683207995
23 0.22304745262236966 0.2759249925518928 0.027963173916276673 0.0356121683207995
1 0.00625 0.39140625 0.0125 0.0453125
0 0.0125 0.38359375 0.025 0.0453125
17 0.03466272634836596 0.3794373285743193 0.03303267589344294 0.04520549214211726
17 0.24544903463759216 0.2707302243549277 0.03303267589344294 0.04520549214211726
18 0.09335463543589491 0.3463016509478948 0.02815417490485981 0.040299668320799495
31 0.1313347965005903 0.3215585161255413 0.027963173916276673 0.0356121683207995
29 0.00859375 0.1296875 0.0171875 0.046875
24 0.01640625 0.121875 0.0328125 0.05
24 0.02859050399151375 0.11559315239563688 0.039410009885831696 0.04862159057054054
29 0.056955584523861444 0.10365823262709525 0.031342841901054186 0.04200771753501122
10 0.06832416604479227 0.09561029218038915 0.03622134288963732 0.04691354135632899
20 0.08450758155811186 0.0909056755550007 0.03303267589344294 0.04520549214211709
14 0.0958443295809456 0.08207648510829468 0.03303267589344294 0.04520549214211726
25 0.11258616060758478 0.071939505786459 0.03303267589344294 0.04520549214211726
18 0.1265531601132932 0.07025072725041177 0.028281508897248564 0.0434246683207995
12 0.1357053256266129 0.0652186248930469 0.0362213428896375 0.0469135413563289
29 0.1487000741437381 0.058805959053446696 0.03303267589344294 0.04520549214211709
30 0.16003682216657172 0.04997676860674063 0.03453150889724856 0.04371576674922304
27 0.17374915368750266 0.04203799007069335 0.03303267589344294 0.04520549214211709
14 0.1876843196951139 0.039567961534646034 0.03453150889724839 0.04371576674922295
28 0.19980231771794746 0.03077515839149294 0.03303267589344294 0.04520549214211709
18 0.21748456623507267 0.02458081637321028 0.02496550790866543 0.03859161910658786
23 0.22578125 0.02109375 0.0328125 0.0421875
28 0.24453125 0.0140625 0.0328125 0.028125
34 0.26015625 0.0109375 0.0359375 0.021875
13 0.271875 0.0078125 0.034375 0.015625
32 0.6546875 0.23984375 0.690625 0.4796875
2 0.16640625 0.73984375 0.2859375 0.5203125
10 0.6546875 0.73984375 0.690625 0.5203125