33 0.71953125 0.13984375 0.5609375 0.2796875
5 0.003125 0.40546875 0.00625 0.0265625
0 0.5994126172260839 0.34452051730586486 0.1824358369323898 0.12076812802354438
1 0.6431779630815433 0.5402779126352741 0.17514355518880328 0.08633858402290802
2 0.6820548993938776 0.7540767832988652 0.19060353444287886 0.12554653469127164
3 0.72265625 0.94921875 0.1859375 0.1015625
4 0.80546875 0.325 0.1828125 0.090625
5 0.8450597717948316 0.5215080892743663 0.18532403859206373 0.11767949069063537
6 0.8871325630861877 0.7258865066040938 0.17980774440092268 0.10668744668999892
7 0.9171875 0.92265625 0.165625 0.1140625
8 0.96328125 0.3109375 0.0734375 0.0625