18 0.11953125 0.003125 0.0171875 0.00625
18 0.1906120418874655 0.1163502955228708 0.01609777868534721 0.02167951036759259
18 0.2326910923243058 0.14163396804875053 0.019295513867708357 0.025077912441111037
18 0.13438087889343775 0.15571488336458367 0.01609777868534725 0.02167951036759259
18 0.12030280793937535 0.29081234476893547 0.019295513867708357 0.025077912441111037
18 0.00390625 0.40546875 0.0078125 0.0203125
27 0.26819152801975715 0.08607774368490802 0.014462543502986147 0.018417809330833278
27 0.12433634450850732 0.2959393421770374 0.019259146276527785 0.02351541244111104
27 0.030296710199826805 0.35896560541935196 0.014462543502986125 0.018417809330833278
10 0.26183242524621547 0.081937047831945 0.020858013867708358 0.02521461347787035
10 0.13149488107763926 0.30079293751162073 0.020858013867708358 0.02521461347787035
10 0.1600926597629865 0.3186448188499541 0.024019381458888933 0.0270505155513888
10 0.11899553428802123 0.33554864632407444 0.017623911094166677 0.020253711404351903
23 0.21499313962701408 0.0539384784163431 0.017623911094166722 0.020253711404351817
23 0.1377240844405211 0.16481648129106516 0.020858013867708358 0.02521461347787035
23 0.1402341014423615 0.30629108180944475 0.020858013867708358 0.02521461347787035
23 0.1023710787409379 0.3276090072100466 0.017623911094166677 0.020253711404351903
13 0.1504812704203129 0.3093087750705096 0.025654616641249996 0.03031221658814811
13 0.06516267268076432 0.37705193261064834 0.025654616641250037 0.03031221658814811
13 0.1828125 0.4359375 0.028125 0.00625
17 0.25381990349472244 0.0740268030157413 0.022493249050069507 0.028476314514629664
17 0.22633198955076414 0.13749327219578755 0.022493249050069507 0.028476314514629574
24 0.16817203780340292 0.026721159000741145 0.020858013867708358 0.02521461347787035
24 0.15020459422416685 0.09561742196023185 0.020858013867708358 0.02521461347787035
24 0.054170621293993484 0.37566508986796315 0.020858013867708358 0.02521461347787035
24 0.10656957589114628 0.40709145565490773 0.020858013867708358 0.025214613477870174
24 0.1327690531897227 0.42280463854837996 0.020858013867708358 0.02521461347787035
24 0.171875 0.4359375 0.021875 0.00625
24 0.05390625 0.4359375 0.0171875 0.00625
30 0.10912630575517386 0.14696459995273176 0.017623911094166677 0.020253711404351817
30 0.09523072596739621 0.32353666187546326 0.020858013867708358 0.02521461347787035
28 0.23679736407579885 0.14988596545685243 0.019259146276527785 0.02351541244111104
28 0.11864677611989609 0.15239439373217625 0.017623911094166677 0.020253711404351817
28 0.08433089997934073 0.3933802701695373 0.020858013867708358 0.02521461347787035
28 0.12324858282500047 0.4173748447689355 0.020858013867708358 0.02521461347787035
28 0.01765254625586852 0.42113341475018534 0.01606141109416668 0.020117010367592413
16 0.09626785552642407 0.4017300123938428 0.024092116641249994 0.0301755155513888
31 0.015271122243924018 0.3524517652685649 0.020858013867708358 0.02521461347787035
22 0.18087205955489596 0.03422130070666709 0.02405574905006951 0.028613015551388843
22 0.19515276510197932 0.042365991375833786 0.02405574905006951 0.028613015551388843
22 0.1421875 0.4265625 0.025 0.025
11 0.04615809954250043 0.3677548450517595 0.022493249050069462 0.028476314514629664
11 0.1640625 0.43203125 0.021875 0.0140625
21 0.18663305670510438 0.11356704811476899 0.01609777868534721 0.02167951036759259
21 0.1683915497712502 0.10342036003750037 0.014498911094166723 0.01998030933083328
14 0.13515625 0.01015625 0.0234375 0.0203125
14 0.2062539192622918 0.04844033411851898 0.020858013867708358 0.02521461347787035
14 0.2769307483844794 0.09157588798273206 0.020858013867708358 0.02521461347787035
14 0.14151992524621546 0.0924630276624078 0.020858013867708358 0.02521461347787035
14 0.17249782152274323 0.11167235744560226 0.017623911094166722 0.020253711404351817
14 0.2034393502080905 0.12931918722879673 0.020858013867708358 0.02521461347787035
14 0.023210908813055965 0.3572370100847686 0.020858013867708358 0.02521461347787035
14 0.15390625 0.4296875 0.0203125 0.01875
14 0.008913325891146295 0.41563527045236126 0.017623911094166677 0.020253711404351903
34 0.03442116574691014 0.36799885282745387 0.02409211664125004 0.0301755155513888
34 0.0685786134102088 0.3892785305371298 0.022493249050069507 0.028476314514629664
29 0.21612118816399328 0.1360380789347227 0.019259146276527785 0.02351541244111104
29 0.12733144509784747 0.1555487880300003 0.019259146276527785 0.02351541244111104
29 0.14361432779100736 0.3506172802543059 0.019259146276527785 0.02351541244111104
29 0.11365537727791715 0.4088200509894911 0.01609777868534721 0.021679510367592414
25 0.1312545724726738 0.08866408440134292 0.022493249050069462 0.028476314514629574
25 0.15821711597565993 0.10352766677643555 0.020858013867708358 0.02521461347787035
13 0.11183699771888929 0.3306950509894911 0.020858013867708358 0.025214613477870174
29 0.2236959924005557 0.05787412271416716 0.017696646276527873 0.023378711404351816
20 0.19697114466100718 0.12049099137583381 0.022493249050069507 0.028476314514629664
10 0.13651034260864625 0.3481074349197225 0.017623911094166677 0.020253711404351903
34 0.12311998983510457 0.34458189373217624 0.020858013867708358 0.02521461347787035
14 0.26953125 0.00546875 0.0265625 0.0109375
13 0.28046875 0.01015625 0.0171875 0.0203125
20 0.12734375 0.00546875 0.0234375 0.0109375
12 0.16017769984750013 0.019592164184537443 0.027217116641249994 0.030448917624907333
28 0.24511705072118076 0.07009115871791724 0.024092116641249994 0.0301755155513888
2 0.11121417619614601 0.06849784736083361 0.022493249050069462 0.028476314514629574
3 0.11919033035645851 0.07484559217703737 0.022493249050069462 0.028476314514629574
10 0.10029616641250025 0.13756020565490767 0.027217116641249994 0.030448917624907333
22 0.11078233757465314 0.28538255098949106 0.028852351823611143 0.03371061866166656
28 0.08801763801149343 0.3163393165408799 0.020858013867708358 0.02521461347787035
4 0.15153593056454903 0.3546212750705096 0.020858013867708358 0.02521461347787035
1 0.1626552685204518 0.3614768678131949 0.01609777868534721 0.021679510367592414
3 0.17217573888517404 0.36690666159263935 0.022493249050069507 0.028476314514629664
25 0.18327689304548653 0.3729810043353245 0.020858013867708358 0.02521461347787035
22 0.19439623100138936 0.37983659707800965 0.02405574905006951 0.028613015551388798
14 0.009375 0.34375 0.01875 0.03125
21 0.00234375 0.403125 0.0046875 0.025
20 0.0078125 0.4078125 0.015625 0.025
1 0.035021884211771305 0.42744220334583344 0.01609777868534725 0.021679510367592414
12 0.04765625 0.43046875 0.0234375 0.0171875
28 0.64453125 0.21953125 0.7109375 0.4390625
9 0.14453125 0.71953125 0.2890625 0.5609375
2 0.64453125 0.71953125 0.7109375 0.5609375