24 0.021900082583876122 0.5573820475668081 0.02276633794672147 0.02314907366340595
14 0.06953642794497142 0.6117741449783246 0.02276633794672147 0.023149073663405774
23 0.01015625 0.54453125 0.0203125 0.0234375
29 0.03353791954201442 0.5739325107351052 0.021076503954332713 0.019933068401734033
29 0.028627585055334047 0.5687367765201208 0.021076503954332713 0.019933068401734033
10 0.090625 0.63046875 0.025 0.0171875
31 0.08104693091072095 0.6251996081466217 0.02276633794672147 0.023149073663405774
11 0.0515849239906387 0.5940252028567148 0.02595500494291585 0.024893584186749605
30 0.04248183802108359 0.5820257317959101 0.02276633794672147 0.023149073663405774
11 1 0 0.409375 0 0.409375 0.43983619999999995 0.5605383484375001 0.6155033125 1 0.221022190625 1 0
28 0.7046875 0.81953125 0.590625 0.3609375