7 0.71484375 0.209375 0.5703125 0.41875
27 0.003125 0.50390625 0.00625 0.0296875
27 0.029777507029313366 0.5534966629605701 0.03277826674922295 0.032994307181592394
24 0.05844616252983133 0.5314489461380573 0.04258991439185813 0.04242384933607006
13 0.0734375 0.4375 0.046875 0.0375
13 0.08377149420903174 0.5047319100337038 0.04749573821317572 0.04713862041330889
34 0.01875 0.5703125 0.0375 0.046875
23 0.01171875 0.4265625 0.0234375 0.015625
23 0.05636993217453847 0.4533148557789778 0.0408818651776464 0.039289758976990455
29 0.13362379094204407 0.4677131781840765 0.03612159057054054 0.037699987899751576
29 0.1859375 0.43125 0.034375 0.025
17 0.1493750694780914 0.4535552294137405 0.04102741439185813 0.04241475897699045
28 0.109375 0.42421875 0.040625 0.0109375
28 0.10975179735218488 0.49207737392935036 0.039319365177646406 0.03928066861791084
12 0.21328125 0.4234375 0.0390625 0.009375
10 0.03525906554914995 0.4698483708060923 0.040954639784752264 0.04085225897699045
10 0.1745741226212445 0.4409052384889268 0.04258991439185813 0.04242384933607006
21 0.06943716645877274 0.5157557684449602 0.029726041356328815 0.034538626463433086
13 0.3359375 0.98359375 0.065625 0.0328125
24 0.37265625 0.984375 0.0515625 0.03125
32 0.4125 0.95390625 0.034375 0.0546875
0 0.71484375 0.709375 0.5703125 0.58125