1 0.22265625 0.0265625 0.0125 0.0265625
0 0.23359375 0.02890625 0.015625 0.03125
7 0.0625 0.403125 0.0171875 0.0265625
1 0.06953125 0.51953125 0.0109375 0.025
0 0.08046875 0.521875 0.015625 0.0296875
5 0.04375 0.6328125 0.01875 0.0296875
1 0.32421875 0.6984375 0.015625 0.0296875
1 0.5375 0.821875 0.0140625 0.028125
9 0.54921875 0.825 0.015625 0.03125
8 0.56015625 0.82734375 0.015625 0.03125
0 0.5703125 0.8296875 0.015625 0.03125
4 0.0171875 0.74765625 0.01875 0.03125
1 0.28046875 0.80859375 0.015625 0.028125