10 0.00703125 0.17578125 0.0140625 0.0265625
13 0.003125 0.165625 0.00625 0.03125
13 0.049441852084632476 0.31405895130054146 0.025363626670908877 0.03168637662320535
24 0.0361333300843143 0.31194702638161936 0.020585220003181703 0.0237920560063543
30 0.0824816187539505 0.3330174569825844 0.018986357336090796 0.02063978246740401
22 0.0078125 0.29453125 0.015625 0.0265625
22 0.10607366008908681 0.34588960389832923 0.02530908267027261 0.026998876623205346
11 0.026667423416587076 0.30429816761532147 0.022202264003817973 0.028506829545304768
11 0.07380605275299601 0.32613621144681126 0.02380112667090888 0.031659103084255055
14 0.48203125 0.028125 0.0140625 0.028125
14 0.01646572008272349 0.3005691956184987 0.017442038669636162 0.02217500892845372
14 0.11864638542326862 0.35192141558672657 0.020585220003181703 0.02379205600635448
34 0.05583730275299601 0.3264498571447402 0.022220445337363514 0.03006932954530477
29 0.09189298142104141 0.3359788157488824 0.01587953866963616 0.022147735389503254
15 0.47890625 0.01796875 0.0203125 0.0328125
0 0.0046875 0.21328125 0.009375 0.0234375
25 0.0375498320734966 0.2322186160731939 0.020603401336727067 0.02535455600635448
22 0.050912898074451096 0.23901804099211602 0.02374658267027261 0.026971603084255058
20 0.74453125 0.209375 0.5109375 0.41875
2 0.8363680453930428 0.4354491615295368 0.0174238573360908 0.020612508928453722
9 0.8403379300604519 0.44084972768216096 0.017442038669636162 0.02217500892845372
1 0.6851600813971789 0.4685634448077197 0.019022720003181705 0.02376478246740419
3 0.6907106473981334 0.4754992374213936 0.023764764003817974 0.02853410308425506
2 0.7025203040658606 0.483107185879266 0.02376476400381806 0.028534103084255236
2 0.7159379140674514 0.49459411079818816 0.023764764003817974 0.02853410308425506
0 0.7104146200668151 0.49000206818451436 0.023764764003817974 0.028534103084255236
1 0.7214612080680878 0.49918615341186195 0.020621582670272608 0.0269170560063543
2 0.6730520747533142 0.6367776566582728 0.0174238573360908 0.020612508928453722
9 0.6785480967536324 0.6390259492719467 0.0174238573360908 0.020612508928453722
1 0.5210446794239049 0.668343076705931 0.019022720003181705 0.02376478246740419
4 0.5281486547580867 0.6744703457806545 0.023764764003817974 0.028534103084255236
2 0.5407668334261321 0.6844084074690517 0.023764764003817974 0.02853410308425506
0 0.5462992180935411 0.6897817000827255 0.023764764003817974 0.02853410308425506
2 0.5533941027609501 0.6951277191574491 0.023764764003817974 0.028534103084255236
1 0.5596986467615865 0.6997061250016476 0.020621582670272608 0.026917056006354478
1 0.6984178907940396 0.9363958271129681 0.0174238573360908 0.020612508928453722
0 0.7039139127943577 0.9386441197266417 0.0174238573360908 0.020612508928454076
2 0.5112713321132676 0.8357351282480586 0.0174238573360908 0.020612508928453722
9 0.5152230354471311 0.8395731944006826 0.01744203866963625 0.02217500892845372