32 0.9296875 0.29921875 0.140625 0.2390625
14 0.8953125 0.153125 0.209375 0.30625
28 0.725 0.26484375 0.221875 0.3078125
12 0.515625 0.934375 0.046875 0.11875
26 0.3734375 0.94453125 0.18125 0.1109375
27 0.43542142748832957 0.7666397884803817 0.18195600831327016 0.24619320357377178
31 0.46484375 0.5453125 0.1484375 0.196875
19 0.24765625 0.9140625 0.1578125 0.171875
22 0.2640609045270759 0.729143741559862 0.152876262074194 0.2122346976422728
30 0.32578125 0.54375 0.1609375 0.25
16 0.05 0.4828125 0.1 0.128125
24 0.18203125 0.4421875 0.1515625 0.046875
33 0.15755615492278735 0.5813203482896638 0.14116587226160834 0.18522652866891215
20 0.11489597882111306 0.7601921061983292 0.13978522868809903 0.1914128616727176
32 0.03203125 0.734375 0.0640625 0.18125
25 0.0421875 0.91953125 0.084375 0.1609375
10 0.76953125 0.709375 0.4609375 0.58125