18 0.10046470648908357 0.42941008648667617 0.02225763727290362 0.0062171490112643115
18 0.10967995194715571 0.33555082584301454 0.01913263727290353 0.005998627723940686
18 0.11605723982888247 0.25742582584301443 0.02238518303053816 0.007779649011264311
22 0.10637973770285054 0.38549619552118364 0.017793277879787083 0.027655106436617415
29 0.18327643286136025 0.19524290009654505 0.01977036606107623 0.013811127723940686
29 0.18853775983276178 0.1498211394528833 0.019770366061076315 0.013811127723940863
29 0.19786457559427567 0.04507900913105249 0.019770366061076315 0.013811127723940863
14 0.11374556967522195 0.3142931848775218 0.017155549091614476 0.019842606436617415
14 0.1213505177086696 0.23064480455569097 0.020025457576345395 0.016936127723940864
14 0.1795138330111415 0.24133665009654504 0.016900457576345305 0.016717606436617415
14 0.19038717331846255 0.12716488945288332 0.016900457576345396 0.016717606436617415
14 0.20135623741298653 0.030852618165559863 0.019770366061076315 0.013811127723940863
28 0.19316135801599063 0.1122118788092216 0.016645366061076316 0.013592606436617327
10 0.10382882255015984 0.41674619552118364 0.020025457576345395 0.016936127723940687
10 0.19630220453222957 0.08325099848739073 0.019770366061076315 0.013811127723940775
10 0.19756168665438212 0.05830562880922159 0.016900457576345396 0.01671760643661733
24 0.10894662830973409 0.3635665651993527 0.017155549091614476 0.019842606436617415
17 0.18298939043770562 0.17972716074020684 0.020025457576345395 0.016936127723940687
13 0.20028794498933183 0.015391509131052495 0.023150457576345394 0.01715464901126431
12 0.1943730427135187 0.09736812880922159 0.016645366061076316 0.013592606436617327
11 0.10728840452253126 0.34581633648667615 0.023150457576345394 0.01715464901126431
21 0.10797393073532838 0.32790221680850706 0.02225763727290362 0.0062171490112643115
21 0.17897169907221774 0.22894591074020684 0.022257637272903707 0.0062171490112643115
21 0.17954565498157318 0.22191466074020685 0.02225763727290362 0.0062171490112643115
21 0.1950425934721231 0.07013363945288331 0.02225763727290353 0.0062171490112643115
20 0.11688628725350698 0.24726957584301443 0.022895366061076318 0.01402964901126431
10 0.18823487089286822 0.1630477591310525 0.020280549091614475 0.020061127723940687
32 0.0816024914958724 0.25129044032540354 0.02429836939505616 0.031217149011264312
17 0.08370699649684221 0.22550919032540354 0.023660640606883554 0.023404649011264312
10 0.08530131846727391 0.20597794032540354 0.023660640606883554 0.023404649011264312
29 0.08761311755888838 0.18717331000357262 0.020280549091614475 0.020061127723940864
31 0.10113438618564183 0.44023832584301453 0.016900457576345396 0.016717606436617415
21 0.11594566952544075 0.26830869552118364 0.023150457576345394 0.01715464901126431
32 0.17701071528307524 0.26248503041837595 0.021045823637421624 0.029436127723940865
20 0.35942486043188665 0.32119412285713694 0.07566942182065048 0.07054172896477802
18 0.3623424374032881 0.27593625317896764 0.07248077787978709 0.03147922896477802
21 0.36444694240425796 0.25015500317896777 0.07404327787978708 0.03158848960843983
21 0.36746024316286235 0.22275662285713685 0.07404327787978708 0.03158848960843983
34 0.39408625816577186 0.14399248448953425 0.07774210485118864 0.07690098960843983
24 0.39194954438050866 0.07500753770784296 0.06355205909355419 0.07435514381548422
30 0.3984375 0.01953125 0.0625 0.0390625
24 0.45 0.45 1 0.45 1 0.072926590625 0.988302703125 0.062942071875 0.8614221890625 0.028795182812499997 0.68956248125 0.0378258296875 0.5120184703125 0.10429480937499999 0.45 0.15808308124999998 0.45 0.45
15 0.225 0.60703125 0.45 0.3140625
26 0.73203125 0.74375 0.5359375 0.5125