35 0.13671875 0.9046875 0.2734375 0.190625
27 0.09921875 0.68203125 0.1984375 0.2578125
31 0.2365670720191968 0.8220827851510759 0.24234339605020364 0.23250009263745514
18 0.34453125 0.91171875 0.0890625 0.1765625
22 0.1625 0.60859375 0.24375 0.1171875
30 0.27734375 0.7078125 0.2234375 0.271875
33 0.3109375 0.59375 0.15625 0.0875
22 0.9890625 0.559375 0.021875 0.01875
22 0.84921875 0.55625 0.0296875 0.0125
18 0.948414120911776 0.5675559127347192 0.01702681369509058 0.02260274607105863
18 0.984450552897749 0.6315477921803891 0.01702681369509058 0.022602746071058544
18 0.99140625 0.67734375 0.0171875 0.0234375
23 0.9382671653285352 0.6036924658778723 0.02171431369509058 0.022821069892376134
23 0.9809040507382806 0.6734441937519657 0.024939443244739935 0.02452911910658786
28 0.98828125 0.59453125 0.0234375 0.0234375
28 0.9203125 0.55703125 0.021875 0.0140625
28 0.9731625994739762 0.6255696199306482 0.024939443244739935 0.02452911910658786
28 0.9001466016334445 0.5801072626108846 0.02171431369509058 0.02282106989237622
17 0.990625 0.6375 0.01875 0.028125
24 0.9528803778516064 0.6129411873418249 0.024939443244739755 0.02452911910658786
14 0.9220413880306392 0.5935897198068136 0.026702202344038462 0.027726893713693725
14 0.8855333891103733 0.5708585411469318 0.024939443244739755 0.02452911910658786
14 0.8703125 0.56171875 0.025 0.0234375
13 0.93671875 0.56171875 0.0265625 0.0234375
16 0.99453125 0.6046875 0.0109375 0.028125
20 0.9581395743355486 0.5734613103773543 0.028364831893687815 0.029362168320799586