22 0.13359375 0.07578125 0.0203125 0.0578125
10 0.1515625 0.0796875 0.0140625 0.0453125
10 0.1859375 0.1734375 0.0125 0.0453125
10 0.59921875 0.1734375 0.0125 0.0453125
10 0.66796875 0.1734375 0.0125 0.040625
10 0.4578125 0.2890625 0.0140625 0.0453125
10 0.52890625 0.2890625 0.0125 0.0453125
10 0.45390625 0.446875 0.0140625 0.0453125
10 0.53359375 0.446875 0.0125 0.0453125
10 0.33359375 0.5359375 0.0125 0.04375
10 0.24453125 0.69140625 0.0125 0.0359375
10 0.61171875 0.6890625 0.0125 0.04375
10 0.6828125 0.69140625 0.0125 0.040625
10 0.728125 0.69296875 0.0125 0.04375
10 0.7671875 0.69140625 0.0125 0.040625
10 0.81796875 0.69140625 0.0125 0.0453125
10 0.85703125 0.69140625 0.0125 0.040625
10 0.90390625 0.69296875 0.0125 0.04375
10 0.2453125 0.76875 0.0125 0.0390625
10 0.27265625 0.76640625 0.015625 0.04375
10 0.359375 0.76640625 0.015625 0.04375
10 0.3984375 0.76875 0.0140625 0.04375
10 0.5015625 0.76875 0.0125 0.0390625
10 0.553125 0.76875 0.0125 0.0390625
10 0.5953125 0.76875 0.0125 0.0390625
10 0.65625 0.76640625 0.0140625 0.0390625
10 0.7171875 0.76640625 0.0125 0.04375
10 0.78046875 0.76875 0.015625 0.04375
10 0.8765625 0.76640625 0.0125 0.04375
10 0.33359375 0.93359375 0.0125 0.0453125
29 0.16328125 0.078125 0.009375 0.05
29 0.1734375 0.07578125 0.009375 0.05
29 0.1625 0.16875 0.009375 0.0453125
29 0.41015625 0.16875 0.0109375 0.0484375
29 0.48046875 0.16875 0.0109375 0.0453125
29 0.4953125 0.16875 0.009375 0.0453125
29 0.65859375 0.16875 0.009375 0.0453125
29 0.31640625 0.2796875 0.009375 0.0484375
29 0.41640625 0.2796875 0.009375 0.0484375
29 0.63125 0.2796875 0.009375 0.0453125
29 0.43125 0.4421875 0.009375 0.05
29 0.46484375 0.43984375 0.00625 0.05
29 0.59375 0.43984375 0.009375 0.0453125
29 0.29453125 0.52890625 0.0078125 0.05
29 0.25625 0.68671875 0.0078125 0.0390625
29 0.26484375 0.68671875 0.0078125 0.04375
29 0.44453125 0.6890625 0.00625 0.05
29 0.5 0.68671875 0.00625 0.05
29 0.75703125 0.68671875 0.0078125 0.05
29 0.846875 0.68671875 0.009375 0.05
29 0.22265625 0.7625 0.009375 0.04375
29 0.25546875 0.7640625 0.00625 0.04375
29 0.3875 0.7640625 0.0078125 0.04375
29 0.44765625 0.7640625 0.009375 0.04375
29 0.67421875 0.7625 0.009375 0.05
29 0.72734375 0.7640625 0.0078125 0.04375
29 0.83203125 0.7640625 0.00625 0.04375
29 0.8546875 0.7640625 0.009375 0.04375
29 0.8859375 0.7640625 0.009375 0.04375
29 0.2625 0.8421875 0.0078125 0.0453125
29 0.28984375 0.8421875 0.00625 0.05
29 0.340625 0.84453125 0.0078125 0.0453125
29 0.35625 0.8421875 0.0078125 0.0453125
29 0.29453125 0.93125 0.0078125 0.0453125
17 0.18671875 0.0734375 0.0140625 0.053125
17 0.209375 0.16640625 0.0109375 0.0484375
17 0.41953125 0.1640625 0.0125 0.053125
17 0.4703125 0.16640625 0.0109375 0.053125
17 0.5046875 0.1640625 0.0125 0.053125
17 0.44140625 0.4375 0.0109375 0.053125
17 0.2765625 0.684375 0.0125 0.05
17 0.23203125 0.7625 0.0109375 0.05
17 0.4578125 0.7625 0.0109375 0.05
17 0.86328125 0.76015625 0.0125 0.053125
17 0.253125 0.83984375 0.0109375 0.0578125
14 0.20234375 0.08203125 0.0140625 0.040625
14 0.1734375 0.1734375 0.0125 0.040625
14 0.22265625 0.1734375 0.0140625 0.0359375
14 0.3921875 0.1734375 0.0140625 0.040625
14 0.5171875 0.1734375 0.0125 0.040625
10 0.6296875 0.1734375 0.0125 0.040625
14 0.18984375 0.28671875 0.0125 0.0390625
14 0.29375 0.284375 0.0140625 0.0390625
14 0.42734375 0.284375 0.0125 0.0453125
14 0.515625 0.284375 0.0140625 0.0453125
14 0.5703125 0.284375 0.0125 0.0390625
14 0.26640625 0.44921875 0.015625 0.040625
14 0.5109375 0.446875 0.0125 0.040625
14 0.57109375 0.446875 0.0125 0.0453125
14 0.303125 0.53359375 0.009375 0.040625
14 0.44609375 0.5359375 0.0125 0.0390625
14 0.5421875 0.53359375 0.0125 0.040625
14 0.58671875 0.53359375 0.0125 0.040625
14 0.290625 0.6890625 0.0140625 0.040625
10 0.525 0.69140625 0.0125 0.040625
14 0.4703125 0.76875 0.0125 0.0390625
14 0.53359375 0.77109375 0.0125 0.040625
14 0.38671875 0.846875 0.0125 0.040625
14 0.30390625 0.9359375 0.0109375 0.040625
14 0.42421875 0.9359375 0.0125 0.040625
32 0.2203125 0.0796875 0.021875 0.040625
32 0.58359375 0.1734375 0.01875 0.040625
32 0.3078125 0.69140625 0.01875 0.040625
22 0.13203125 0.16875 0.0171875 0.0453125
34 0.146875 0.1796875 0.0125 0.053125
34 0.91640625 0.69765625 0.0109375 0.053125
34 0.6078125 0.778125 0.0125 0.053125
12 0.19765625 0.1734375 0.0125 0.040625
12 0.52265625 0.446875 0.0109375 0.040625
27 0.2328125 0.1734375 0.0109375 0.040625
27 0.6796875 0.17109375 0.0109375 0.0359375
27 0.53984375 0.28671875 0.0078125 0.0390625
27 0.77734375 0.69140625 0.0109375 0.040625
27 0.86953125 0.6890625 0.0109375 0.0359375
27 0.409375 0.77109375 0.009375 0.0359375
27 0.80546875 0.76875 0.009375 0.0390625
27 0.225 0.846875 0.009375 0.040625
27 0.36328125 0.846875 0.009375 0.0359375
18 0.246875 0.16640625 0.003125 0.0453125
18 0.38515625 0.2796875 0.003125 0.0453125
18 0.2546875 0.43984375 0.0046875 0.053125
18 0.58671875 0.43984375 0.0046875 0.05
18 0.60625 0.4421875 0.003125 0.05
18 0.2625 0.52890625 0.003125 0.053125
18 0.42578125 0.52890625 0.0046875 0.05
18 0.43828125 0.68671875 0.003125 0.05
18 0.584375 0.684375 0.003125 0.04375
18 0.7921875 0.68671875 0.0046875 0.05
18 0.925 0.68671875 0.0046875 0.04375
18 0.3328125 0.7640625 0.0046875 0.05
18 0.4234375 0.7640625 0.0046875 0.04375
18 0.61640625 0.7625 0.0046875 0.04375
18 0.75390625 0.7625 0.003125 0.04375
18 0.82578125 0.7640625 0.0046875 0.04375
18 0.23046875 0.8421875 0.003125 0.05
18 0.284375 0.84453125 0.003125 0.0453125
18 0.26171875 0.93125 0.003125 0.0453125
18 0.403125 0.92890625 0.0046875 0.05
28 0.25625 0.1734375 0.0125 0.040625
28 0.27421875 0.17578125 0.0125 0.040625
28 0.5375 0.1734375 0.0125 0.0359375
28 0.61171875 0.17109375 0.0125 0.040625
28 0.6484375 0.1734375 0.0125 0.040625
28 0.43984375 0.284375 0.0125 0.0390625
28 0.48046875 0.446875 0.0125 0.040625
28 0.56015625 0.446875 0.0125 0.040625
28 0.615625 0.446875 0.0109375 0.040625
28 0.31640625 0.53359375 0.0125 0.040625
28 0.45859375 0.69140625 0.0125 0.040625
28 0.54453125 0.69140625 0.0125 0.0359375
28 0.59375 0.69140625 0.0125 0.040625
28 0.63125 0.69140625 0.0125 0.040625
28 0.746875 0.69140625 0.0109375 0.0453125
28 0.80078125 0.69140625 0.0109375 0.040625
28 0.83828125 0.69140625 0.0125 0.040625
28 0.8921875 0.6890625 0.0125 0.04375
28 0.2921875 0.76875 0.0109375 0.0390625
28 0.34140625 0.76875 0.0125 0.0390625
28 0.378125 0.76875 0.0109375 0.0390625
28 0.43203125 0.77109375 0.0109375 0.04375
28 0.48984375 0.76875 0.0125 0.0390625
28 0.56640625 0.76875 0.0125 0.0390625
28 0.58359375 0.76875 0.0109375 0.0390625
28 0.76171875 0.76640625 0.0125 0.0390625
28 0.896875 0.76640625 0.0125 0.04375
28 0.3 0.84921875 0.0125 0.040625
28 0.31640625 0.9359375 0.0125 0.0453125
24 0.2859375 0.1734375 0.0125 0.040625
24 0.43125 0.1734375 0.0125 0.040625
24 0.23984375 0.28671875 0.0125 0.0359375
24 0.4828125 0.284375 0.0125 0.0390625
24 0.60859375 0.284375 0.0125 0.0359375
24 0.36015625 0.53359375 0.0125 0.040625
24 0.55546875 0.5359375 0.0125 0.0390625
24 0.421875 0.69140625 0.0125 0.040625
24 0.48984375 0.69140625 0.0109375 0.040625
24 0.684375 0.76640625 0.0125 0.0390625
24 0.7375 0.76875 0.0109375 0.04375
24 0.33046875 0.84921875 0.0125 0.040625
24 0.359375 0.93359375 0.0140625 0.040625
13 0.3046875 0.16640625 0.0125 0.053125
13 0.70859375 0.68203125 0.0125 0.053125
30 0.31875 0.1734375 0.0125 0.040625
30 0.4453125 0.1734375 0.0125 0.040625
30 0.54765625 0.1734375 0.0125 0.0359375
30 0.40625 0.28671875 0.0125 0.0390625
30 0.37421875 0.446875 0.0125 0.040625
30 0.546875 0.446875 0.0125 0.040625
30 0.28359375 0.5359375 0.009375 0.0359375
30 0.55546875 0.69140625 0.0125 0.0359375
30 0.64296875 0.69140625 0.0125 0.0359375
30 0.30390625 0.77109375 0.0109375 0.0359375
30 0.81640625 0.76640625 0.0125 0.0359375
30 0.375 0.84921875 0.0125 0.0359375
30 0.28359375 0.9359375 0.0125 0.040625
22 0.334375 0.1734375 0.0171875 0.040625
22 0.25625 0.28671875 0.0171875 0.0390625
22 0.27578125 0.284375 0.0171875 0.0390625
22 0.37265625 0.284375 0.0171875 0.0359375
22 0.5921875 0.28671875 0.0171875 0.0390625
22 0.390625 0.446875 0.01875 0.040625
22 0.41015625 0.446875 0.01875 0.040625
22 0.24921875 0.5359375 0.015625 0.0359375
22 0.5171875 0.76875 0.01875 0.0359375
22 0.70078125 0.76875 0.01875 0.0359375
22 0.2484375 0.93359375 0.01875 0.040625
11 0.3515625 0.1640625 0.0125 0.053125
11 0.49765625 0.43984375 0.0109375 0.053125
17 0.3796875 0.17109375 0.0140625 0.053125
16 0.4578125 0.1796875 0.0125 0.0578125
16 0.4703125 0.29296875 0.0125 0.053125
16 0.34609375 0.5421875 0.0125 0.053125
16 0.9453125 0.69765625 0.0125 0.053125
16 0.63671875 0.77578125 0.0125 0.053125
16 0.23984375 0.853125 0.0125 0.053125
23 0.5609375 0.1734375 0.0125 0.0359375
23 0.30546875 0.284375 0.0109375 0.0359375
23 0.39453125 0.28671875 0.0125 0.0359375
23 0.50234375 0.284375 0.0125 0.0359375
23 0.6203125 0.284375 0.0109375 0.0359375
23 0.27109375 0.53359375 0.009375 0.040625
23 0.4109375 0.5359375 0.0125 0.0359375
23 0.40859375 0.69140625 0.0125 0.040625
23 0.47734375 0.69140625 0.0125 0.040625
23 0.56796875 0.69140625 0.0109375 0.040625
23 0.65546875 0.69140625 0.0125 0.0359375
23 0.6953125 0.6890625 0.0125 0.0359375
23 0.93203125 0.69140625 0.0125 0.0359375
23 0.31640625 0.76640625 0.0125 0.0390625
23 0.625 0.76640625 0.0125 0.0359375
23 0.31796875 0.84453125 0.0125 0.0359375
23 0.2703125 0.9359375 0.0125 0.0359375
21 0.16171875 0.278125 0.0125 0.05
18 0.16953125 0.2796875 0.003125 0.0453125
20 0.178125 0.27578125 0.009375 0.053125
20 0.43359375 0.52890625 0.0109375 0.053125
11 0.5578125 0.2796875 0.0125 0.0453125
21 0.5796875 0.278125 0.003125 0.053125
21 0.41953125 0.5265625 0.003125 0.053125
21 0.57734375 0.5265625 0.0046875 0.053125
12 0.22734375 0.2796875 0.015625 0.0484375
5 0.34921875 0.28203125 0.0125 0.053125
10 0.2265625 0.4421875 0.01875 0.053125
21 0.23984375 0.4375 0.0046875 0.05
21 0.24609375 0.4375 0.0046875 0.053125
2 0.22578125 0.52890625 0.0125 0.05
30 0.396875 0.52890625 0.0125 0.05
1 0.5109375 0.53125 0.0125 0.053125
25 0.53046875 0.5421875 0.0125 0.053125
25 0.56875 0.5421875 0.0109375 0.05
22 0.228125 0.684375 0.01875 0.05
15 0.7984375 0.76015625 0.009375 0.053125
21 0.39609375 0.93125 0.0125 0.05
20 0.41328125 0.92890625 0.0109375 0.053125
0 0.225 0.93125 0.0140625 0.05
16 0.346875 0.93984375 0.0125 0.053125