16 0.10572205054108297 0.44453125 0.06224769448207601 0.025
10 0.11098940467952594 0.42578125 0.04629514586155699 0.01875
10 0.11219337856024414 0.37421875 0.04942014586155703 0.01875
10 0.11785247908064249 0.25859375 0.04942014586155703 0.01875
10 0.1185474406368888 0.09296875 0.04629514586155703 0.01875
10 0.20593009045517469 0.43359375 0.04621325870642732 0.0171875
27 0.1125552267057933 0.4109375 0.03823698439616776 0.0140625
12 0.11194107304232018 0.39921875 0.04621325870642727 0.0171875
18 0.10742066937884705 0.3875 0.056741322930778534 0.009375
18 0.109375 0.00234375 0.05625 0.0046875
18 0.19509881105653254 0.51015625 0.04720254862051902 0.00625
18 0.19857353459856647 0.23359375 0.04728443577564878 0.0078125
21 0.10377004692303834 0.34765625 0.06192014586155703 0.01875
24 0.11244900610443546 0.334375 0.04629514586155703 0.01875
24 0.20215331524040403 0.40625 0.03831887155129756 0.015625
24 0.20491978912112224 0.3546875 0.03683825870642732 0.0171875
23 0.11315169097557307 0.31796875 0.03996325870642727 0.0171875
23 0.2008984317033189 0.5015625 0.03675637155129756 0.015625
23 0.2043598671402834 0.284375 0.03996325870642723 0.0171875
16 0.11936406942427555 0.30234375 0.05567014586155703 0.01875
16 0.2084409367917016 0.421875 0.049338258706427315 0.0171875
13 0.10530821347681027 0.27265625 0.06200203301668674 0.0203125
34 0.12180299468447472 0.24453125 0.058877033016686786 0.0203125
19 0.11235607360814706 0.1984375 0.06965075870642727 0.0171875
14 0.11716972636710903 0.1859375 0.04456887155129752 0.015625
14 0.11925344753429376 0.06171875 0.04456887155129752 0.015625
14 0.20131783355776972 0.46484375 0.03831887155129756 0.015625
14 0.20435654511401607 0.29921875 0.03831887155129756 0.015625
14 0.20597992084918504 0.2109375 0.03831887155129756 0.015625
28 0.11565149197094127 0.171875 0.04456887155129752 0.015625
28 0.11643938602347599 0.1421875 0.04456887155129752 0.015625
28 0.11769426956056113 0.046875 0.04456887155129752 0.015625
28 0.20144398631673174 0.45234375 0.03823698439616781 0.0140625
30 0.11565481399720863 0.15703125 0.04456887155129752 0.015625
30 0.20242331015202142 0.4859375 0.03675637155129756 0.015625
22 0.1164460300760107 0.1125 0.040454581637205764 0.0265625
22 0.20212673903026518 0.525 0.03716580732694626 0.0234375
22 0.20319683683713005 0.33671875 0.03716580732694634 0.0234375
22 0.20365386024287843 0.315625 0.0370839201718165 0.021875
20 0.10827168193046152 0.07578125 0.06200203301668679 0.0203125
20 0.1987815745126582 0.22265625 0.050818871551297565 0.015625
29 0.11346379296630946 0.02578125 0.050736984396167764 0.0140625
29 0.19790290648854825 0.47421875 0.03815509724103805 0.0125
29 0.20460885063193998 0.27421875 0.03815509724103805 0.0125
17 0.10651775214770658 0.0125 0.060275758706427277 0.0171875
0 0.19296875 0.5609375 0.0484375 0.015625
1 0.19402098993477637 0.54921875 0.04769387155129756 0.015625
12 0.19710396709485484 0.36953125 0.04950203301668683 0.0203125
21 0.1997232767966503 0.240625 0.04769387155129756 0.015625
26 0.63984375 0.284375 0.7203125 0.56875
21 0.1765625 0.784375 0.20625 0.43125
31 0.66640625 0.73828125 0.6671875 0.3390625