22 0.23212018145285818 0.4370621001216371 0.022093176002545435 0.01887726502711473
22 0.587234395448722 0.40452529343102395 0.025218176002545077 0.018895445745273777
22 0.35316793077654046 0.3652593021134267 0.022093176002545435 0.01887726502711473
22 0.009375 0.3234375 0.01875 0.01875
18 0.3235627941199491 0.43965531411547937 0.004942038669636162 0.02190227107723892
18 0.4603088161202672 0.44120365769601283 0.004942038669636162 0.02190227107723892
18 0.4978269974538126 0.442547989078102 0.004942038669636162 0.02190227107723892
18 0.0027593981142220335 0.39933133772680096 0.004942038669636162 0.02190227107723892
18 0.07230882944776748 0.40048931674775795 0.004942038669636162 0.02190227107723892
18 0.2645326921148584 0.40249620258096497 0.004942038669636162 0.02190227107723892
18 0.4966093954487219 0.40505253425764176 0.004942038669636162 0.02190227107723892
18 0.20627474944299493 0.3645512958669109 0.004942038669636162 0.02190227107723892
18 0.6008878154439493 0.36928723019930737 0.004942038669636162 0.02190227107723892
18 0.1331821474379043 0.3274739975641131 0.00494203866963625 0.02190227107723892
18 0.17928498810467702 0.32798708197126436 0.004942038669636162 0.02190227107723892
23 0.10553040945253996 0.43545466920708603 0.015843176002545346 0.018840903590796286
23 0.5102997254534944 0.4401315162054651 0.015843176002545433 0.018840903590795932
23 0.6109375 0.440625 0.015625 0.01875
23 0.01445996678067658 0.3977006600337038 0.015843176002545346 0.018840903590796286
23 0.5403412141151765 0.4032355042034125 0.015843176002545433 0.018840903590796286
23 0.07498838677590407 0.36218988602959873 0.015843176002545346 0.018840903590796286
23 0.25705599944299495 0.36425585919682335 0.012718176002545434 0.018822722872636886
23 0.5110167934436313 0.3674661758463854 0.015843176002545256 0.018840903590796286
23 0.571182134110404 0.36789744702182003 0.015843176002545433 0.018840903590796286
23 0.19098555677113155 0.3263564042781672 0.015843176002545256 0.018840903590796286
28 0.13990540945253996 0.4352546813073344 0.015843176002545433 0.018840903590796286
28 0.40793779411994907 0.43916443472518 0.015843176002545433 0.018840903590796286
28 0.47904063478672165 0.4395320733870573 0.015843176002545433 0.018840903590795932
28 0.21840257944776748 0.39963936817381374 0.015843176002545433 0.018840903590796286
28 0.29342076078131285 0.40076553093799205 0.012718176002545434 0.018822722872636886
28 0.3676576921148584 0.4018962388817101 0.01587953866963616 0.02196590359079593
28 0.21798440877622216 0.3637018681738137 0.015843176002545433 0.018840903590796286
28 0.2984713401097677 0.36479621468121337 0.012718176002545434 0.018822722872636886
28 0.3727082714433131 0.36592692262493165 0.012718176002545434 0.018822722872636886
28 0.3953463401097677 0.36423261241827715 0.015843176002545433 0.018840903590796286
10 0.39229461278640354 0.4376928383159761 0.01587953866963616 0.02196590359079593
10 0.31685826078131285 0.4006291755517978 0.01900453866963616 0.02198408430895533
10 0.3973451921148584 0.4017235220591974 0.01587953866963616 0.02196590359079593
10 0.5239349641151765 0.4033309529737483 0.01587953866963616 0.02196590359079593
10 0.05701963677590407 0.3622944251590143 0.015843176002545346 0.018840903590796286
10 0.12734122744267679 0.3626666090004315 0.015843176002545346 0.018840903590796286
10 0.4258241807765405 0.3648366004162245 0.01587953866963616 0.02196590359079629
10 0.4961639527768586 0.3667712842576417 0.01900453866963616 0.02198408430895533
32 0.05665655744744931 0.39823647033855425 0.025218176002545344 0.018895445745273777
32 0.1085912274426768 0.362775693309387 0.022093176002545345 0.01887726502711473
17 0.09262132944776749 0.4003711420797231 0.01587953866963616 0.02196590359079593
17 0.02420713677590407 0.36248532269968636 0.01275453866963625 0.02194772287263689
17 0.19455599944299493 0.364619473560008 0.01587953866963616 0.02196590359079629
24 0.0078125 0.4328125 0.015625 0.01875
24 0.0898872281189945 0.4339830727978821 0.015843176002545256 0.018840903590795932
24 0.17194575011931262 0.43584957894620224 0.015843176002545433 0.018840903590796286
24 0.2117985907860854 0.43639902478967196 0.015843176002545433 0.018840903590795932
24 0.5352906347867217 0.43920482046019116 0.015843176002545433 0.018840903590796286
24 0.11682189811422203 0.39866774151398887 0.015843176002545346 0.018840903590796286
24 0.18559007944776748 0.3998302657144858 0.015843176002545433 0.018840903590795932
24 0.46845712344840373 0.40287241072107494 0.015843176002545433 0.018840903590796286
24 0.24143099944299493 0.36434676278761946 0.015843176002545433 0.018840903590796286
14 0.0680122281189945 0.43411033782499686 0.01587953866963616 0.02196590359079629
14 0.2539860907860854 0.43615358509452234 0.015843176002545433 0.018840903590796286
14 0.2961826814528582 0.4366893953993728 0.015843176002545433 0.018840903590795932
14 0.37588836278640353 0.4377882870863122 0.01587953866963616 0.02196590359079629
14 0.4227724534531763 0.43829682631392364 0.01587953866963616 0.02196590359079593
14 0.5946838161202672 0.4404218868151656 0.01587953866963616 0.02196590359079593
14 0.34421110144808564 0.4012513442679044 0.01587953866963616 0.02196590359079593
14 0.42547928278163105 0.4023411455957643 0.015843176002545256 0.018840903590795932
14 0.2750338401097677 0.36493257006740765 0.01587953866963616 0.02196590359079629
14 0.3148775901097677 0.3647007659108773 0.015843176002545433 0.018840903590795932
14 0.3305116807765405 0.3653911123200812 0.015843176002545433 0.018840903590796286
14 0.4531952027768586 0.36702126913233124 0.01587953866963616 0.02196590359079629
14 0.6109375 0.3671875 0.015625 0.01875
14 0.030792944104040654 0.324163166083828 0.01587953866963616 0.02196590359079629
14 0.07298953477081338 0.3246989763886784 0.01587953866963625 0.02196590359079629
14 0.15972646610435887 0.32575696145975963 0.015843176002545433 0.018840903590796286
31 0.14488271610435888 0.32584331987101595 0.014280676002545433 0.018831813231716586
27 0.5649963161202672 0.4405946036376783 0.009593176002545434 0.018804542154477844
27 0.14653667011454016 0.400838774691476 0.009593176002545434 0.018804542154477844
27 0.3301486014480856 0.4013331574996212 0.008030676002545433 0.01879545179539832
27 0.4121980327816311 0.4024184136479413 0.009593176002545256 0.018804542154477844
27 0.43990486211008584 0.36631728718450807 0.009593176002545434 0.018804542154477844
27 0.5930662247771767 0.3685514319947053 0.009593176002545434 0.018804542154477844
29 0.1586826814528582 0.4374893469983789 0.008067038669636161 0.02192045179539832
29 0.3071474534531763 0.4389695128858154 0.008067038669636161 0.02192045179539832
29 0.3305940441199491 0.43961440749962116 0.008067038669636161 0.02192045179539832
29 0.46655881612026723 0.4411672962596942 0.009629538669636162 0.021929542154477843
29 0.07934007944776748 0.40044841013189975 0.009629538669636162 0.021929542154477843
29 0.5028684861154946 0.4057974228213233 0.009629538669636162 0.021929542154477843
29 0.03670713677590407 0.3624125998270493 0.008067038669636251 0.02192045179539832
29 0.08472646610435883 0.3261932986955813 0.008067038669636251 0.021920451795397967
13 0.16920201078131286 0.4014882144848217 0.01587953866963616 0.02196590359079629
13 0.27704178278163105 0.4032047297083281 0.01587953866963616 0.02196590359079593
13 0.4419128047819493 0.4045894468254284 0.01587953866963616 0.02196590359079629
13 0.5567838267822675 0.40626505543307656 0.01587953866963616 0.02196590359079593
13 0.4696105434436313 0.36770707036199524 0.01587953866963616 0.02196590359079629
13 0.5289946341104039 0.3681428867169698 0.01587953866963616 0.02196590359079629
16 0.024234956118676366 0.43202111787922615 0.01587953866963625 0.02196590359079629
16 0.12347188745222182 0.4330063800776703 0.01587953866963616 0.02196590359079593
16 0.27819575011931263 0.4352314345287883 0.01587953866963616 0.02196590359079593
16 0.030057694780358402 0.39526600644290755 0.01587953866963625 0.02196590359079593
16 0.20196905744744936 0.3973910669441498 0.01587953866963616 0.02196590359079593
16 0.0078125 0.3578125 0.015625 0.021875
16 0.054993512770495204 0.32245976551809397 0.015915901336727066 0.025090903590796288
11 0.050070750119312724 0.43655862695441244 0.01587953866963616 0.02196590359079629
21 0.07819575011931272 0.43639500049097923 0.008067038669636161 0.02192045179539832
21 0.3634156347867217 0.44020475995894903 0.0033795386696361617 0.021893180718159044
21 0.12615089743790428 0.3275149041799713 0.00494203866963625 0.02190227107723892
12 0.19460200011931264 0.43571776873954776 0.01587953866963616 0.02196590359079593
12 0.38250144211485837 0.40180988047045396 0.012718176002545434 0.018822722872636886
12 0.40943611211008585 0.36649454918656055 0.012718176002545434 0.018822722872636886
25 0.3532048407860854 0.4355763472929667 0.01587953866963616 0.02196590359079593
30 0.5509247254534945 0.439895166869395 0.012718176002545434 0.018822722872636886
30 0.13244689811422203 0.39857683792319276 0.015843176002545346 0.018840903590795932
30 0.5539764527768586 0.3664349409716959 0.01584317600254508 0.018840903590796286
15 0.5829923381205854 0.4428338145082627 0.008067038669636161 0.02192045179539832
15 0.4802031454487219 0.4051479830279778 0.009629538669636162 0.021929542154477843
15 0.5836912247771767 0.36860597414918317 0.008067038669636161 0.021920451795397967
34 0.6051758734484037 0.4020770043016082 0.01587953866963616 0.02196590359079593
34 0.08976850210849499 0.3566347776183424 0.01587953866963616 0.02196590359079629
34 0.1421304334420405 0.3578927505891752 0.01431703866963625 0.02195681323171641
20 0.25359519211485837 0.40255983509452237 0.01900453866963616 0.02198408430895533
29 0.17579690877622217 0.36394730786896334 0.022129538669636163 0.02200226502711473
18 0.10973555677113156 0.3268291029503073 0.00494203866963625 0.02190227107723892
20 0.8171875 0.2546875 0.365625 0.509375
32 0.309375 0.69765625 0.61875 0.3765625