16 0.6140625 0.3890625 0.03125 0.028125
10 0.61484375 0.36953125 0.0296875 0.0203125
10 0.6125 0.31796875 0.034375 0.0234375
10 0.60703125 0.20234375 0.0453125 0.0234375
10 0.5994822082004003 0.037500347390456934 0.04563978246740419 0.020860463606069857
10 0.5302553267092263 0.37517797580266976 0.04561250892845372 0.019297963606069855
10 0.29722245860743746 0.19778276012968518 0.03936250892845372 0.019006865177646402
10 0.29473838677277053 0.16091846091547346 0.03933523538950325 0.017444365177646404
10 0.2852969772751239 0.029903901362179575 0.04558523538950325 0.017735463606069857
10 0.21882254342774798 0.030717230560180653 0.03936250892845372 0.019006865177646402
10 0.15948490503671503 0.2945763693114756 0.04561250892845372 0.019297963606069855
10 0.030019547488233034 0.3206037142252424 0.04561250892845372 0.019297963606069855
10 0.02687695657884257 0.27667177770747775 0.03936250892845372 0.019006865177646402
10 0.01484375 0.00546875 0.0296875 0.0109375
27 0.615625 0.3546875 0.028125 0.015625
27 0.302708799516828 0.24182385855810865 0.03459318831160267 0.014101041356328992
27 0.2966321233800898 0.18680887282613234 0.03459318831160267 0.014101041356328992
27 0.28668219927194666 0.040132925969285436 0.03459318831160267 0.014101041356328814
27 0.24424964286185044 0.36576647270229773 0.03618296185055314 0.015736315963434677
27 0.23615254505260105 0.24732468775610972 0.03459318831160267 0.014101041356328814
27 0.22368159294128062 0.11069582898860411 0.037690914772652385 0.012684090570540717
12 0.6140625 0.34296875 0.03125 0.0203125
12 0.02808490057248818 0.2970570523145836 0.03621023538950343 0.017298815963434678
18 0.61328125 0.33125 0.0328125 0.0125
18 0.5453251733006595 0.4525046091772812 0.04701136769475163 0.00999573821317572
18 0.5274827029253946 0.17566812737424628 0.04703864123370209 0.01155823821317572
18 0.36080549188562044 0.04905846980681368 0.04703864123370209 0.01155823821317572
18 0.31414908563767996 0.34791119271850846 0.04703864123370209 0.01155823821317572
18 0.3092939902640627 0.31250023159363793 0.04703864123370209 0.01155823821317572
18 0.29039358035937896 0.006684725183497164 0.04385909415580134 0.008287688998963993
18 0.23684802029583468 0.2074809377561097 0.04703864123370209 0.01155823821317572
18 0.2300543238665572 0.10395567741702746 0.04701136769475163 0.00999573821317572
18 0.16908600162814835 0.37164829156121665 0.04388636769475163 0.009850188998963994
18 0.03451217857566533 0.2871919007430071 0.04703864123370209 0.01155823821317572
18 0.023958282470699376 0.13032331658260726 0.04701136769475171 0.00999573821317572
21 0.61328125 0.29140625 0.0328125 0.0203125
24 0.61171875 0.27890625 0.0359375 0.0203125
24 0.5322951136408572 0.3479070004097755 0.03933523538950343 0.017444365177646404
24 0.5269451404262184 0.29605340198135216 0.03623750892845372 0.018861315963434676
24 0.3656997232179341 0.216609842842343 0.036210235389503256 0.017298815963434678
24 0.35234375 0.003125 0.0359375 0.00625
24 0.3022724228936225 0.26682385855810864 0.03936250892845372 0.019006865177646402
24 0.23438549351047352 0.25897066314900385 0.03621023538950343 0.017298815963434678
24 0.22320035186973436 0.09347194168505109 0.036210235389503256 0.017298815963434678
24 0.15760480519887085 0.2679047074008169 0.03936250892845372 0.019006865177646402
23 0.61328125 0.2625 0.0328125 0.01875
23 0.5384575645343617 0.44280212344530484 0.036210235389503256 0.017298815963434678
23 0.5234576761400334 0.22708507816003456 0.03936250892845372 0.019006865177646402
23 0.3655730381527422 0.17907345553878998 0.03933523538950343 0.017444365177646404
23 0.3047837682672398 0.30212565777232037 0.036210235389503256 0.017298815963434678
23 0.29653271185384833 0.14770998552257933 0.03933523538950343 0.017444365177646404
23 0.2828125 0.003125 0.040625 0.00625
23 0.1645485060923752 0.36283621773989905 0.03621023538950343 0.017298815963434678
27 0.03181387256931094 0.3073952388323482 0.037690914772652385 0.012684090570540717
16 0.60546875 0.2453125 0.0484375 0.021875
16 0.5273348782513538 0.36331367658845803 0.04876478246740401 0.021006012820281583
16 0.15187695657884256 0.2824937462759463 0.05186250892845372 0.01958906203449331
13 0.61015625 0.21640625 0.0390625 0.0234375
13 0.2991355604738766 0.13297539743323822 0.04873750892845372 0.019443512820281582
34 0.6015625 0.1875 0.05625 0.025
34 0.2965582110430695 0.2806316474332382 0.04876478246740419 0.021006012820281583
34 0.22056054708119593 0.1551179170779453 0.04873750892845372 0.019443512820281582
34 0.21122823173935074 0.01785335752465138 0.04873750892845372 0.019443512820281582
34 0.01328125 0.0265625 0.0265625 0.01875
19 0.60234375 0.1421875 0.0546875 0.021875
14 0.6064668194023302 0.1300881077295392 0.04558523538950325 0.017735463606069857
14 0.596875 0.00703125 0.046875 0.0140625
14 0.5359598559302194 0.4067190742310931 0.03933523538950343 0.017444365177646404
14 0.5247747142894803 0.24122035276714043 0.03933523538950343 0.017444365177646404
14 0.5185031692401745 0.1525752297316111 0.03933523538950343 0.017444365177646404
14 0.378887695621794 0.4017489762169545 0.03933523538950343 0.017444365177646404
14 0.3651502982990119 0.20329220553878996 0.03933523538950343 0.017444365177646404
14 0.36018215462967795 0.1295636071103666 0.03933523538950343 0.017444365177646404
14 0.3123314411575671 0.40724980541495553 0.03933523538950343 0.017444365177646404
14 0.3110007662386449 0.3938957808078497 0.03933523538950325 0.017444365177646404
14 0.29856677029583467 0.21035553473679106 0.03933523538950325 0.017444365177646404
14 0.2903333047918338 0.09972624979060303 0.03933523538950325 0.017444365177646404
14 0.28977024310343646 0.0871898624870501 0.03933523538950343 0.017444365177646404
14 0.2450757573101912 0.4080267473094036 0.03933523538950325 0.017444365177646404
14 0.2424689545502477 0.378193698095192 0.03933523538950343 0.017444365177646404
14 0.24008034010190685 0.3358606488809802 0.03933523538950343 0.017444365177646404
14 0.2226957913991531 0.12237819168505118 0.03933523538950343 0.017444365177646404
14 0.1612968210271834 0.3251542812221344 0.03933523538950343 0.017444365177646404
14 0.027490611205225245 0.24151552770747778 0.03933523538950343 0.017444365177646404
14 0.020646321837962313 0.18568290467194845 0.03621023538950343 0.017298815963434678
14 0.0140625 0.01328125 0.028125 0.0171875
28 0.6067122812528833 0.11602560772953918 0.04558523538950325 0.017735463606069857
28 0.6048867284929397 0.08622894581888038 0.04558523538950325 0.017735463606069857
28 0.5353967942418222 0.39418268692754027 0.039307961850552964 0.015881865177646403
28 0.3661497366106147 0.190828592842343 0.03933523538950343 0.017444365177646404
28 0.35259357143092523 0.02678320946773143 0.03933523538950343 0.017444365177646404
28 0.23874966518298474 0.3225066242738744 0.03933523538950343 0.017444365177646404
28 0.23918604180619019 0.29750662427387436 0.037718188311602674 0.01424659057054054
28 0.2318741481368562 0.22366886393479213 0.03933523538950343 0.017444365177646404
28 0.2262474853927987 0.14287262820281582 0.039307961850553144 0.015881865177646403
28 0.2213338888013654 0.06601902977439238 0.03618296185055314 0.015736315963434677
28 0.21328125 0.00625 0.0390625 0.0125
28 0.16072012256931095 0.3133991439185815 0.039307961850553144 0.015881865177646403
28 0.020083260149564984 0.17314651736839554 0.03933523538950343 0.017444365177646404
28 0.021300886772770422 0.14818290467194845 0.03933523538950343 0.017444365177646404
28 0.01875 0.12265625 0.0375 0.0171875
30 0.6054088798729115 0.10110908312243332 0.04558523538950325 0.017735463606069857
30 0.5363729131543898 0.4278492115346461 0.036210235389503256 0.017298815963434678
30 0.35568161526241504 0.07384014598549608 0.03621023538950343 0.017298815963434678
30 0.3009417479747004 0.25346983395100275 0.03621023538950343 0.017298815963434678
30 0.23820024026406267 0.30918898697032143 0.03621023538950343 0.017298815963434678
30 0.22189695048976263 0.0785554170779453 0.03621023538950343 0.017298815963434678
30 0.16324510471240342 0.3479196931327932 0.03933523538950325 0.017444365177646404
30 0.018738948461167748 0.16057374276128974 0.03621023538950343 0.017298815963434678
22 0.6022799257329963 0.05639589660466866 0.03952615016215581 0.028381865177646404
22 0.5388160746806314 0.46705726074885784 0.03634660308425523 0.025111315963434678
22 0.5272451493546721 0.27886590198135214 0.03634660308425523 0.025111315963434678
22 0.526064478899977 0.2569181273742463 0.03631932954530477 0.023548815963434677
22 0.30967977394928264 0.3351928688971909 0.0362920560063543 0.02198631596343468
22 0.22808667492221738 0.17188804011347453 0.03631932954530477 0.023548815963434677
22 0.16572917654707045 0.38478399234700494 0.03944432954530477 0.023694365177646403
22 0.015625 0.09921875 0.03125 0.0234375
20 0.603125 0.02109375 0.053125 0.0234375
20 0.5261111176980471 0.16465785276714043 0.05186250892845372 0.01958906203449331
20 0.3215155263849147 0.41862395305759065 0.05186250892845372 0.01958906203449331
20 0.29792761648023103 0.11259012282613234 0.05186250892845372 0.01958906203449331
29 0.5397161014659926 0.41549476074885777 0.037718188311602674 0.01424659057054054
29 0.5228537041432106 0.21689244085648163 0.037718188311602674 0.01424659057054054
29 0.38221724716392147 0.3901757754311662 0.037690914772652385 0.01268409057054054
29 0.3643378206201463 0.1602506809316842 0.037690914772652385 0.01268409057054054
29 0.35901116680454254 0.06226694519970781 0.037718188311602674 0.01424659057054054
29 0.3562407228108969 0.041808895985496086 0.04081591477265238 0.012829639784752267
29 0.2460615588523188 0.3963443846129566 0.043940914772652384 0.01297518899896417
29 0.2461842897775953 0.38931313461295664 0.037690914772652385 0.012684090570540717
29 0.22954976339597585 0.13286192741702757 0.0376636412337021 0.011121590570540718
29 0.026886639208402396 0.23132289040392484 0.04396818831160267 0.014537688998963993
17 0.3855740722449994 0.3770400746453779 0.04873750892845372 0.019443512820281582
17 0.36932532954860003 0.1432815047530017 0.04873750892845372 0.019443512820281582
17 0.3170831708650276 0.3589942419327202 0.04873750892845372 0.019443512820281582
17 0.30770994521475686 0.22407343237942623 0.05186250892845372 0.01958906203449331
17 0.03413607752000516 0.21915037613590121 0.05186250892845372 0.01958906203449331
1 0.546875 0.484375 0.05 0.009375
12 0.5352797918061902 0.3112974123204343 0.04881932954530477 0.024131012820281583
21 0.5257974720001182 0.18262660276714043 0.04873750892845372 0.019443512820281582
11 0.3833297337712409 0.41602980003827206 0.04876478246740419 0.021006012820281583
13 0.37326676136738096 0.2310362158778722 0.0487920560063543 0.022568512820281585
11 0.36324865341186197 0.0882665190210254 0.04873750892845372 0.019443512820281582
11 0.2518615454596381 0.42241673304138 0.05186250892845372 0.01958906203449331
15 0.3609375 0.0078125 0.05625 0.015625
25 0.30343372808919805 0.37946940777232036 0.04876478246740419 0.021006012820281583
25 0.2845469549539895 0.07287265136217957 0.04873750892845372 0.019443512820281582
25 0.28333901096034386 0.052487376755073714 0.04873750892845372 0.019443512820281582
29 0.2999344013832671 0.17679817204034398 0.04396818831160267 0.014537688998963993
34 0.28085493912567683 0.01562307754086203 0.04876478246740419 0.021006012820281583
23 0.23000768506848707 0.19621595202413342 0.036210235389503256 0.017298815963434678
32 0.23330423458201982 0.27612177584545095 0.03631932954530477 0.023548815963434677
32 0.2193446948077198 0.045597367863733584 0.03631932954530477 0.023548815963434677
19 0.24067067532925446 0.3468345361845332 0.056522735389503254 0.0182448858558109
20 0.2387144833642038 0.2349338496667685 0.05188978246740419 0.02115156203449331
29 0.16658829302400618 0.3355652423470049 0.0376636412337021 0.01112159057054054
16 0.03838147240715517 0.3342852245643246 0.04879205600635439 0.022568512820281585
11 0.03274117289362248 0.2542702388323483 0.04873750892845372 0.019443512820281582
19 0.02421875 0.196875 0.0484375 0.015625
34 0.01484375 0.08125 0.0296875 0.01875
0 0.01953125 0.04609375 0.0390625 0.0234375
11 0.6296875 0.5065489234375 0.6157474875 0.50498513125 0.5461431812499999 0.531711934375 0.47930740937499994 0.5981313578125 0.44580628125 0.6870724734375 0.36163910781249997 0.61886045625 0.2434170984375 0.63165103125 0.12115266093749999 0.7003347468750001 0.0622352703125 0.7664307015625 0.028180435937499998 0.84743329375 0.032603103125 1 0.5803184984375 1 0.6296875 0.9807762562499999 0.6296875 0.5065489234375
32 0.81484375 0.74453125 0.3703125 0.5109375