24 0.50390625 0.28125 0.0109375 0.04375
16 0.50078125 0.25859375 0.0171875 0.0328125
14 0.496875 0.24453125 0.025 0.0328125
27 0.49453125 0.234375 0.0296875 0.03125
22 0.48828125 0.221875 0.0421875 0.0375
10 0.4811045959302319 0.20860536322409592 0.0429279796419344 0.0364102146721816
23 0.47263076187707576 0.1946519512253686 0.041165220542635696 0.03326703333863614
34 0.4641068630490951 0.18147978922664126 0.0429279796419344 0.0364102146721816
14 0.5015625 0.40078125 0.015625 0.0328125
14 0.39316809762827487 0.42353147656750456 0.03783996144333699 0.030105670671545327
14 0.31226615592469464 0.2972240625795949 0.03783996144333699 0.030105670671545237
14 0.292393746917681 0.26622860124923114 0.03783996144333699 0.030105670671545237
14 0.25201787322812785 0.2019030192552763 0.03461483189368782 0.02850680800445442
14 0.2875 0.490625 0.0375 0.01875
14 0.25207272825765836 0.44468995591982186 0.03627746144333699 0.030087489337999783
29 0.4421875 0.4921875 0.040625 0.015625
29 0.3709717250184559 0.38007237790423165 0.03940246144333699 0.03012385200509069
29 0.24248218692321827 0.18015528859009441 0.03940246144333699 0.03012385200509069
29 0.21627943476375008 0.13830414326068516 0.03940246144333699 0.03012385200509069
29 0.15358727251753396 0.04457287193668473 0.03940246144333699 0.030123852005090667
27 0.2806645049372455 0.24216439258436742 0.03451470234403846 0.026944308004454333
27 0.18246444170358034 0.09341890459900312 0.03451470234403846 0.026944308004454333
27 0.178908645127353 0.08799560793286672 0.03451470234403846 0.026944308004454333
13 0.33985093538205885 0.32969111724223144 0.0460529796419344 0.0364465773392725
10 0.35069879781284496 0.3553269165738679 0.03783996144333699 0.030105670671545237
10 0.3066169332225906 0.28792178791377665 0.03783996144333699 0.030105670671545147
10 0.2733025879106675 0.23522404925209464 0.041165220542635696 0.03326703333863614
10 0.22576505629383484 0.16083312392586704 0.034614831893687636 0.02850680800445433
22 0.1973687484588405 0.11666550059677597 0.04126535009228505 0.03482953333863614
18 0.3 0.49453125 0.0375 0.0109375
18 0.2691903770856392 0.4577621205840492 0.03773983189368781 0.028543170671545326
20 0.2663609754798813 0.20954279658659464 0.0460529796419344 0.0364465773392725
20 0.2641722100590611 0.4507945052514583 0.0427277205426357 0.033285214672181596
21 0.32456589682539594 0.30020361191123135 0.039302331893687814 0.02856135200509069
21 0.22734734269102946 0.14832403325909432 0.03773983189368764 0.028543170671545236
21 0.29609375 0.49296875 0.0421875 0.0140625
15 0.45390625 0.4921875 0.0421875 0.015625
15 0.2898392458379469 0.24518030458309478 0.0427277205426357 0.033285214672181596
24 0.43374423041712673 0.4847320585614593 0.03783996144333699 0.030105670671545327
24 0.206573767737172 0.13139107192873056 0.03783996144333699 0.030105670671545237
24 0.18884484963085982 0.10349333859804861 0.03627746144333699 0.030087489337999783
24 0.1725282372000736 0.07792117393382123 0.03627746144333699 0.030087489337999783
24 0.14486311459025458 0.03452570993795741 0.03783996144333699 0.030105670671545237
24 0.125 0.009375 0.0375 0.01875
23 0.425220331589146 0.471559896562732 0.03627746144333699 0.030087489337999783
23 0.4010609407807297 0.43436897923300466 0.037839961443337164 0.030105670671545327
23 0.34285601943521493 0.34370816390836784 0.03451470234403846 0.026944308004454333
23 0.268634874307862 0.2227876839195037 0.03627746144333699 0.030087489337999783
23 0.24490628007567317 0.19105642592300356 0.03627746144333699 0.030087489337999783
19 0.4185593214101132 0.4536820532304593 0.0427277205426357 0.033285214672181596
30 0.4081224691583598 0.4459968225652774 0.03627746144333699 0.030087489337999783
1 0.3851949113233655 0.4017655645687772 0.0427277205426357 0.033285214672181596
0 0.376470753396086 0.39171840257004986 0.0460529796419344 0.036446577339272326
17 0.36859769664082587 0.36838999057132255 0.0460529796419344 0.0364465773392725
17 0.23693309377076358 0.16929051392427621 0.0460529796419344 0.03644657733927246
18 0.3285024252030261 0.31186781791059504 0.039402461443337165 0.03012385200509069
31 0.3002865900701358 0.2770661039147312 0.03627746144333717 0.030087489337999783
32 0.16322308837209273 0.06475810260186662 0.04146560919158375 0.03795453333863612
16 0.12945816008674776 0.01909161394018457 0.0460529796419344 0.03644657733927246
21 0.272696108887042 0.4639666672501857 0.0427277205426357 0.033285214672181596
28 0.1765625 0.49609375 0.046875 0.0078125
29 0.17109375 0.49140625 0.0421875 0.0171875
27 0.1609375 0.4859375 0.040625 0.028125
10 0.15642026681432136 0.47546833593254856 0.0429279796419344 0.0364102146721816
21 0.14862755321151583 0.46306833326704844 0.041165220542635696 0.03326703333863605
10 0.13415404303248302 0.445281396602503 0.041165220542635696 0.03326703333863605
18 0.14219708050941177 0.453775149268003 0.03940246144333699 0.03012385200509069
29 0.12134316240309957 0.42591377860441193 0.047715609191583755 0.038027258672817865
24 0.11286932834994348 0.4119603666056847 0.04947836829088228 0.041170440006363405
24 0.10361424429678738 0.39801604527372997 0.04947836829088228 0.041170440006363405
29 0.08974151141565052 0.37085410860918444 0.041165220542635696 0.03326703333863614
10 0.07950491826319572 0.3600438779440026 0.047715609191583755 0.038027258672817865
20 0.0726436489848643 0.3452910346117298 0.0460529796419344 0.0364465773392725
14 0.06313824105758488 0.33525296327977516 0.0460529796419344 0.0364465773392725
25 0.05168960132890277 0.3189921639481388 0.0460529796419344 0.0364465773392725
18 0.047853202500921996 0.3057654579487751 0.04096496144333717 0.030142033338636055
12 0.04215391502399326 0.29724443328295685 0.047715609191583755 0.038027258672817865
29 0.034361201421187815 0.2848444306174568 0.0460529796419344 0.0364465773392725
30 0.024855793493908384 0.27480635928550223 0.0429279796419344 0.0364102146721816
27 0.01875 0.26171875 0.0375 0.0359375
14 0.015625 0.246875 0.03125 0.0375
28 0.01171875 0.2359375 0.0234375 0.0375
18 0.00546875 0.2203125 0.0109375 0.028125
23 0.0046875 0.21171875 0.009375 0.0359375
11 1 0 0.509375 0 0.509375 0.5 0.6896017734375001 0.5 1 0.288533784375 1 0
14 0.30327609375 0.5 0.27915805625 0.5248853453125 0.2323253984375 0.61717800625 0.2547858640625 0.65219860625 0.333063171875 0.60893478125 0.35552363593749997 0.6439553796874999 0.1409155515625 0.921000321875 0.11877998593750001 0.9360807046874999 0.09631952187500001 0.9010601062500001 0.1620764125 0.755616996875 0.133518190625 0.6945572453125 0.0892470609375 0.7247180109375 0.007127462499999999 0.8611796765624999 0.005846698437500001 0.892245621875 0.0788126875 1 0.306002646875 1 0.509375 0.7431888765625001 0.509375 0.5 0.47053065 0.5 0.40845405156250003 0.5777018734375 0.3786150640625 0.54770806875 0.40732472187499996 0.5 0.30327609375 0.5
15 0.7546875 0.75 0.490625 0.5