30 0.2588554153897274 0.38756011678482494 0.024893584186749605 0.02568196159934022
20 0.01015625 0.453125 0.0203125 0.0125
20 0.0765625 0.44921875 0.0375 0.0203125
14 0.0671875 0.44296875 0.034375 0.0328125
14 0.029198007468984776 0.4081751790046682 0.03307010523343692 0.03215928213245363
14 0.00859375 0.38203125 0.0171875 0.0296875
14 0.23515625 0.44765625 0.0296875 0.0234375
14 0.33984375 0.453125 0.0296875 0.0125
14 0.24071236014217307 0.3706537616119755 0.028109589448421346 0.027335389812585476
14 0.09336067605424545 0.23767847406924555 0.028109589448421436 0.027335389812585653
14 0.3959381864364149 0.3977882261143096 0.028109589448421346 0.027335389812585476
14 0.45121170243319186 0.1817971647523962 0.03307010523343692 0.03215928213245363
14 0.33665710779368574 0.07629365934211987 0.03307010523343692 0.03215928213245363
28 0.0046875 0.446875 0.009375 0.025
28 0.22293259691740613 0.44032976411925795 0.03307010523343692 0.03215928213245363
28 0.1858197337914614 0.4057130717202476 0.033161110495108836 0.03372178213245362
28 0.16606867591307112 0.38798000244077546 0.033161110495108836 0.03372178213245362
28 0.06474212336693981 0.2953402098834806 0.02985409997176518 0.030505853919208282
28 0.02928276550266684 0.26233148159109293 0.02985409997176518 0.030505853919208282
28 0.23083683120297777 0.3617872269722394 0.028109589448421346 0.027335389812585653
28 0.26484375 0.0125 0.0296875 0.025
10 0.09296875 0.45546875 0.0328125 0.0078125
10 0.11085826017040787 0.33723820486891565 0.02985409997176518 0.03050585391920819
10 0.05234083390440088 0.2832804790838105 0.03307010523343692 0.03215928213245363
10 0.2160007864787671 0.3480968000126353 0.02985409997176518 0.03050585391920819
10 0.15996361810526788 0.2965510203874641 0.028109589448421346 0.027335389812585563
10 0.45859375 0.45234375 0.0203125 0.0140625
10 0.3630676893495994 0.10123983504808279 0.03307010523343692 0.03215928213245363
10 0.31773280254613134 0.059364572115959045 0.03307010523343692 0.03215928213245363
23 0.09854797596954086 0.3267409740692455 0.03307010523343692 0.03215928213245363
23 0.2696031995905944 0.39801188347787236 0.02985409997176518 0.03050585391920819
23 0.38445465486638375 0.38809497736795084 0.02985409997176518 0.03050585391920819
23 0.4330686471856374 0.16489080957954672 0.03307010523343692 0.03215928213245363
23 0.38364549985882573 0.11977688638086628 0.02985409997176518 0.030505853919208282
23 0.2750601841585147 0.02302625534376933 0.02985409997176518 0.030505853919208258
18 0.1911442706231644 0.4167869640401157 0.028200594710093264 0.028897889812585474
18 0.14084886803468075 0.370087808788124 0.03150760523343692 0.03211381802583091
18 0.2772259837914614 0.4083727219576745 0.024893584186749605 0.02568196159934022
18 0.16533365756780682 0.3084061627073321 0.024893584186749605 0.02568196159934022
18 0.10433597340929204 0.25203649076229295 0.024893584186749605 0.02568196159934022
18 0.43917443401734035 0.17598743395272615 0.02985409997176518 0.03050585391920819
18 0.3905325366905286 0.130896242807357 0.028200594710093264 0.028897889812585564
18 0.2974735104527565 0.04629627078317553 0.02985409997176518 0.030505853919208237
18 0.23671875 0.003125 0.0296875 0.00625
27 0.13492509172632153 0.36211618441494453 0.024893584186749605 0.02568196159934022
27 0.34506114199455273 0.08667722987523327 0.028109589448421346 0.027335389812585563
21 0.09942096025511252 0.2479938484424249 0.028109589448421346 0.027335389812585653
21 0.3231028420086702 0.07121971443582709 0.02985409997176518 0.030505853919208282
11 0.11260349971765127 0.26007631129540637 0.02985409997176518 0.030505853919208282
11 0.4546875 0.196875 0.028125 0.0375
24 0.19294271807703306 0.32714780251991776 0.028109589448421346 0.027335389812585563
24 0.12785677339517462 0.2675394703083218 0.028109589448421346 0.027335389812585653
24 0.44127307323988285 0.4396634890464333 0.02985409997176518 0.03050585391920819
24 0.2882427236210535 0.035108718196750786 0.03307010523343692 0.03215928213245363
29 0.12674857067963413 0.35563886388183114 0.03141659997176518 0.030551318025830908
29 0.24980663908136816 0.3794975641984003 0.024893584186749605 0.025681961599340043
29 0.37536037592718846 0.37925117478152615 0.028109589448421346 0.027335389812585476
29 0.307167028868608 0.05203780542291163 0.028109589448421346 0.027335389812585563
17 0.19950280219319544 0.42638928457322917 0.036468121018452496 0.03693771034569906
17 0.15159665223554786 0.38053957548117123 0.03637711575678075 0.03537521034569906
17 0.24765625 0.01015625 0.0328125 0.0203125
15 0.0109375 0.39375 0.021875 0.034375
22 0.04486080482403141 0.42266958801758364 0.03968412628012441 0.03859113855894432
22 0.2902265127306566 0.417330184810656 0.03472361049510884 0.03376724623907634
22 0.4264370285156721 0.4259730620868292 0.03307010523343692 0.03215928213245363
22 0.40912072589895365 0.40987068896729106 0.03472361049510884 0.03376724623907634
16 0.20594324701622826 0.3361052653728992 0.033161110495108836 0.03372178213245362
16 0.421221094568919 0.14894756083318797 0.036468121018452496 0.03693771034569897
12 0.45 0.446875 0.025 0.025
34 0.04150204444186203 0.27126621239076304 0.036468121018452496 0.03693771034569897
13 0.08237694439950971 0.31691133300301877 0.03968412628012441 0.03859113855894432
31 0.24609375 0.45234375 0.0328125 0.0140625
31 0.17571742072198643 0.31260792940037957 0.024893584186749605 0.02568196159934022
17 0.00390625 0.23203125 0.0078125 0.0390625
8 0.3101595811323906 0.4381882540901281 0.03472361049510884 0.03376724623907634
22 0.1404400733810572 0.2827242011079919 0.03968412628012441 0.03859113855894432
5 0.578125 0.359375 0.21875 0.2
27 0.11171875 0.96171875 0.2234375 0.0765625
10 0.0265625 0.87265625 0.053125 0.1921875
24 0.0984375 0.840625 0.196875 0.215625
11 0.23359375 0.93984375 0.2828125 0.1203125
12 0.3234375 0.915625 0.284375 0.16875
25 0.30006205724310586 0.8336719018202725 0.3037899418392609 0.28805289561857317
34 0.05859375 0.58671875 0.1171875 0.2234375
28 0.2515625 0.5046875 0.3 0.090625
30 0.1875 0.584375 0.3 0.25
29 0.35390625 0.7265625 0.2296875 0.225
13 0.11953125 0.69609375 0.2390625 0.2484375
21 0.734375 0.7296875 0.53125 0.540625