28 0.39086067921091094 0.2265172648917054 0.4696181070710598 0.4040626852749103
14 0.16640625 0.2703125 0.3328125 0.503125
2 0.9014063758450173 0.5373562574481074 0.017842264427970277 0.019550520678164672
3 0.8894966528868592 0.5324333170014011 0.017842264427970277 0.019550520678164672
2 0.8285765110542271 0.5133601393749767 0.017842264427970277 0.019550520678164318
0 0.8158855380960691 0.5084735862318237 0.01951389183263199 0.022748295285270358
1 0.8024405969890767 0.5044046703922234 0.017842264427970277 0.019550520678164318
7 0.789776905882084 0.5002993672490703 0.017842264427970277 0.019550520678164672
7 0.64609375 0.52109375 0.0140625 0.0234375
28 0.31953125 0.7796875 0.6390625 0.440625
25 1 0.559375 0.8522412562499999 0.559375 0.8331147218750001 0.6000032078124999 0.8551004625 0.737488134375 0.9604869562499999 0.833308409375 1 0.846459409375 1 0.559375