30 0.353125 0.4125 0.13125 0.275
12 0.30078125 0.3078125 0.2359375 0.453125
2 0.5263508173369331 0.3110444143656153 0.03300339754067201 0.033385244317957155
2 0.5681570431364363 0.2430171631477993 0.032994307181592394 0.031822744317957154
9 0.4695826668693949 0.3991250669634031 0.03457498789975157 0.034975017856907445
0 0.576024085290914 0.233778530842551 0.032994307181592394 0.031822744317957154
0 0.4790531156397309 0.382882458197105 0.036137487899751616 0.03500229139585791
8 0.5334456998504905 0.30022964529089186 0.032994307181592394 0.03182274431795697
1 0.584690558163551 0.2214285353067779 0.03457498789975162 0.034975017856907445
7 0.5902274858566481 0.20980524269310408 0.0314227168225127 0.030232970779006864
5 0.487715043332828 0.37131371266133195 0.03457498789975162 0.034975017856907445
6 0.48908768755385035 0.13537621266133196 0.04085225897699045 0.039771612012708776
1 0.49855359114464654 0.11991485389503395 0.04242384933607006 0.041361385551659066
13 0.209375 0.775 0.41875 0.45
12 0.7142768203125 1 0.6780625796875 0.9631750531249998 0.61206598125 0.838853178125 0.5999804375 0.740745334375 0.6147383359375 0.6993129125 0.6865968062500001 0.6432688703125 0.7791438578125 0.638414740625 0.8800697734374999 0.673779496875 0.9063960546875001 0.6317403109375 0.8578985203125 0.5994340015625 0.75155908125 0.570161525 0.699130696875 0.5671030765625 0.619634696875 0.5945060234375 0.516777759375 0.710259321875 0.5027611984375 0.763269534375 0.5163294140625 0.8845329625 0.58051000625 1 0.7142768203125 1