30 0.0703125 0.13515625 0.140625 0.2703125
12 0.13359375 0.2296875 0.2671875 0.446875
16 0.10546875 0.61796875 0.2109375 0.2421875
24 0.06796875 0.51484375 0.1359375 0.3703125
2 0.5609375 0.00390625 0.025 0.0078125
5 0.445904988171805 0.16710294728677483 0.0270505155513888 0.023728401336727066
1 0.4375552459474994 0.17893078528804757 0.021816211404351814 0.0174238573360908
5 0.32578125 0.34765625 0.0140625 0.0203125
4 0.990625 0.6625 0.01875 0.028125
1 0.9953125 0.65078125 0.009375 0.0234375
17 0.56572125 0.7390625 0.489902703125 0.8601598296875 0.577109109375 0.8366830015625 0.7925041171875 1 0.9102942468750002 1 0.6123813312499999 0.7853814140625001 0.5984511828125 0.7465790546875 0.6018595609374999 0.7390625 0.56572125 0.7390625