14 0.2234375 0.18125 0.446875 0.096875
20 0.365625 0.11484375 0.40625 0.2296875
12 0.1640625 0.11484375 0.328125 0.2296875
7 0.5236385296614458 0.4046875 0.03305793969514994 0.0421875
2 0.4573277284317818 0.42109375 0.031495439695149584 0.0421875
0 0.4440737495090207 0.42578125 0.029914758976990363 0.0390625
1 0.4315873850476401 0.428125 0.029923849336070063 0.040625
7 0.4175476109453392 0.43203125 0.031495439695149584 0.0421875
0 0.28942209006449204 0.29765625 0.03936248184962743 0.0515625
4 0.525 0.246875 0.040625 0.034375
4 0.3081539093463328 0.29453125 0.04251475292686617 0.05625
1 0.34872436719185507 0.28515625 0.040943162567786476 0.0546875
1 0.3331220930895541 0.2890625 0.04094316256778665 0.0546875
7 0.27303402078265127 0.30078125 0.03936248184962743 0.0515625
2 0.5390625 0.2453125 0.034375 0.03125
0 0.5078125 0.24921875 0.040625 0.0390625
29 0.784375 0.61484375 0.43125 0.7703125