21 0.49921875 0.24375 0.2015625 0.471875
27 0.359375 0.33125 0.48125 0.45625
10 0.8684472162236991 0.09833049921443307 0.026501943244739933 0.023582945745273864
10 0.8790702429032862 0.3006606136758137 0.028164572794389286 0.025154536104353475
10 0.8151195619970475 0.21672597521032796 0.028164572794389286 0.025154536104353475
10 0.69656292180694 0.060625445254294565 0.02816457279438911 0.025154536104353496
23 0.98984375 0.26015625 0.0203125 0.0203125
23 0.9583350431801414 0.40420831537301594 0.023176684145441228 0.020439765027114733
23 0.9249124714654864 0.3579373033709633 0.023176684145441228 0.020439765027114642
23 0.8696754565060916 0.28811061670087573 0.023176684145441228 0.020439765027114642
23 0.7509686219915102 0.12966633674484235 0.02816457279438911 0.025154536104353475
23 0.7607567412052432 0.5139549783335859 0.023176684145441228 0.020439765027114733
32 0.9758463109173133 0.238746941836449 0.03158996144333699 0.0298602168225127
32 0.78984375 0.54921875 0.0296875 0.0203125
29 0.9048946583887048 0.1430571919346449 0.023076554595791877 0.01887726502711464
29 0.8562580968530826 0.07873561670087577 0.02473918414544123 0.020448855386194252
29 0.9454147385843494 0.3853901376799188 0.023076554595791877 0.01887726502711473
29 0.9035288247969738 0.3289174238824681 0.02473918414544123 0.020448855386194252
29 0.8532796984865272 0.2638055082896194 0.02473918414544123 0.020448855386194252
29 0.801217748301957 0.19477825233769103 0.02473918414544123 0.020448855386194252
29 0.7389296969453676 0.11241520423128501 0.023076554595791877 0.01887726502711464
17 0.8478912916389818 0.25284073721238054 0.02972707279438911 0.025163626463433175
17 0.7319787900978224 0.10144134279496653 0.02972707279438911 0.025163626463433085
18 0.970307709745294 0.22543842075921017 0.026301684145441227 0.020457945745273952
18 0.9347380544389082 0.36502309552544104 0.024639054595791875 0.018886355386194254
18 0.7975921005537104 0.18694757161953182 0.026301684145441227 0.020457945745273865
20 0.9169299907438179 0.34305264675510505 0.02972707279438911 0.025163626463433175
28 0.99375 0.14296875 0.0125 0.0234375
28 0.9605321915466968 0.2191338786047324 0.026501943244739756 0.023582945745273955
28 0.8922747424418608 0.12892651424154775 0.026501943244739933 0.023582945745273864
28 0.9890625 0.44609375 0.021875 0.0203125
28 0.7050763286544852 0.07160839704969266 0.026501943244739756 0.023582945745273885
21 0.937432257862681 0.3705054810640605 0.02131379549649317 0.015743174668035032
21 0.7815968607327433 0.16889246320827545 0.02131379549649317 0.015743174668035032
24 0.99375 0.27109375 0.0125 0.0234375
24 0.9400299244278336 0.19168104429577704 0.026501943244739933 0.023582945745273864
24 0.9684109500276866 0.41520035752749357 0.026501943244739933 0.023582945745273955
24 0.893553047499078 0.3194878817279904 0.026501943244739933 0.023582945745273955
24 0.8618431701088969 0.2755697100850175 0.02816457279438911 0.025154536104353475
24 0.759682287938354 0.14377428854024044 0.02816457279438911 0.025154536104353475
2 0.8261011389534897 0.5221447282353902 0.02972707279438911 0.025163626463433175
2 0.7963042149870814 0.48370439695149675 0.03138970234403846 0.026735216822512696
2 0.7749706330933936 0.45546576746300155 0.02972707279438911 0.025163626463433175
0 0.9859375 0.12265625 0.028125 0.0265625
0 0.8158750377814705 0.5088089360809123 0.026501943244739933 0.023582945745273774
0 0.7860781138150622 0.4703686047970191 0.026501943244739756 0.023582945745273955
0 0.7647445319213744 0.4421299753085238 0.02972707279438911 0.025163626463433175
14 0.8206419694629016 0.03479471916020379 0.026501943244739933 0.023582945745273885
14 0.80234375 0.0109375 0.0265625 0.021875
14 0.99375 0.4578125 0.0125 0.025
14 0.8346903847914365 0.24183051433974362 0.02816457279438911 0.025154536104353475
14 0.7741650925341459 0.16260155659241718 0.026501943244739933 0.023582945745273864
14 0.7202402537006278 0.0888777102814092 0.02816457279438911 0.02515453610435352
14 0.6726352660391289 0.028466930227179908 0.02816457279438911 0.025154536104353496
14 0.7794962492248076 0.5382737222834617 0.026501943244739933 0.023582945745273774
14 0.7709828423772624 0.5272907704880637 0.026501943244739756 0.023582945745273774
25 0.8763796321705429 0.11243390583029136 0.026501943244739933 0.023582945745273864
27 0.8614462446013291 0.08657538777811462 0.023076554595791877 0.01887726502711464
27 0.79375 0.0046875 0.021875 0.009375
27 0.8268580983942421 0.22928960772388535 0.02473918414544123 0.020448855386194252
27 0.8080685255998528 0.20418961377400952 0.021413925046142524 0.01730567466803503
31 0.812809683065707 0.022253812544345507 0.026501943244739933 0.023582945745273885
13 0.9525997755998528 0.20503047198887417 0.02972707279438911 0.025163626463433085
13 0.9809307364248813 0.4277685352205907 0.02972707279438911 0.025163626463433175
13 0.6109375 0.55390625 0.021875 0.0109375
22 0.9289725084809899 0.1775594569617595 0.03158996144333699 0.0298602168225127
22 0.6853052467607975 0.04337885792027705 0.031589961443337165 0.02986021682251274
15 0.8364369501845701 0.04972482757146015 0.02796431369509058 0.02202953610435352
12 0.7877665175802884 0.1798617794650541 0.026501943244739933 0.023582945745273864
18 0.9116453061369514 0.15090605337096336 0.02131379549649317 0.015743174668035032
24 0.8411442365817647 0.0622475534691592 0.026501943244739933 0.023582945745273885
6 0.8082256192137329 0.36506802643999203 0.02816457279438911 0.025154536104353475
24 0.85625 0.553125 0.034375 0.0125
12 0.84296875 0.5484375 0.0265625 0.021875
29 0.8381400639996324 0.5393958607489474 0.02473918414544123 0.020448855386194252
28 0.69453125 0.55234375 0.0265625 0.0140625
1 0.6849649992248077 0.537723755559145 0.02473918414544114 0.020448855386194252
10 0.3 0.7796875 0.6 0.440625