22 0.225 0.109375 0.45 0.21875
8 0.70546875 0.109375 0.5109375 0.21875
3 0.35390625 0.6635678032520029 0.0328125 0.05347361049510866
22 0.3265625 0.36359789533126036 0.040625 0.05080363680346807
22 0.0109375 0.2578125 0.021875 0.05
22 0.1015625 0.5845151530120066 0.03125 0.03932010523343692
22 0.296875 0.7981394953030255 0.0375 0.045934126280124235
22 0.35234375 0.9761588085136749 0.034375 0.04418961575678075
22 0.034375 0.98125 0.034375 0.0375
18 0.34140625 0.36585834534537776 0.0234375 0.04980257892507769
18 0.11640625 0.5867756030261241 0.01875 0.043279563140062295
18 0.42890625 0.9131058006917542 0.021875 0.04502407366340595
18 0.28984375 0.8688615189805489 0.021875 0.04658657366340595
18 0.440625 0.9890625 0.01875 0.021875
18 0.36875 0.9744220032661204 0.0234375 0.049802578925077515
18 0.0875 0.9859375 0.021875 0.028125
23 0.35390625 0.37294280325200296 0.0296875 0.04547909997176518
23 0.20703125 0.32837229784915684 0.0328125 0.047223610495108835
23 0.190625 0.6113591030967113 0.025 0.03583108418674961
23 0.175 0.6075816557134297 0.025 0.03583108418674961
23 0.07109375 0.5776960056146077 0.0234375 0.03417757892507769
23 0.2640625 0.7883318557981344 0.028125 0.04226309471009344
23 0.43046875 0.9921875 0.0265625 0.015625
23 0.05859375 0.98671875 0.0265625 0.0265625
24 0.43828125 0.40390625 0.0234375 0.0453125
24 0.20234375 0.6200515636341724 0.0265625 0.042172089448421345
24 0.13046875 0.7453315556710775 0.028125 0.04226309471009326
24 0.06171875 0.7219920371846389 0.0265625 0.042172089448421345
24 0.3671875 0.8963880085277923 0.028125 0.04226309471009326
24 0.121875 0.9953125 0.028125 0.009375
24 0.0734375 0.98828125 0.028125 0.0234375
30 0.31796875 0.6547234242704555 0.0265625 0.035922089448421346
30 0.315625 0.8040786821629634 0.025 0.03583108418674961
30 0.1734375 0.7576726609751017 0.0265625 0.035922089448421346
30 0.44375 0.92421875 0.0125 0.0421875
30 0.1 0.99375 0.025 0.0125
10 0.4015625 0.3912608927710116 0.0328125 0.047223610495108835
10 0.36875 0.3806720032661205 0.0296875 0.04547909997176518
10 0.3046875 0.3570594689946663 0.0328125 0.047223610495108835
10 0.12109375 0.2997838372411085 0.034375 0.050439615756780666
10 0.44453125 0.53984375 0.0109375 0.0421875
10 0.4234375 0.5306118191076058 0.028125 0.04226309471009326
10 0.33046875 0.6618078821770806 0.0265625 0.035922089448421346
10 0.1265625 0.595559068825257 0.028125 0.043825594710093264
10 0.0296875 0.5605763950489117 0.0265625 0.042172089448421345
10 0.278125 0.7922003084430876 0.028125 0.04226309471009326
10 0.23125 0.7769617162932432 0.028125 0.04226309471009326
10 0.37421875 0.98125 0.0296875 0.0375
10 0.01875 0.97890625 0.028125 0.0421875
15 0.34765625 0.8092443242986904 0.025 0.04520608418674961
32 0.18046875 0.31976313729757827 0.0390625 0.04915013154179624
14 0.4171875 0.3981633401542931 0.028125 0.04226309471009326
14 0.22578125 0.33040523470909466 0.0296875 0.04547909997176518
14 0.0953125 0.28800417405869405 0.0328125 0.047223610495108835
14 0.0453125 0.2752913424321932 0.0328125 0.047223610495108835
14 0.39453125 0.5213579164485349 0.0265625 0.03904708944842143
14 0.38046875 0.6745207138035816 0.028125 0.04226309471009344
14 0.28515625 0.6472595347655644 0.028125 0.04226309471009326
14 0.2375 0.6320664452465558 0.028125 0.04226309471009344
14 0.159375 0.6061479583301482 0.0265625 0.042172089448421345
14 0.084375 0.5816099608903971 0.028125 0.04226309471009344
14 0.20703125 0.7697785478491568 0.028125 0.04226309471009344
14 0.10390625 0.7359411451194988 0.028125 0.043825594710093264
14 0.0265625 0.7099771555722554 0.028125 0.04226309471009326
14 0.38203125 0.9033359585419097 0.0265625 0.035922089448421346
14 0.33125 0.8883248795462448 0.028125 0.04226309471009326
14 0.3125 0.8800419426863069 0.028125 0.04226309471009326
14 0.33359375 0.972563371653737 0.0265625 0.0421720894484217
27 0.10625 0.2951796372269911 0.021875 0.04033657366340586
27 0.44140625 0.534375 0.0171875 0.0375
27 0.38515625 0.5164351980185661 0.0203125 0.037120568401734035
27 0.2984375 0.6480484900413537 0.0203125 0.03399556840173403
27 0.225 0.6281069873399305 0.021875 0.040336573663405775
29 0.39140625 0.38325867697187865 0.025 0.046768584186749604
29 0.2546875 0.3380966373681654 0.025 0.046768584186749604
29 0.0765625 0.2805024871987562 0.025 0.046768584186749604
29 0.43515625 0.5291480296450668 0.025 0.046768584186749604
29 0.30703125 0.6491104611021585 0.025 0.04520608418674961
29 0.07421875 0.7228264950912641 0.0234375 0.04199007892507787
29 0.27265625 0.8620500768589391 0.0234375 0.04199007892507787
29 0.08984375 0.9890625 0.0234375 0.021875
28 0.28046875 0.3522200505505799 0.0296875 0.045479099971765094
28 0.2734375 0.6432545742281033 0.028125 0.043825594710093264
28 0.14609375 0.6022340030543589 0.028125 0.043825594710093264
28 0.21484375 0.6247922715407975 0.021875 0.040336573663405775
28 0.25234375 0.7843268952606732 0.028125 0.043825594710093264
28 0.18671875 0.7631491162508908 0.0265625 0.042172089448421345
28 0.11796875 0.7398095977644521 0.0265625 0.042172089448421345
28 0.009375 0.70390625 0.01875 0.0421875
28 0.2796875 0.869453053181416 0.025 0.03583108418674961
25 0.24921875 0.641540155784017 0.03125 0.05338260523343692
25 0.1578125 0.7578014635918201 0.03125 0.05338260523343692
25 0.1421875 0.7579302662085385 0.028125 0.04695059471009326
25 0.434375 0.9260685322759027 0.03125 0.053382605233437096
25 0.39453125 0.9127641664485349 0.03125 0.05025760523343692
13 0.0921875 0.7264674345820378 0.03125 0.05338260523343692
13 0.41953125 0.9105268322617853 0.0328125 0.053473610495108834
21 0.29453125 0.3506197531955333 0.0265625 0.051547089448421436
17 0.24453125 0.33087567156903247 0.03125 0.05338260523343692
17 0.1625 0.30752844780680455 0.03125 0.053382605233436964
17 0.0640625 0.27263677929213104 0.03125 0.053382605233437005
17 0.33203125 0.803904376915409 0.0296875 0.04547909997176518
25 0.35078125 0.8989060637753468 0.03125 0.05338260523343692
34 0.13984375 0.31666052410104634 0.0328125 0.053473610495108834
34 0.02734375 0.27477540294141944 0.0359375 0.06146812101845254
16 0.4078125 0.5315218717243242 0.0328125 0.053473610495108834
29 0.3703125 0.6688622480044486 0.025 0.04520608418674961
29 0.06015625 0.5689580424463105 0.025 0.04520608418674961
19 0.39765625 0.978125 0.0328125 0.04375
18 0.35703125 0.8118232927286593 0.021875 0.04502407366340595
11 0.0421875 0.7106296029555369 0.0296875 0.04860409997176518
21 0.3453125 0.8867245821911982 0.021875 0.046586573663405774
33 0.3 0.8745199847796818 0.025 0.03583108418674961
20 0.0109375 0.971875 0.021875 0.053125
21 0.11171875 0.9890625 0.0234375 0.021875
27 0.21953125 0.772956755755782 0.0203125 0.03399556840173403
1 0.865625 0.7952959453877302 0.121875 0.1477234104104042
2 0.7453125 0.7663658505364624 0.140625 0.1550654735504665
3 0.61796875 0.7347202793627181 0.140625 0.14881547355046648
4 0.49765625 0.7078125 0.0953125 0.153125
6 0.82265625 0.9095173400837059 0.1515625 0.1338275103821694
7 0.68828125 0.897812542587485 0.1328125 0.14211044724210709
8 0.55390625 0.8689202450912641 0.1359375 0.14697995776545092
9 0.471875 0.8375 0.04375 0.153125