11 0.1 0.26875 0.2 0.259375
14 0.26484375 0.10625 0.4078125 0.2125
30 0.4734375 0.2125 0.071875 0.225
3 0.955834351885778 0.4943496221772394 0.014535214672181596 0.04169059253146727
3 0.7445365092695939 0.13881370765973672 0.016170440006363408 0.048058991701630305
7 0.9409815112190053 0.4962556642937881 0.012972714672181595 0.041572193361304244
22 0.9176076458864143 0.49256290184623347 0.022274989337999783 0.036032588382282425
22 0.62286840523555 0.3985932945921265 0.02543635200509069 0.03939438672260831
22 0.924277458585322 0.2547669039208259 0.022274989337999783 0.036032588382282425
22 0.9047371179185492 0.25702814354786374 0.022274989337999783 0.036032588382282425
22 0.7375 0.01328125 0.021875 0.0265625
18 0.9034633298854597 0.5006597443777008 0.005196577339272324 0.044105197510489094
18 0.7948513985519143 0.5104509867040308 0.005160214672181596 0.04098019751048909
18 0.6376939739020046 0.39903100247557777 0.006795440006363407 0.047348596680652125
18 0.5116785559357302 0.16036143401402728 0.0035977146721815957 0.040861798340326064
23 0.8933616238860962 0.49674183898376023 0.012899989337999785 0.035322193361304245
23 0.7847496925525507 0.5065330813100906 0.012827264003817973 0.029072193361304243
23 0.9205882899029589 0.3705695026760704 0.01453521467218124 0.04169059253146727
23 0.6502212459023227 0.3957400591142736 0.01449885200509069 0.038565592531467276
23 0.5125 0.40546875 0.00625 0.0390625
23 0.8726876865850037 0.2610178265362057 0.014426126670908701 0.03231559253146728
23 0.5843529872692756 0.15329337260144663 0.012827264003817973 0.029072193361304243
23 0.5695274186028211 0.15285566471799542 0.012827264003817973 0.029072193361304243
23 0.70546875 0.01484375 0.0140625 0.0296875
21 0.8589229892186871 0.5048153707273468 0.014535214672181596 0.0416905925314671
24 0.8456962832193234 0.5011342636737325 0.014462489337999785 0.03544059253146727
24 0.8198161305697317 0.37742499915158556 0.01762385200509069 0.03880239087179334
24 0.7385479492361863 0.38514425600006275 0.01449885200509069 0.038565592531467276
24 0.9422462085853219 0.2534053134639511 0.014426126670908701 0.03231559253146728
24 0.597688781269912 0.14759947965506087 0.012899989337999785 0.035322193361304245
24 0.5749245379535476 0.024434666792587788 0.014462489337999785 0.03544059253146718
24 0.51171875 0.03046875 0.0046875 0.0359375
30 0.8300712832193234 0.5023182553753628 0.012863626670908878 0.03219719336130424
30 0.8674814712365044 0.3730325744616133 0.01449885200509069 0.038565592531467276
30 0.7093984406031393 0.13991518898840472 0.014389764003817973 0.029190592531467274
30 0.7546875 0.0109375 0.0125 0.021875
30 0.6163307879535476 0.021297088783267658 0.014389764003817973 0.029190592531467184
31 0.8183525332193234 0.5032062491515855 0.012863626670908878 0.03219719336130424
10 0.8058434425525508 0.5049346925128896 0.012863626670908878 0.03219719336130424
10 0.6986951085694135 0.38894468483921985 0.01762385200509069 0.03880239087179334
10 0.6666547679026408 0.3921531178275618 0.014498852005090513 0.038565592531467276
10 0.60255590523555 0.4001324838042458 0.01762385200509069 0.03880239087179334
10 0.7914376865850038 0.2671745833846829 0.014462489337999785 0.03544059253146727
10 0.761741095918231 0.27020541761778033 0.014462489337999785 0.03544059253146727
10 0.7227069626034575 0.13656504604201897 0.014389764003817973 0.029190592531467274
10 0.5234518499363665 0.15478594023780462 0.01293635200509069 0.03844719336130424
10 0.71875 0.0140625 0.015625 0.028125
10 0.67265625 0.01640625 0.0140625 0.0328125
15 0.7859375 0.01484375 0.009375 0.0296875
32 0.98156215257005 0.3628269350397124 0.02231135200509087 0.03915758838228243
14 0.96203090257005 0.3643069246667503 0.014498852005090868 0.038565592531467276
14 0.9346780619032771 0.3671601601446032 0.014553396005727137 0.04325309253146727
14 0.7877485179026408 0.3829771821399275 0.014498852005090513 0.038565592531467276
14 0.714338289902959 0.3861981931375896 0.014462489337999785 0.03544059253146727
14 0.5251939739020045 0.40755574272731554 0.01449885200509069 0.038565592531467276
14 0.99296875 0.2453125 0.0140625 0.034375
14 0.8875496179185491 0.2583305344196569 0.014462489337999785 0.03544059253146727
14 0.8516030272517764 0.26183496533340644 0.014426126670908878 0.03231559253146728
14 0.734397345918231 0.27227740309563336 0.014426126670908878 0.03231559253146728
14 0.771126281269912 0.1344571717669652 0.014462489337999785 0.03544059253146727
14 0.6789478719366847 0.14066147280658364 0.014462489337999785 0.03544059253146727
14 0.632845031269912 0.14493549832639285 0.014462489337999785 0.03544059253146727
14 0.5562734406031393 0.15151830766438099 0.012899989337999785 0.035322193361304245
14 0.64921875 0.0171875 0.0140625 0.034375
14 0.5483529472867749 0.027228702685359173 0.01293635200509069 0.03844719336130424
27 0.9487405619032773 0.3660945676131361 0.009774989337999784 0.03508539502097818
27 0.8398842772517764 0.2627229591096292 0.009738626670908879 0.03196039502097818
27 0.7804820052514583 0.2695658775758242 0.009738626670908879 0.03196039502097818
27 0.7234325739179128 0.2754499472867744 0.009738626670908879 0.03196039502097818
27 0.6906484406031392 0.141335979030361 0.009702264003817972 0.028835395020978184
27 0.619563781269912 0.14594189127277862 0.009774989337999784 0.03508539502097818
29 0.9025831772358682 0.3750560931329452 0.009884077339272324 0.044460395020978184
29 0.7517746552355499 0.388825363053677 0.011482940006363407 0.047703794191141215
29 0.6869309052355499 0.3937389286154425 0.009847714672181596 0.04133539502097818
29 0.552519542568459 0.40704625724946253 0.009847714672181596 0.04133539502097818
29 0.86170473325114 0.2657528707273468 0.009811352005090512 0.038210395020978186
29 0.7718428019175947 0.2741233230117207 0.008285214672181596 0.041216995850815154
29 0.6992240092695938 0.14224728359446442 0.008285214672181596 0.041216995850815154
29 0.519410334619684 0.032544087333375146 0.008248852005090512 0.03809199585081515
28 0.8822979492361863 0.3742515323450645 0.014498852005090868 0.038565592531467276
28 0.8018382899029589 0.3795678396084602 0.014535214672181596 0.04169059253146727
28 0.5799178365690955 0.40028677177160965 0.014498852005090513 0.038565592531467276
28 0.6672291219366848 0.14154946658280637 0.012936352005090513 0.03844719336130424
28 0.5422018499363666 0.15336515019584826 0.01293635200509069 0.03844719336130424
28 0.610188781269912 0.1466522862937568 0.009774989337999784 0.03508539502097818
28 0.69296875 0.015625 0.0140625 0.03125
28 0.6304023786203203 0.01945024625180043 0.012899989337999785 0.035322193361304245
28 0.5624154472867748 0.02616311015389199 0.012899989337999785 0.035322193361304245
25 0.8519019245703682 0.3703103161632434 0.019368165340545217 0.054545790041956366
25 0.8355138559039135 0.3699910074499552 0.016170440006363408 0.048058991701630305
25 0.645408665937321 0.1385195549650887 0.013009077339272502 0.04469719336130425
25 0.60234375 0.01953125 0.0140625 0.0390625
25 0.5890625 0.0171875 0.0125 0.034375
13 0.7720962459023226 0.3865049238415577 0.016170440006363408 0.048058991701630305
13 0.5365796532861384 0.032804196461581905 0.013009077339272323 0.04469719336130425
21 0.591582042568459 0.40408627799538693 0.0083215773392725 0.04434199585081515
17 0.5407644299013682 0.41105925102568525 0.014607940006363406 0.04794059253146728
17 0.7703125 0.01484375 0.015625 0.0296875
12 0.9585888239179129 0.2576308721772394 0.017696577339272324 0.04505239087179334
25 0.8077803019175948 0.27140014209797114 0.014571577339272324 0.044815592531467274
16 0.7485143899188673 0.2665243105641661 0.014571577339272501 0.044815592531467274
29 0.7601615092695939 0.1376297159581064 0.009847714672181596 0.04133539502097818
18 0.79375 0.01484375 0.00625 0.0296875
27 0.6624336286203203 0.017023063263458482 0.009702264003817972 0.028835395020978184
2 0.47890625 0.7515625 0.0609375 0.115625
3 0.37754155529918343 0.7557312883683492 0.10274428668045381 0.10925844606059654
4 0.24645518730109242 0.7516143186620432 0.09656701201463562 0.1150348493799445
5 0.12317222863622868 0.7476866031049221 0.1059056493475448 0.1126202444009226