26 0.16953125 0.1375 0.3390625 0.275
5 0.9341412550681657 0.541898748021443 0.02836134933607006 0.04144335391920819
0 0.9146554568635636 0.5502795493542265 0.029932939695149586 0.04305131802583091
2 0.9251550569852007 0.07176810444793369 0.018913626463433177 0.028670569279472157
2 0.8265625 0.00390625 0.025 0.0078125
9 0.9867783582148647 0.053566022236337774 0.022038626463433176 0.028761497492717548
0 0.9111107377033598 0.07530228140753781 0.018922716822512696 0.03023306927947216
1 0.8986380087805987 0.08035349426051926 0.018913626463433177 0.028670569279472157
8 0.8078125 0.00625 0.025 0.0125
8 0.8845982346782979 0.0846689212201234 0.018913626463433177 0.028670569279472157
27 0.66953125 0.80390625 0.6609375 0.3296875