26 0.184375 0.14140625 0.36875 0.2828125
23 0.8239810015828457 0.2777293894016332 0.04079013605166182 0.059829533338636054
30 0.7910321092629775 0.2726600813971789 0.03578438730530316 0.048837489337999786
29 0.7654327156894684 0.27861008939367904 0.02663670783841656 0.05654090133672707
28 0.738066233636157 0.27751066605663377 0.032704851411925875 0.05036362667090888
28 0.684573857613625 0.13006295404995222 0.03573892319868044 0.047274989337999784
28 0.8072073755603135 0.1307089387332697 0.03784699247815269 0.06604317067154533
14 0.7757527870805115 0.12331406206236073 0.03573892319868044 0.047274989337999784
14 0.7461334832404456 0.1253123667249973 0.032613923198680436 0.047238626670908876
13 0.715960249933493 0.1351140807208612 0.03458560015828453 0.061319308004454245
23 0.61171875 0.0078125 0.0421875 0.015625
16 0.0953125 0.87421875 0.190625 0.2515625
12 0.25859375 0.9453125 0.2203125 0.109375
24 0.36875 0.4 0.36875 0.9380540468749998 0.379731390625 0.956851215625 0.4522502828125 1 0.6859169734374999 1 0.7217083125 0.9854641687499999 0.8020555015624999 0.8997916390625 0.8615658812500001 0.7667484859375 0.8809337484374999 0.63605004375 0.8602212640625 0.4267131953125 0.845802325 0.4 0.36875 0.4