17 0.290625 0.29296875 0.58125 0.4140625
22 0.446875 0.3890625 0.34375 0.221875
24 0.4734375 0.246875 0.290625 0.49375
21 0.203125 0.42890625 0.40625 0.1421875
3 0.809375 0.25 0.38125 0.5
22 0.4769427283837004 0.7062461165412715 0.04880884059717552 0.05184634288963732
22 0.20099150562310858 0.9055245108372338 0.047137079953513884 0.050220175893442943
22 0.09921875 0.97421875 0.0484375 0.0515625
22 0.20507916401752696 0.5606285049057348 0.038559755447881726 0.03896434091247105
18 0.4905135554872226 0.6986418635755219 0.03598105866619026 0.046649506920082115
18 0.21875925176471078 0.5545867519399852 0.02929401609154354 0.04014483893530461
18 0.03125 0.51953125 0.03125 0.0390625
23 0.5007954916252522 0.6888211946021612 0.03888753737886681 0.043651840912470874
23 0.3745550557393241 0.7770135557805873 0.040559298022528625 0.04527800790866543
23 0.28046875 0.5125 0.0296875 0.025
23 0.26640625 0.51640625 0.0296875 0.0328125
23 0.17804677045414427 0.5773995108372338 0.030419473516896466 0.03395850593149916
24 0.5751509994189223 0.6317315947924416 0.03888753737886681 0.043651840912471054
24 0.13217580364563722 0.9522031926621759 0.040559298022528625 0.04527800790866543
24 0.2890625 0.5078125 0.034375 0.015625
24 0.0203125 0.51875 0.034375 0.0375
10 0.5401257893956792 0.6574465192030099 0.040559298022528625 0.04527800790866543
10 0.51331191711962 0.6773425251345089 0.03888753737886681 0.043651840912470874
10 0.45828556353299427 0.7195419539937014 0.040559298022528625 0.04527800790866543
10 0.30148889633649956 0.8301332385941125 0.04401207995351371 0.05009284190105419
10 0.18311559077240247 0.9187885147915665 0.03888753737886681 0.043651840912470874
10 0.06953125 0.9875 0.0390625 0.025
10 0.54765625 0.50859375 0.0359375 0.0171875
10 0.52109375 0.51796875 0.0359375 0.0359375
10 0.22502567725907863 0.5433627504571106 0.03732503737886681 0.043588173916276673
10 0.14318545139639377 0.6054581852478021 0.03554401609154336 0.040399506920082116
15 0.1253466494385928 0.9665840276431478 0.04266810124083733 0.053154174904859984
32 0.3522101621759415 0.7935935607235031 0.047137079953513704 0.050220175893442943
14 0.609375 0.6015625 0.01875 0.04375
14 0.5541500845682161 0.6451229327391631 0.035653276735205 0.0419620069200823
14 0.39114162219918464 0.7677194688224489 0.03888753737886681 0.043651840912470874
14 0.2800345134167787 0.8482439100389311 0.040559298022528625 0.04527800790866543
14 0.2373606943590282 0.8766209194304713 0.040559298022528625 0.04527800790866543
14 0.15234083817451244 0.9380624382135515 0.03888753737886681 0.043651840912470874
14 0.08203125 0.9828125 0.0390625 0.034375
14 0.4985178075809095 0.5330022761230919 0.03376299480421992 0.03721083992388792
14 0.254128669213307 0.52258999403132 0.03554401609154354 0.040399506920082116
14 0.19000046723583558 0.5690776748676788 0.03565327673520517 0.04196200692008212
14 0.04375 0.5109375 0.0375 0.021875
27 0.2888085798766392 0.8392681580617648 0.030637994804219915 0.03708350593149916
27 0.5390625 0.5109375 0.028125 0.021875
27 0.48968911079921823 0.5411967781002585 0.027294473516896466 0.03383117193911041
27 0.03515625 0.5125 0.0296875 0.025
27 0.0125 0.52421875 0.025 0.0328125
29 0.590502847809768 0.6271886748304978 0.03765281930985189 0.04827567391627667
29 0.5337501032576496 0.6671080206858846 0.03587179802252862 0.04508700692008212
29 0.416720776406229 0.7525746298871443 0.03587179802252862 0.045087006920082294
29 0.2652835985660726 0.861380580000875 0.03587179802252862 0.04508700692008212
29 0.53359375 0.51796875 0.0359375 0.0359375
29 0.0078125 0.5375 0.015625 0.040625
28 0.6140625 0.59140625 0.009375 0.0484375
28 0.43795663803862644 0.7313389584423257 0.03888753737886681 0.043651840912471054
28 0.24217497243161565 0.530911830000875 0.03732503737886681 0.043588173916276673
25 0.0546875 0.50625 0.040625 0.0125
13 0.6015625 0.61328125 0.034375 0.0515625
13 0.17138041527803463 0.9302353507611217 0.04913662252816069 0.056533842889637496
21 0.4510193667513029 0.7276727889746732 0.037543558666190434 0.046713173916276676
17 0.40878259026819935 0.7622997983662134 0.04255884059717552 0.05159167490485981
17 0.338404388290728 0.8090421471873498 0.040887079953513705 0.04996550790866543
17 0.25589217307170475 0.8727319154761386 0.040887079953513705 0.04996550790866543
34 0.31485762764706615 0.8084346521302657 0.04244957995351371 0.05002917490485981
34 0.21971972629001346 0.8820405898867067 0.04768338317182241 0.058032675893442943
25 0.56484375 0.5078125 0.0421875 0.015625
16 0.50703125 0.521875 0.0421875 0.04375
29 0.17016321463794554 0.5879059293163029 0.03420003737886681 0.04346083992388792
30 0.809375 0.75 0.38125 0.5