11 0 0 0 0.109137003125 0.181599525 0.20524561718749998 0.18203208906249999 0.209375 0.5663665156250001 0.209375 0.5796875 0.1897211125 0.5796875 0 0.3748095984375 0 0.2618446640625 0.1308372671875 0.283619 0 0 0
31 0.6578125 0.11953125 0.15625 0.1796875
14 0.55 0.265625 0.059375 0.1125
30 0.5078125 0.3765625 0.14375 0.153125
21 0.4531538464801594 0.4671875 0.1551163203356502 0.15
11 0.3613592780186089 0.59609375 0.1483927236549981 0.14375
34 0.29302552034493906 0.7046875 0.13807053029369404 0.13125
20 0.22241886765029112 0.80390625 0.1450309253146722 0.140625
28 0.1302691016782515 0.928125 0.14503092531467215 0.140625
31 0.553125 0.5953125 0.053125 0.1375
33 0.4643695693099651 0.80078125 0.14166912697434614 0.1375
24 0.3951837066572734 0.91875 0.15691561867597628 0.153125
13 0.78984375 0.6046875 0.4203125 0.790625