13 0.2296875 0.18984375 0.459375 0.3796875
17 0.696875 0.2171875 0.4125 0.325
22 0.57578125 0.17421875 0.2328125 0.2640625
29 0.54375 0.3078125 0.16875 0.14375
20 0.6328125 0.32890625 0.34375 0.1015625
12 0.846875 0.26796875 0.30625 0.2234375
1 0.315625 0.5046875 0.2875 0.25
2 0.21484375 0.53828125 0.4296875 0.3171875
3 0.13515625 0.59375 0.2703125 0.334375
4 0.07890625 0.68125 0.1578125 0.35625
8 0.38125 0.86875 0.15625 0.2625
9 0.31484375 0.90703125 0.2890625 0.1859375
0 0.2328125 0.94921875 0.371875 0.1015625
1 0.53046875 0.84765625 0.1421875 0.2609375
2 0.50703125 0.92734375 0.0953125 0.1453125
3 0.9640625 0.5578125 0.071875 0.271875
4 0.91328125 0.7125 0.1734375 0.303125
6 0.803125 0.92578125 0.3375 0.1484375
5 0.85859375 0.84921875 0.2828125 0.3015625