11 0.162590915625 0 0 0.06265580937500001 0 0.36875 0.45 0.36875 0.45 0.180788575 0.40177743125000004 0 0.162590915625 0
6 0.6220028707273468 0.34007978871624917 0.015483290041956277 0.019733345792955603
1 0.5527139547599516 0.03408079701412241 0.012358290041956276 0.019514824505632154
2 0.6155206854639197 0.08719508933666784 0.015601689212119307 0.021295845792955605
0 0.6051276371235937 0.09103028352046909 0.015601689212119307 0.021295845792955605
1 0.94609375 0.0046875 0.0140625 0.009375
3 0.958119814713351 0.21166630354728477 0.015601689212119397 0.021295845792955605
4 0.7941155916830527 0.2736467695226127 0.015483290041956366 0.019733345792955603
2 0.6308334190676729 0.33635385517610966 0.015483290041956277 0.019733345792955603
26 0.225 0.684375 0.45 0.63125
11 0.6027171484375 0.36875 0.45 0.4276008703125 0.45 1 0.9781289234375 1 0.817200234375 0.36875 0.6027171484375 0.36875