21 0.259375 0.28984375 0.51875 0.5796875
2 0.7171875 0.04375 0.165625 0.0875
3 0.58359375 0.14921875 0.1296875 0.1484375
6 0.95859375 0.03984375 0.0828125 0.0796875
7 0.8480985815266209 0.149799037123825 0.15224458812453676 0.137723233209777
8 0.687465294957223 0.2854786206964217 0.15917809330833305 0.1457539880191005
9 0.56875 0.42265625 0.1 0.1453125
1 0.96171875 0.26953125 0.0765625 0.1265625
1 0.8373689672002786 0.397073341207509 0.16359219123481453 0.142792679126093
1 0.684375 0.53046875 0.1375 0.0984375
1 0.94140625 0.5234375 0.1171875 0.1125
2 0.93125 0.29921875 0.1375 0.1453125
3 0.7917249850607418 0.44695677931927663 0.1624397943450923 0.14742561542376223
4 0.6375 0.5453125 0.15625 0.06875
8 0.9046875 0.5390625 0.171875 0.08125
2 0.4032790567854179 0.6830951759612321 0.01699201036759259 0.016170637023308565
2 0.489383360649631 0.7494071675237116 0.016992010367592413 0.016170637023308565
11 1 1 1 0.7879212390625 0.7851695031249999 0.691772784375 0.5325839593749999 1 1 1