15 0.225 0.275 0.45 0.55
35 0.18359375 0.9125 0.2921875 0.175
27 0.13046875 0.67890625 0.2609375 0.2390625
31 0.31925272026781304 0.81796875 0.2554551386770836 0.234375
18 0.41328125 0.89921875 0.0734375 0.2015625
22 0.24765625 0.60078125 0.2609375 0.1015625
30 0.35 0.68203125 0.2 0.2453125
33 0.3796875 0.5890625 0.140625 0.078125
13 0.78203125 0.88984375 0.2953125 0.2203125
14 0.84375 0.63046875 0.3125 0.1609375
15 0.5390625 0.64296875 0.178125 0.1859375
21 0.754713522320174 0.71328125 0.3018950340036808 0.2828125
29 0.67109375 0.634375 0.2859375 0.16875
18 0.5046875 0.75703125 0.109375 0.2890625
34 0.5734375 0.88671875 0.246875 0.2265625