9 0.3 0.25625 0.6 0.5125
14 0.67676813125 0 0.7889078656249999 0.10768051875 0.722242996875 0.2017469546875 0.6809579484375 0.2122266484375 0.622399509375 0.18684172968749999 0.6097096 0.228635096875 0.803923925 0.40741529375 0.8166138359375001 0.365621921875 0.7761154109375 0.2534771453125 0.8168189218749999 0.157615415625 0.993075775 0.31915221250000003 0.9997115000000001 0.3409465453125 0.9043489515625 0.50770255625 0.8816633390625 0.51875 0.9548358703125001 0.51875 1 0.43441656718750005 1 0.11042709218749999 0.883503565625 0 0.67676813125 0
1 0.5692719991759396 0.7354815013935012 0.02431079528527036 0.020251943244739935
1 0.5249141852794196 0.5840982765319288 0.02587329528527036 0.02035207279438911
4 0.520008361458102 0.5890861651808768 0.029143844499482086 0.023677331893687637
2 0.5092699146012551 0.6022370072535973 0.029143844499482086 0.023677331893687814
2 0.4985314677444082 0.615387849326318 0.029143844499482086 0.023677331893687814
0 0.5042913161728316 0.6087873959025453 0.029143844499482086 0.023677331893687814
0 0.4927352320124319 0.6227695527500906 0.029143844499482086 0.023677331893687814
2 0.390796050457066 0.5537470473514198 0.021113020678164496 0.018489184145441227
9 0.3858902266357484 0.5587349360003676 0.024383569892376045 0.021814443244739933
16 0.8 0.759375 0.4 0.48125