33 0.225 0.284375 0.45 0.56875
27 0.55625 0.41328125 0.2125 0.3109375
22 0.7109375 0.4578125 0.25625 0.221875
13 0.8338317528255889 0.3324164660319813 0.27971730416850205 0.3360003703131401
17 0.84375 0.16484375 0.3125 0.3296875
25 0.6564929812260425 0.21290054679640463 0.2775744508104573 0.36387027879787104
11 0.5046875 0.1734375 0.109375 0.28125
18 0.055002403095741316 0.9562355718012538 0.03346726442797028 0.021428460910325242
13 0.06953125 0.98984375 0.0390625 0.0203125
22 0.048980581588862114 0.9279032777106092 0.03428571996293321 0.04486596091032524
30 0.03571917895645695 0.8838024624081374 0.029107146641955416 0.030420823637421712
24 0.02568198004491613 0.8589140327115791 0.033958337748947895 0.03549096091032524
23 0.0637499205189365 0.9734390472554466 0.03077877404661713 0.03367336939505616
34 0.02267603113337522 0.8334516471056654 0.03870040145127884 0.03743609818322895
18 0.0249057084453697 0.7249854428632999 0.03346726442797028 0.021428460910325242
18 0.08783475046333615 0.9083721566485632 0.03346726442797028 0.021428460910325242
21 0.07225687968209638 0.8636814099825431 0.03513889183263199 0.024681006667959693
18 0.09768097641671902 0.9387293363451213 0.031795637023308565 0.01817591515269079
29 0.04000242958942914 0.7611462124081373 0.03691964664195542 0.03105855242559432
28 0.09671867714235845 0.9216693821027558 0.028943455534962935 0.02573332363742171
23 0.0635738496450295 0.8223229574071675 0.029107146641955416 0.030420823637421535
23 0.11800091090028966 0.9814749457382378 0.029107146641955416 0.030420823637421535
10 0.07140370781239751 0.8434964557401775 0.029107146641955416 0.030420823637421535
24 0.10882680754224498 0.9541789931628625 0.033958337748947895 0.03549096091032524
27 0.057306491477661495 0.801021913316523 0.028943455534962758 0.025733323637421625
23 0.03607882142206122 0.739653849681041 0.03228671034428636 0.0322384151526907
31 0.0861730467424719 0.8890322252850149 0.02910714664195524 0.030420823637421535
14 0.049476633310293394 0.7798484149835129 0.03228671034428636 0.0322384151526907
18 0.15711054011904987 0.932320097555009 0.03185020072563951 0.019738415152690793
15 0.11411948666833807 0.8026164931628624 0.03535714664195542 0.03093100666795978
18 0.1331398159797655 0.8602696254347961 0.03190476442797028 0.02130091515269079
18 0.11761650890085669 0.8140163787687762 0.02716270072563951 0.019355777879787085
29 0.1373635245099533 0.8731682381618926 0.03535714664195542 0.03093100666795969
29 0.1613888123515685 0.9436562102821053 0.032013891832631994 0.02442591515269079
17 0.16916410681660565 0.9663922086151155 0.03541171034428636 0.03249350666795969
13 0.07823160508732512 0.692587659982543 0.03859127404661713 0.03431109818322886
21 0.1269815852170592 0.8358435813441515 0.030342264427970278 0.021173369395056162
21 0.12186749928220983 0.8261337414958725 0.030342264427970278 0.021173369395056162
29 0.18125 0.990625 0.034375 0.01875
29 0.10575391516145886 0.7744755177086695 0.03859127404661713 0.03431109818322886
32 0.1541864367610053 0.9045139619490954 0.03423115626060227 0.04330346091032524
24 0.09133924029653517 0.7187834981638321 0.034012901451278846 0.03705346091032524
23 0.09822415735691062 0.7447082693756595 0.03077877404661713 0.03367336939505616
15 0.12655997768266342 0.6917587414958725 0.03691964664195542 0.03105855242559432
29 0.21133424864923764 0.9411372460378002 0.03691964664195542 0.031058552425594143
29 0.20218742714235843 0.9130600434624248 0.03541171034428636 0.03249350666795969
10 0.23046875 0.98828125 0.0328125 0.0234375
24 0.10988339837123595 0.6339142905874868 0.03077877404661713 0.03367336939505616
27 0.16934270000784926 0.8051198687668364 0.02732639183263199 0.024043277879787085
23 0.19748256897499045 0.8916314536141456 0.029107146641955416 0.030420823637421712
30 0.11994787913394225 0.658021470284045 0.03077877404661713 0.03367336939505616
14 0.13684271325469313 0.7096159211924307 0.03077877404661713 0.03367336939505616
10 0.14461800771973027 0.7323519195254408 0.029107146641955416 0.030420823637421712
27 0.15172117958942916 0.752026690737268 0.02732639183263199 0.024043277879787085
10 0.1905703700634495 0.8664879324023183 0.029107146641955416 0.030420823637421535
24 0.22161698422126735 0.9589944257343586 0.034012901451278846 0.03705346091032524
24 0.1615674055428121 0.7823838704338263 0.03077877404661713 0.03367336939505616
32 0.18136898485423955 0.8399732298269427 0.03423115626060227 0.04330346091032524
34 0.1077132631620259 0.6068256321027559 0.03859127404661713 0.03431109818322886
16 0.21668398067788833 0.721016064674252 0.03228671034428636 0.0322384151526907
13 0.24423357260318754 0.8021226724003787 0.029107146641955416 0.030420823637421622
27 0.23648555998931578 0.7786054240673685 0.027435519237293704 0.027168277879787085
18 0.2901859349469068 0.9362586852772562 0.027108137023308564 0.017793277879787083
14 0.2972345431142748 0.9574959564890836 0.027435519237293704 0.027168277879787085
24 0.22733873848243658 0.750528221491993 0.034012901451278846 0.03705346091032524
10 0.25346223966356296 0.8278561249757541 0.03228671034428636 0.03223841515269079
11 0.2829736356725462 0.9197089140654289 0.027435519237293704 0.027168277879787085
10 0.27183772823081753 0.8816667801265051 0.03541171034428636 0.03249350666795969
23 0.26188237487277294 0.854434600429947 0.03228671034428636 0.03223841515269079
23 0.31171875 0.99375 0.0328125 0.0125
27 0.3042831512816428 0.9787332277009109 0.029107146641955416 0.030420823637421535
20 0.4078125 0.57578125 0.01875 0.0140625
28 0.4174057216922137 0.5947890492123007 0.012936509618646851 0.013520366061076317
14 0.4139359813108605 0.582607913606387 0.016170637023308565 0.01690045757634535
13 0.54609375 0.834375 0.1921875 0.33125
16 0.63359375 0.7484375 0.3671875 0.359375