13 0.3296875 0.2546875 0.659375 0.509375
33 0.3328125 0.58359375 0.14375 0.1484375
31 0.39357575310027765 0.6945241707809032 0.133975026144509 0.14193553970326392
30 0.43009082571101304 0.8323339485163199 0.14777741701630234 0.15941398043270852
25 0.46328125 0.9359375 0.1390625 0.128125
29 0.19140625 0.53359375 0.1453125 0.0484375
24 0.24300891326810287 0.6158874116628476 0.14320831618646537 0.1608673776591667
22 0.28498108048489784 0.743650042171806 0.14093542116548718 0.1514560100679862
27 0.32604194313758955 0.8627825550895837 0.13421182448483523 0.1450605397032639
26 0.37890625 0.96796875 0.1328125 0.0640625
21 0.10390625 0.55625 0.1421875 0.09375
16 0.16037308940796757 0.6632695983082295 0.1360111228251612 0.14822190729444457
28 0.2044880970816374 0.7730816626127781 0.12772502614450917 0.1417900693385416
23 0.24441251222384003 0.8968834917349657 0.13480382033565022 0.1528730397032639
32 0.2875 0.9703125 0.15 0.059375
17 0.04609375 0.5703125 0.0921875 0.121875
11 0.0765541964615819 0.67462336597566 0.11716603444287887 0.12594686379145834
10 0.11718900662476264 0.7890501950978475 0.12412642946385706 0.13546733415618065
13 0.16015625 0.9234375 0.1359375 0.153125
27 0.8296875 0.7546875 0.340625 0.490625