8 0.234375 0.26484375 0.46875 0.5296875
0 0.4796875 0.19765625 0.021875 0.1359375
2 0.97890625 0.48828125 0.0421875 0.0828125
3 0.8203125 0.46875 0.115625 0.121875
4 0.6247203197994816 0.4410557502945876 0.10684210957707689 0.12404655405833438
5 0.475 0.40234375 0.0125 0.1265625
8 0.8570946688265468 0.2803126512531051 0.11174779788867947 0.1365738251355733
9 0.6634031700443629 0.2400290605994379 0.10708757142762995 0.13810905405833437
1 0.503125 0.2109375 0.06875 0.165625
1 0.9295349103051302 0.08846551883774367 0.09327053327818291 0.1520897408266178
1 0.728125 0.053125 0.08125 0.10625
1 0.5265625 0.0359375 0.08125 0.071875
3 0.8674888778377262 0.07007458802138852 0.10711484496658023 0.13967155405833437
4 0.66953125 0.05 0.1046875 0.1
5 0.496875 0.0359375 0.05625 0.071875
0 0.234375 0.76484375 0.46875 0.4703125
0 0.734375 0.76484375 0.53125 0.4703125