16 0.14453125 0.21953125 0.2890625 0.4390625
1 0.9890625 0.18828125 0.021875 0.0296875
1 0.9799887475592246 0.19651300080260822 0.029079746239076342 0.03379464664195542
1 0.9107697346271009 0.237108229751216 0.025909282132453627 0.0321230192372937
1 0.8047039395625234 0.3076984935462141 0.02581835391920819 0.028998019237293705
1 0.7481895151102018 0.34169898211346866 0.024255853919208193 0.028943455534962935
2 0.9536846603330638 0.21358144971414905 0.02742631802583091 0.03061508293962447
2 0.9242328410535915 0.23132202122102824 0.02742631802583091 0.03061508293962447
2 0.9356059132360576 0.0823488078815171 0.030642246239076344 0.03384921034428627
0 0.9385681256933276 0.22243809454200597 0.029079746239076342 0.03379464664195542
8 0.79119536902941 0.3150472020764018 0.029079746239076342 0.03379464664195542
3 0.7760333702830513 0.3254663469042587 0.029079746239076342 0.03379464664195542
3 0.7354167304704656 0.3506374724948218 0.02742631802583091 0.03061508293962447
3 0.7109515910535915 0.2238740758528664 0.030642246239076344 0.03384921034428636
9 0.7617208176966266 0.3335690235832809 0.030642246239076344 0.03384921034428636
9 0.721104177884041 0.35874014917384417 0.029079746239076342 0.03379464664195524
5 0.7059421791376822 0.369159294001701 0.02742631802583091 0.03061508293962447
5 0.7253323397999504 0.21342764917384419 0.029079746239076342 0.03379464664195524
1 0.33006530390657296 0.19806053248413757 0.024210389812585564 0.027380955534962937
1 0.32048571542677096 0.20476440027015244 0.027426318025830954 0.03061508293962447
1 0.06436609606815646 0.5337252139724834 0.027426318025830954 0.03061508293962447
1 0.05625807937510903 0.543608645460829 0.0306422462390763 0.03384921034428636
17 0.6208032328125 0.4390625 0.6793732453125 0.6870646546875 0.450797390625 0.8406535999999999 0.4250595453125 0.8159637890625 0.37338872031250003 0.572742425 0.38141211875000003 0.5370836156250001 0.42780943281250006 0.4977710234375 0.42125854843749994 0.4712543203125 0.2890625 0.554177821875 0.2890625 0.6325422375 0.2997810484375 0.649540721875 0.3886392796875 1 0.47430512656249996 1 0.44738666718750003 0.8836276234374999 0.687862340625 0.7327828375000001 0.7402694234375 0.94491645 0.6922062859375 1 0.7501028625 1 0.899114025 0.9065287703125 0.8925631421875 0.8800120671875 0.8323277984375 0.8973790156250001 0.7718973171875 0.720904215625 0.709060246875 0.4390625 0.6208032328125 0.4390625