1 0.96015625 0.453125 0.0796875 0.1125
6 0.90859375 0.38203125 0.1828125 0.1734375
6 0.8136776707818804 0.29897264139543117 0.1918999418245299 0.17393290815498563
6 0.7136461066873564 0.20019650910469303 0.1868298045516262 0.16910901583511767
5 0.618349840017457 0.11169028708051157 0.19020989606689528 0.1723249440483629
0 0.52109375 0.05078125 0.1859375 0.1015625
5 0.33046875 0.93046875 0.1765625 0.1390625
6 0.31015625 0.83671875 0.2171875 0.2015625
0 0.2737384548705853 0.7132815308123054 0.23609622303829686 0.21886497492717538
5 0.22890625 0.6015625 0.2296875 0.184375
7 0.1875 0.54140625 0.228125 0.0640625
27 0.859375 0.85859375 0.28125 0.2828125
28 0.80078125 0.75 0.3984375 0.334375
12 0.640625 0.60390625 0.40625 0.1890625