25 0.2046875 0.24453125 0.409375 0.4890625
2 0.94453125 0.04296875 0.1109375 0.0859375
2 0.8640625 0.084375 0.18125 0.16875
7 0.7520915287212736 0.15212940539463354 0.17446881275401332 0.17067722135581712
9 0.6435962760077402 0.22356750604708875 0.1761131999091429 0.17225790268936264
2 0.5322250067858633 0.3051345846992257 0.17446881275401313 0.17067722135581712
0 0.4609375 0.384375 0.103125 0.18125
0 0.35546875 0.55546875 0.1078125 0.1328125
2 0.275 0.58125 0.196875 0.184375
2 0.15438104703863936 0.6308822087444055 0.2154966044771271 0.20863175469445316
7 0.06640625 0.67734375 0.1328125 0.2015625
30 0.7046875 0.74453125 0.590625 0.5109375