9 0.2046875 0.23984375 0.409375 0.4796875
27 0.7046875 0.23984375 0.590625 0.4796875
30 0.2551831399802049 0.7733437102821054 0.23595959068231737 0.28686149758410406
10 0.078125 0.8390625 0.15625 0.25625
24 0.37109375 0.75625 0.0765625 0.271875
7 0.4921875 0.50859375 0.165625 0.0578125
0 0.52890625 0.5625 0.1890625 0.165625
9 0.5862461957252714 0.6764841699844827 0.19141065128862386 0.1789853536432407
8 0.6457174502478272 0.7932413642249084 0.21097952283992144 0.19614090273485513
1 0.69765625 0.90859375 0.2046875 0.1828125
7 0.75234375 0.96796875 0.2046875 0.0640625