0 0.18984375 0.2296875 0.3796875 0.459375
30 0.8298853052991835 0.11255312035861018 0.26571700135263543 0.1652899752123143
27 0.92421875 0.046875 0.1515625 0.09375
11 0.46796875 0.05703125 0.1765625 0.1140625
14 0.47890625 0.16953125 0.1984375 0.2046875
16 0.7445461472788206 0.25523961489198993 0.36786130402608974 0.22417554260166597
23 0.59765625 0.3921875 0.4359375 0.134375
21 0.92890625 0.33359375 0.1421875 0.2515625
10 0.9234375 0.16875 0.153125 0.209375
8 0.19921875 0.7296875 0.3609375 0.540625
20 0.9794751306095026 0.6054999123946283 0.017787484006999678 0.0530662114043519
21 0.702967174610139 0.57661632888824 0.006849984006999677 0.05210930414703707
27 0.7318097899427298 0.5846140480682862 0.01293635200509069 0.03859360829407414
14 0.9622149052753208 0.6102462009902765 0.019222714672181597 0.04226541244111104
24 0.8677018366088664 0.6004132882663414 0.019222714672181597 0.04226541244111104
27 0.8286666086091845 0.5946520123473601 0.012936352005090513 0.03859360829407414
24 0.8052200179424117 0.5933827467959711 0.020785214672181595 0.04240211347787035
32 0.7825637679424118 0.5914005817629621 0.02699885200509069 0.039823917624907425
23 0.7583541086091845 0.5885004656931935 0.019222714672181597 0.04226541244111104
30 0.9340989959420936 0.6070043323286098 0.01606135200509069 0.03886701036759259
30 0.7161756992759571 0.5840282877006937 0.01606135200509069 0.038867010367592415
10 0.9953125 0.61484375 0.009375 0.0453125
30 0.8473802459420936 0.5994174247884712 0.016097714672181594 0.04199201036759241
14 0.6880688806095027 0.580005169039027 0.016097714672181594 0.04199201036759259
28 0.6716444492759572 0.5801323081530547 0.016097714672181594 0.04199201036759241
25 0.9113518392743665 0.6128346672956007 0.020912484006999677 0.053339613477870175
34 0.8855524079408209 0.6121416001890729 0.020948846674090582 0.05646461347787035
5 0.99609375 0.92421875 0.0078125 0.0515625
21 0.9515473885662319 0.9221310463248598 0.01293635200509069 0.03859360829407414
18 0.944507047899459 0.9222971416594431 0.0035977146721815957 0.04089840207351862
20 0.9351320478994591 0.9214769354388876 0.00981135200509069 0.03832020622055552
28 0.9108860258991409 0.9217018193691192 0.009738626670909056 0.03207020622055552
14 0.9225956852323683 0.9235083271448137 0.012845445337363514 0.030781108294073788