9 0.91953125 0.04296875 0.0703125 0.0859375
1 0.803125 0.03671875 0.053125 0.0734375
0 0.7453125 0.0328125 0.065625 0.065625
0 0.62265625 0.025 0.0703125 0.05
2 0.9036223653451433 0.18631411516993984 0.08017837939029952 0.087622016805914
3 0.7606945219610016 0.17345733501815302 0.06144656010845857 0.08998301285158128
4 0.6084462207313377 0.15084355288919982 0.08024201190385671 0.09855951680591399
6 0.8949644619507389 0.33130828018896785 0.0755181504675381 0.09211851581733085
7 0.7504968444642962 0.31448158304098667 0.08176815046753827 0.09237318380210838
8 0.6021047962596943 0.30062071840251947 0.0755363311856975 0.09524351581733086
1 0.91953125 0.47421875 0.0515625 0.0890625
0 0.85703125 0.4734375 0.0765625 0.090625
32 0.215625 0.759375 0.40625 0.48125
30 0.77109375 0.590625 0.4140625 0.14375
12 0.6822427899149826 0.7276566981737455 0.44504992134838534 0.2415189269192073
24 0.46953125 0.76875 0.1015625 0.265625