11 0.57421875 0.17578125 0.1109375 0.3515625
17 0.64453125 0.240625 0.2515625 0.31875
11 0.7359375 0.2796875 0.3625 0.240625
3 0.87265625 0.34609375 0.2546875 0.1078125
1 0.184375 0.50390625 0.36875 0.2078125
2 0.41328125 0.63671875 0.2109375 0.4734375
3 0.08359375 0.75546875 0.1671875 0.4890625
4 0.290625 0.88203125 0.45625 0.2359375
10 0.9484375 0.53125 0.103125 0.2625
16 0.88046875 0.61875 0.2390625 0.325
22 0.7704624082318212 0.8072395666550023 0.34835116902916285 0.3289950692008222
28 0.671875 0.91484375 0.30625 0.1703125