6 0.2796875 0.25 0.559375 0.5
14 1 0.30195728437499997 0.559375 0.0650819546875 0.559375 0.1985872671875 0.56191128125 0.1996706015625 0.7237719546875 0.30571735 0.6792255078125 0.31983398749999997 0.5701091265625 0.261174178125 0.559375 0.2733847171875 0.559375 0.3039560109375 0.7147024484375 0.396002515625 0.882693859375 0.4767968359375 0.8981473093750001 0.46607227656249994 0.9042780468749999 0.44081984687500003 0.8019814390625001 0.3858262734375 0.7783301437500001 0.33504725468749996 1 0.45421462031250004 1 0.30195728437499997
2 0.4921875 0.52734375 0.134375 0.0546875
7 0.4626340152858582 0.5954420590244269 0.17498936562705047 0.16196881275401323
0 0.40597815559030687 0.7231443351437088 0.18143036661563344 0.16698386137453233
8 0.3502308798871443 0.8476806676854256 0.16360619665368964 0.15045810266810483
4 0.3015625 0.9453125 0.175 0.109375
3 0.93359375 0.7578125 0.1328125 0.221875
9 0.8718379189361796 0.8466117333801149 0.21420837452429886 0.20612160447712716
2 0.76015625 0.91328125 0.2234375 0.1734375
1 0.65546875 0.96171875 0.1921875 0.0765625