9 0.21953125 0.3 0.4390625 0.6
17 0.96015625 0.47734375 0.0796875 0.2015625
24 0.81640625 0.53984375 0.1890625 0.1203125
10 0.57578125 0.56875 0.2296875 0.0625
35 0.971875 0.34375 0.05625 0.196875
21 0.978125 0.190625 0.04375 0.16875
27 0.8953125 0.25234375 0.209375 0.1953125
32 0.7385838441590966 0.33224449992045824 0.2266012305182393 0.1838499306969986
30 0.7023581976503889 0.4834166485916853 0.22517509821299111 0.19164424936345306
14 0.54140625 0.40234375 0.2046875 0.1984375
18 0.6051594638824432 0.23459843527213917 0.20171032467404082 0.18980902936027144
33 0.93125 0.09921875 0.1375 0.1984375
11 0.85859375 0.07109375 0.2828125 0.1421875
16 0.60234375 0.09296875 0.2328125 0.1859375
28 0.76484375 0.0265625 0.2390625 0.053125
18 0 0.6 0 0.660413984375 0.0061709296875 0.6707873890625 0.1530202671875 0.6130950234375 0.1837398375 0.6508919015625 0.3660866359375 0.9864895078125 0.3756547984375 1 0.4390625 1 0.4390625 0.862153746875 0.329941290625 0.65994154375 0.28551914218749996 0.6 0 0.6
31 0.71953125 0.8 0.5609375 0.4