11 0.101397503125 0 0.032838521875 0.0362045984375 0 0.0752836328125 0 0.6342399109375 0.459375 0.473155575 0.459375 0 0.3652621734375 0 0.3383100796875 0.0326316390625 0.30358801875 0 0.101397503125 0
29 0.73359375 0.28125 0.5328125 0.5625
7 0.2296875 0.81953125 0.459375 0.3609375
18 0.6376288754209272 0.7017210772702093 0.045694445916315905 0.013841256939830338
18 0.6408183628070554 0.6773521329457354 0.04251488221398514 0.012078497840531633
18 0.5484375 0.99375 0.040625 0.0125
22 0.8892732209744235 0.6832564697766687 0.033958337748947895 0.0349152205426357
24 0.99453125 0.7640625 0.0109375 0.025
24 0.8675718026481036 0.9029076357235125 0.0336855192372937 0.027102720542635694
24 0.8707067263319012 0.8801011913990384 0.03379464664195542 0.030227720542635693
24 0.8726065322296837 0.848019876624214 0.0336855192372937 0.027102720542635694
24 0.8086432359505478 0.8716063733850113 0.03363095553496294 0.025540220542635696
24 0.8186308495602115 0.7641746051864141 0.03363095553496294 0.025540220542635696
24 0.8250296717000628 0.6702243460871153 0.03363095553496294 0.025540220542635696
24 0.6764830111782913 0.9284046907807297 0.03363095553496276 0.025540220542635696
24 0.6842260785088193 0.8406043021317817 0.03363095553496294 0.025540220542635696
24 0.6922965280533324 0.7434289134828338 0.03363095553496294 0.025540220542635696
24 0.6301511921184829 0.7372778454688066 0.03363095553496285 0.025540220542635696
30 0.9953125 0.740625 0.009375 0.025
30 0.8817856139881817 0.7414194232004412 0.03363095553496294 0.025540220542635696
30 0.7993103867688546 0.9602881415836088 0.03357639183263199 0.023977720542635694
30 0.8186953369463398 0.7400059199612388 0.03363095553496294 0.025540220542635696
30 0.609040050834005 0.9623476966408259 0.03357639183263199 0.023977720542635694
21 0.99140625 0.8546875 0.0171875 0.0125
29 0.98671875 0.9421875 0.0265625 0.01875
29 0.990625 0.88828125 0.01875 0.0171875
29 0.8692607882201333 0.9215074413990386 0.04111607332097762 0.016665868290882457
29 0.8784398699786315 0.814906987975266 0.037881945916316086 0.013340609191583752
29 0.8083877756062616 0.9012438086101866 0.041170637023308566 0.01822836829088246
29 0.701292071337243 0.6867283305094117 0.03799107332097762 0.01646560919158375
29 0.6209894685273527 0.8657032341177546 0.0379910733209778 0.01646560919158375
29 0.6364756031884087 0.6901024568198586 0.03799107332097771 0.01646560919158375
29 0.5483381638106966 0.9818276843023247 0.038045637023308564 0.018028109191583753
28 0.9875 0.91640625 0.025 0.0265625
28 0.8856199421184829 0.7209066641011426 0.03363095553496294 0.025540220542635696
28 0.8031546385829531 0.9171691972591347 0.03363095553496294 0.025540220542635696
28 0.82578125 0.64921875 0.0328125 0.0203125
28 0.6317236158022803 0.7145715306939819 0.03363095553496276 0.025540220542635696
21 0.98515625 0.9765625 0.0296875 0.025
14 0.9859375 0.959375 0.028125 0.025
14 0.8766690388531055 0.7986509322997399 0.03363095553496294 0.025540220542635696
14 0.8016640604526518 0.9375317620339594 0.03363095553496276 0.025540220542635696
14 0.6200271692529922 0.8486158636674039 0.030505955534962846 0.02533996144333699
14 0.6223808429367896 0.8258594841177546 0.030505955534962846 0.02533996144333699
14 0.6375 0.64609375 0.034375 0.0140625
10 0.98984375 0.8703125 0.0203125 0.025
10 0.9921875 0.809375 0.015625 0.025
10 0.8624006638106966 0.9617016448228112 0.036755955534962935 0.025740479641934398
10 0.889474117616379 0.6551815345514933 0.036755955534962935 0.025740479641934398
10 0.69921875 0.6484375 0.0328125 0.01875
10 0.6106124745178025 0.9396413818660012 0.036755955534962845 0.025740479641934398
10 0.6141566259690814 0.9051161875415271 0.03363095553496285 0.025540220542635696
10 0.6250891806857375 0.7929468545681052 0.03363095553496285 0.025540220542635696
20 0.99140625 0.83984375 0.0171875 0.0265625
20 0.6946749943880685 0.7869285896087105 0.043005955534962934 0.026140997840531633
11 0.99375 0.78515625 0.0125 0.0265625
11 0.8168302473832932 0.8157371051864141 0.04456845553496276 0.026241127390180984
11 0.8290078435697618 0.6902364574381675 0.044568455534962935 0.026241127390180984
17 0.7058258039140479 0.6685092566352885 0.044568455534962935 0.026241127390180984
18 0.8802925466576539 0.8288192936507919 0.04256944591631608 0.01364099784053181
23 0.8790772762392338 0.7743320527500905 0.03363095553496294 0.025540220542635696
23 0.8093798459320144 0.8505126233850113 0.03363095553496294 0.025540220542635696
23 0.6907241043695349 0.7661352282576585 0.03363095553496294 0.025540220542635696
23 0.6172642678017133 0.8830909932170531 0.03363095553496276 0.025540220542635696
27 0.8660985826851706 0.9450951357235124 0.03174107332097762 0.016065090992986343
27 0.8921875 0.6421875 0.03125 0.00625
27 0.8201040695231446 0.7219871051864141 0.03185020072563951 0.019190090992986342
27 0.6135291433922765 0.9230849375415271 0.02861607332097771 0.015864831893687637
16 0.60078125 0.98515625 0.0484375 0.0296875
15 0.8663242719780646 0.9832762561738633 0.043005955534962934 0.02614099784053181
13 0.686505341122691 0.864622793032483 0.044568455534962935 0.02624112739018116
32 0.6789458122667504 0.9025233112310804 0.033958337748947895 0.0349152205426357
32 0.6947047654394606 0.7191100339331845 0.033958337748947895 0.0349152205426357
26 0.7945856812338917 0.9839759654577321 0.044623019237293705 0.027803627390181163
18 0.8119765670760739 0.8877622995108879 0.045694445916316086 0.013841256939830515
34 0.809836202918256 0.7928002529346607 0.043005955534962934 0.026140997840531633
17 0.6787077100898322 0.953985681681431 0.043115082939624474 0.02926599784053181
18 0.6905951295972784 0.814472598708009 0.042405754809323425 0.008953497840531632
25 0.6231100184346855 0.760334613667404 0.043005955534962934 0.02614099784053181
31 0.6366492179791985 0.6628087715946833 0.030505955534962846 0.02533996144333699