31 0.284375 0.18984375 0.56875 0.3796875
0 0.95703125 0.078125 0.0859375 0.15
0 0.925 0.20078125 0.15 0.1328125
1 0.8515625 0.31171875 0.175 0.1359375
4 0.48515625 0.41640625 0.1671875 0.0734375
3 0.4401154616592313 0.4998740355641729 0.20765248758216437 0.17595004922121243
8 0.3763403908967476 0.631888565189344 0.1893170757634536 0.16138744404836292
0 0.3128841845283502 0.7599968448145152 0.19776730455162622 0.16942726458147633
0 0.25170795528113554 0.8888181782797524 0.1757967097023773 0.14852373119538137
1 0.18359375 0.96484375 0.1890625 0.0703125
27 0.6453125 0.90390625 0.153125 0.1921875
24 0.67421875 0.64453125 0.2109375 0.3484375
33 0.73515625 0.45703125 0.3328125 0.1546875