29 0.39140625 0.3046875 0.5234375 0.609375
13 0.834375 0.29453125 0.33125 0.5890625
34 0.4234375 0.62265625 0.028125 0.0265625
16 0.403125 0.61953125 0.03125 0.0203125
18 0.4600911877416439 0.6696833244482022 0.01632637272903601 0.04694772287263689
15 0.540990372439172 0.6849906827612627 0.02426641848667064 0.04855567466803503
21 0.0671875 0.615625 0.015625 0.0125
18 0.4133597089534712 0.6616026588553534 0.01607128121376693 0.04382272287263689
20 0.4499349377416439 0.6696242371141847 0.02713632697140156 0.045448855386194253
18 0.084375 0.61796875 0.01875 0.0171875
18 0.557651713954441 0.6882111315315986 0.01632637272903601 0.04694772287263689
21 0.07578125 0.6171875 0.0171875 0.015625
18 0.14140625 0.621875 0.0171875 0.025
29 0.36056954880175035 0.6558293818261862 0.022193735456132478 0.04229658430895542
29 0.1515625 0.6234375 0.021875 0.028125
23 0.32074177425594314 0.6462271228491958 0.03507637272903601 0.0470568071815924
29 0.382045936074654 0.660639601673761 0.02401132697140156 0.045430674668035034
29 0.23059513531604958 0.6324277223816577 0.022193735456132478 0.04229658430895542
29 0.2828591369830395 0.6413214542312851 0.022193735456132478 0.04229658430895542
17 0.3983884131958367 0.6599538004440971 0.02713632697140156 0.045448855386194253
29 0.5689718512273447 0.692962264045156 0.022193735456132478 0.04229658430895533
12 0.03515625 0.61484375 0.0265625 0.0109375
10 0.0515625 0.61640625 0.025 0.0140625
23 0.4273424606204612 0.6702736769075301 0.022863415152690792 0.03136817466803503
24 0.5232767139544411 0.688011143631847 0.02962359818322895 0.03765453610435365
28 0.6096446486519691 0.7033503182016864 0.02480855242559432 0.03606476502711473
24 0.1936212938007805 0.6290890989432866 0.02962359818322886 0.03765453610435347
24 0.3441632988017503 0.6557339330558503 0.02806109818322895 0.03764544574527395
23 0.4757002122874511 0.6791446828594585 0.02806109818322895 0.03764544574527395
10 0.5922658300155174 0.7009065742518105 0.02806109818322895 0.03764544574527395
12 0.1734375 0.62578125 0.025 0.0328125
23 0.21581515819486685 0.6331226139704013 0.02480855242559432 0.03606476502711464
14 0.24607661410422227 0.6403265807929139 0.028316189698497852 0.040770445745273866
23 0.26736168274067407 0.6427930506404888 0.02480855242559432 0.03606476502711464
12 0.6350272859248728 0.7081832639469601 0.02480855242559432 0.03606476502711473
23 0.66484375 0.71328125 0.0078125 0.0359375
23 0.09921875 0.61953125 0.0234375 0.0203125
24 0.6524698774401418 0.7114082578968359 0.02962359818322895 0.03765453610435347
16 0.11796875 0.628125 0.0328125 0.0375
16 0.4937167597120755 0.6894009268093344 0.032334010001939716 0.05172612646343318
18 0.3579864248647663 0.7198464300307882 0.01788887272903601 0.04695681323171659
17 0.037179846226374824 0.6640993823171656 0.027136326971401514 0.045448855386194253
17 0.16155796395444105 0.6859067255049156 0.02713632697140156 0.045448855386194253
17 0.3444500833494972 0.7166441619786115 0.02713632697140156 0.045448855386194253
17 0.47767704259283245 0.7416265021412993 0.02713632697140156 0.045448855386194253
29 0.32582762910713176 0.718097577669656 0.022193735456132478 0.04229658430895533
29 0.4162293595622944 0.7350219781371943 0.02401132697140156 0.045430674668035034
28 0.23971478592487278 0.7058834030998169 0.0250636439408634 0.03918976502711473
32 0.01484375 0.66484375 0.0296875 0.0390625
31 0.19695333001551735 0.6986067134046672 0.028061098183228862 0.03764544574527395
22 0.2856650147130454 0.7139595235131257 0.0375636439408634 0.03926248789975162
10 0.17931941986379646 0.6930379694547913 0.0250636439408634 0.03918976502711473
23 0.3720329494105735 0.729298698082965 0.024808552425594144 0.03606476502711473
14 0.056695120772182014 0.673583466626121 0.028061098183228862 0.03764544574527386
23 0.07713516652981656 0.675264141294156 0.02480855242559432 0.03606476502711464
32 0.10817787243917198 0.6824726532962087 0.0375636439408634 0.03926248789975162
10 0.496474840017457 0.7518872912707149 0.02857128121376693 0.04389544574527378
14 0.1319980097120756 0.6872965086824029 0.02987868969849785 0.040779536104353475
24 0.25800240031895905 0.7098941922292324 0.02962359818322895 0.03765453610435365
14 0.30948515198594906 0.7187833788993201 0.02962359818322895 0.03765453610435365
24 0.43236454259283247 0.7413628817279905 0.02987868969849785 0.040779536104353475
27 0.5131999544115433 0.7558889900410509 0.021683552425594322 0.03604658430895533
14 0.5258912730479952 0.7583054629136878 0.0250636439408634 0.03918976502711473
14 0.2143959215307864 0.7018317073545429 0.028061098183228862 0.03764544574527377
28 0.45924590698691886 0.745423667832344 0.02480855242559432 0.03606476502711473
16 0.392393246835198 0.7395685775714602 0.03258910151720862 0.054851126463433174
3 0.13585594653563557 0.8302198068870048 0.019738415152690703 0.03134999394987581
10 0.04708048895929022 0.8140857467785463 0.022863415152690702 0.03136817466803503
30 0.060935694868645626 0.8211942648307229 0.01935577787978713 0.02666249394987581
16 0.07394587789918376 0.8275169877033598 0.021683552425594322 0.03604658430895533
3 0.1484375 0.98046875 0.025 0.0390625
18 0.1890625 0.98515625 0.0125 0.0296875
21 0.18046875 0.9859375 0.0203125 0.028125
29 0.00546875 0.95546875 0.0109375 0.0296875
4 0.11321515623801282 0.9737698189872532 0.0319513727290361 0.047038626463433174
29 0.05560995032865741 0.966406770880847 0.016613415152690703 0.03133181323171641
28 0.06386886048037828 0.9719209726762452 0.016230777879787085 0.026644313231716586
32 0.01700983593457108 0.9622778070833965 0.023915732122152544 0.02512726502711473
28 0.2203125 0.99296875 0.015625 0.0140625
14 0.03204490457102287 0.9647079154946528 0.019483323637421623 0.02822499394987581
20 0.1984375 0.9859375 0.01875 0.028125
14 0.21015625 0.99296875 0.0140625 0.0140625
14 0.044082518965109195 0.9686823431877499 0.019610869395056164 0.029787493949875808
3 0.834375 0.8046875 0.33125 0.390625