11 0 0.65 0.3796875 0.65 0.3796875 0.19127057812499998 0.3782466015625 0.18877089375 0.3200567875 0.1330339390625 0.23756735624999997 0.0991200125 0.14307526406249998 0.10921503749999999 0.061978446875 0.159893521875 0.0226755046875 0.2367277390625 0.025970464062499997 0.29192036875 0 0.271184390625 0 0.65
10 0.68984375 0.33046875 0.6203125 0.6390625
11 0.3796875 0.65 0 0.65 0 1 0.0220799546875 1 0.3796875 0.8183197890624999 0.3796875 0.65
14 0.9890625 0.73515625 0.021875 0.0390625
14 0.7565310491097909 0.9837931333181009 0.03955342370110611 0.03154252591898139
14 0.7032481363657335 0.8985398470315269 0.04117047077900686 0.0348042269557407
10 0.9828125 0.725 0.034375 0.04375
10 0.7458935580382446 0.9656487260607861 0.04117047077900686 0.0348042269557407
23 0.9738408745946107 0.6820036237989802 0.04747501785690744 0.03847603110277768
23 0.75859375 0.9890625 0.0421875 0.021875
27 0.99296875 0.74609375 0.0140625 0.0390625
27 0.7299782317393507 0.936088365174814 0.03640115016215582 0.029706623845462944
27 0.7101430186709816 0.9069675016969436 0.03640115016215582 0.029706623845462944
30 0.7178327877457051 0.9146822568807398 0.038018197240056395 0.03296832488222208
28 0.98125 0.71171875 0.0375 0.0421875
28 0.9546875 0.6609375 0.046875 0.021875
28 0.7223839200509534 0.9229048599910176 0.04117047077900686 0.0348042269557407
29 0.98046875 0.70078125 0.0390625 0.0390625
15 0.7445901566582729 0.9506682750240267 0.05216251785690744 0.038886134213055444
32 0.9484375 0.6546875 0.05 0.009375
24 0.9640625 0.6703125 0.05 0.040625
24 0.7640625 0.99375 0.040625 0.0125
24 0.7321447037361735 0.9464496667299528 0.04117047077900686 0.0348042269557407
21 0.7590657138824433 0.9730606848732398 0.05054547077900686 0.035624433176296225
21 0.7575441241908687 0.9705802338364805 0.05054547077900686 0.035624433176296225