35 0.334375 0.24453125 0.66875 0.4890625
4 0.73125 0.18046875 0.125 0.2171875
8 0.8072531012273446 0.2580766224529355 0.20267794515850968 0.19795304595791857
0 0.9109375 0.33203125 0.178125 0.2046875
3 0.97578125 0.40234375 0.0484375 0.1734375
13 0.0828125 0.9421875 0.165625 0.115625
17 0.30234375 0.97109375 0.2671875 0.0578125
20 0.15347439698497917 0.8394396391103733 0.27391495849442926 0.27090848704319
22 0.365625 0.9125 0.2375 0.175
25 0.5232447630460555 0.875570212827613 0.2434941348570076 0.24098115514950216
23 0.2884399730382968 0.6553521406515328 0.2757325500096983 0.2741336165928393
31 0.5046875 0.6109375 0.253125 0.24375
19 0.3984375 0.5234375 0.2375 0.06875