3 0.225 0.28984375 0.45 0.5796875
0 0.9217432812876825 0.0686831558820841 0.12906441567207594 0.12769346878180682
3 0.8182157338620486 0.12510179227242046 0.1274109104104042 0.12607640507947587
5 0.7052298864505323 0.16637657829993718 0.13071792093374804 0.12931053248413757
8 0.5939885495623596 0.21083092802978473 0.12419490514873247 0.12440477767481432
9 0.50390625 0.26328125 0.1078125 0.1359375
2 0.3926675152203181 0.7427630074260302 0.041519642065139806 0.043551592558271325
1 0.35202710466873965 0.7678522874630971 0.04638915258848364 0.04684028366526398
5 0.41970045208025597 0.7249951540679855 0.04308214206513981 0.04360615626060227
0 0.37910554415951336 0.7508656841050525 0.04308214206513981 0.04360615626060227
2 0.3663248230987087 0.7589956426352402 0.04308214206513981 0.04360615626060227
5 0.725 0.78984375 0.55 0.4203125