13 0.175 0.234375 0.35 0.46875
27 0.675 0.234375 0.65 0.46875
3 0.175 0.734375 0.35 0.53125
1 0.86171875 0.47734375 0.0296875 0.0171875
1 0.75025033339873 0.5275133022572204 0.029079746239076342 0.03363085391920819
1 0.6916482232113157 0.5558034383088822 0.03068771034569906 0.03523881802583091
2 0.875 0.47421875 0.03125 0.0109375
8 0.7355657077719095 0.5334139612701359 0.03225021034569906 0.035284282132453625
3 0.7201907603583343 0.5424623523363626 0.035466138558944316 0.03850021034569906
3 0.6778130437444292 0.5640251152684863 0.03225021034569906 0.035284282132453625
9 0.7047703488381363 0.5499482434025895 0.03702863855894432 0.03854567445232178
9 0.6623699001709198 0.5707297563347131 0.03225021034569906 0.035284282132453625
5 0.6462137027573446 0.5798008794542513 0.030642246239076344 0.03367631802583091