28 0.36796875 0.046875 0.6640625 0.09375
10 0.85 0.08984375 0.3 0.1796875
28 0.340625 0.58515625 0.68125 0.6640625
24 0.9909769707757115 0.5112217627876194 0.014226141233702094 0.009456813231716588
24 0.7528496793798537 0.4766659973677214 0.015815914772652383 0.011028403590796288
24 0.8935995900953163 0.30395468433239653 0.02058523538950343 0.015743174668035032
10 0.8677167487788887 0.5220961511549091 0.015815914772652383 0.011028403590796288
10 0.8773332564895264 0.5806399041799712 0.015815914772652383 0.011028403590796288
10 0.7500422792176978 0.4501171329063408 0.015815914772652383 0.011028403590796109
23 0.996875 0.56640625 0.00625 0.0109375
23 0.8694701635515412 0.5330245607958297 0.014253414772652384 0.011019313231716588
23 0.7623707297041653 0.5297410003927835 0.014253414772652384 0.01101931323171641
13 0.862088311685102 0.4682171722321481 0.018940914772652383 0.011046584308955332
13 0.89624334902377 0.32112854879377706 0.020530688311602673 0.012618174668035031
29 0.996875 0.57734375 0.00625 0.0078125
29 0.8482246347375849 0.3901648951047851 0.014198867694751715 0.007894313231716587
29 0.7472894261334428 0.42669326844496014 0.015761367694751716 0.007903403590796287
29 0.764850847398917 0.537539864854164 0.015761367694751626 0.007903403590796287
17 0.8691019707757114 0.5119308107958297 0.018913641233702094 0.009484084308955332
14 0.9725388421239112 0.39491096155795546 0.015815914772652383 0.0110284035907962
14 0.9953125 0.55703125 0.009375 0.0109375
14 0.8564150101429744 0.4565302384889268 0.015815914772652383 0.011028403590796288
14 0.8956666505658977 0.3328518439733169 0.015815914772652383 0.011028403590796109
14 0.8055695304355138 0.4083836299794745 0.015815914772652383 0.011028403590796288
14 0.8132280718313718 0.44428022336361633 0.015788641233702095 0.009465903590796288
14 0.7458769305976697 0.43529610880403985 0.015815914772652383 0.011028403590796288
14 0.759068451700988 0.5196029311109427 0.015815914772652383 0.011028403590796288
27 0.7447411245913153 0.41498815398357963 0.012636367694751715 0.007885222872636887
21 0.9704990551922801 0.36757630191703505 0.018940914772652383 0.01104658430895542
18 0.9721979228870319 0.37537971155795546 0.017323867694751627 0.00791249394987581
18 0.8506774788933864 0.3964012595661656 0.018886367694751716 0.007921584308955421
18 0.863019566149329 0.47680637705260837 0.017323867694751714 0.00791249394987581
18 0.8052695215070601 0.3911961299794745 0.017323867694751714 0.00791249394987581
18 0.7479479452081662 0.4196574732654204 0.018886367694751716 0.007921584308955332
20 0.9731155405817837 0.3831876663784156 0.018913641233702094 0.00948408430895542
20 0.851581459818663 0.40342796438662576 0.018913641233702094 0.009484084308955332
20 0.8533348745913152 0.41435637402754627 0.018913641233702094 0.009484084308955332
20 0.8735536915547183 0.5431580848981306 0.020503414772652384 0.011055674668035032
20 0.8069547524323367 0.3982182896203949 0.018913641233702004 0.009484084308955509
12 0.990625 0.4984375 0.01875 0.015625
22 0.9921875 0.52578125 0.015625 0.0171875
22 0.99375 0.5421875 0.0125 0.015625
28 0.8974064285690748 0.3429990036142373 0.015788641233702095 0.00946590359079611
28 0.8713872195578954 0.55332797043675 0.015815914772652383 0.011028403590796288
29 0.8991189330333016 0.35158366325515766 0.017323867694751627 0.00791249394987581
28 0.8480473567344078 0.38000864510478505 0.018940914772652383 0.01104658430895542
34 0.8504007893639678 0.4253120547457055 0.018940914772652383 0.011046584308955332
34 0.8144320616851018 0.4684944281840764 0.015788641233702095 0.009465903590796288
22 0.8577593218313717 0.4440211481298471 0.01905000892845372 0.01729658430895533
10 0.8623883206135557 0.4854046722321481 0.014253414772652384 0.011019313231716588
29 0.8673621927725342 0.5017836511549092 0.018995461850553053 0.014171584308955331
25 0.8763474549473991 0.5689256993595111 0.020530688311602673 0.012618174668035031
30 0.8790593977232284 0.5900058138208918 0.014226141233702094 0.009456813231716588
21 0.8823207654179802 0.5978001331027325 0.018886367694751625 0.007921584308955332
21 0.8158718307598255 0.46145408782499686 0.017323867694751627 0.00791249394987581
21 0.8043791773512587 0.3849506751590144 0.018913641233702094 0.009484084308955332
27 0.8122559070587194 0.4333472685431561 0.018940914772652383 0.011046584308955332
21 0.8960933445595431 0.3125347987937771 0.015679547077900757 0.00321590359079611
25 0.8118292130650737 0.45366431372269583 0.017351141233702006 0.00947499394987581
0 0.8218860515388322 0.4926722715682182 0.018940914772652383 0.011046584308955332
32 0.8213093530809598 0.504395566747758 0.015897735389503433 0.015715903590796287
32 0.7445092995102374 0.4017069039835796 0.0175147824674041 0.01884999394987581
12 0.7526587646072013 0.46572849736772143 0.015815914772652383 0.011028403590796288
22 0.7562065044609316 0.4899290666495622 0.015897735389503433 0.015715903590796287
22 0.7588229898504351 0.5055404311109427 0.015897735389503433 0.015715903590796287