21 0.2546875 0.259375 0.509375 0.51875
33 0.7546875 0.259375 0.490625 0.51875
22 0.246875 0.559375 0.234375 0.08125
27 0.1 0.60234375 0.2 0.1671875
31 0.18125 0.7413028580792995 0.2390625 0.2634275730349428
35 0.0703125 0.828125 0.140625 0.33125
23 0.17890625 0.94296875 0.2484375 0.1140625
18 0.3046875 0.88359375 0.25625 0.2328125
30 0.32265625 0.6609375 0.2546875 0.284375
15 0.4203125 0.828125 0.178125 0.24375
24 0.4734375 0.69921875 0.071875 0.2609375
33 0.42109375 0.58515625 0.1765625 0.1328125
18 0.6290635359375 0.51875 0.509375 0.6147782671875001 0.509375 0.8619918640625001 0.797164296875 0.63109333125 0.8951826578125001 0.645156534375 0.9154080812500001 0.6289293125000001 0.8306942828124999 0.51875 0.6290635359375 0.51875