23 0.1796875 0.19453125 0.359375 0.3890625
24 0.6796875 0.19453125 0.640625 0.3890625
17 0.05389215894640849 0.6498913971150502 0.04368781551854841 0.0540196420651398
15 0.2871629631821859 0.8132236679499762 0.040517351411925875 0.052275131541796326
17 0.34765625 0.859375 0.0234375 0.053125
18 0.34375 0.85234375 0.03125 0.0453125
18 0.081804210279192 0.6710152391943076 0.03582985141192587 0.05200211575678075
18 0.29591583755536527 0.8191929468891713 0.030960494985435006 0.04547909997176518
17 0.1295430283050229 0.7034328970444632 0.04368781551854841 0.0540196420651398
13 0.02109375 0.6265625 0.0421875 0.05625
20 0.1789125424907879 0.7382853101562905 0.040471887305303156 0.050712631541796324
29 0.04263641020004969 0.6383168602833473 0.03886392319868044 0.04905912628012441
27 0.09350022822588064 0.6709165286568466 0.03234113855894431 0.03932010523343692
29 0.14532715267820234 0.7098116996611816 0.040517351411925875 0.052275131541796326
14 0.24951219899642094 0.7790537943006877 0.03716503087881229 0.044280621018452496
22 0.21925639766363733 0.7577934443289226 0.04511392319868044 0.049423147326811724
10 0.19858018481065595 0.7441103759271885 0.038772994985435 0.04593412628012441
14 0.11576167313217342 0.6854718523202523 0.03716503087881238 0.044280621018452496
32 0.26853498363615697 0.78952085744075 0.04350595909205772 0.047769642065139804
14 0.1675204014245611 0.7220232733245875 0.038772994985435 0.04593412628012441
23 0.3354784427282148 0.8386555784309675 0.03399456677218957 0.04253611049510884
14 0.01171875 0.6078125 0.0234375 0.04375
16 0.32477662344874253 0.8193140442301006 0.04846624373179385 0.05741765785015538
16 0.07804271278647446 0.648958228670964 0.05011967194503919 0.060633663111827295
15 0.15874714350700225 0.6349405022779001 0.03886392319868044 0.04905912628012441
18 0.107792397267926 0.5992158339044009 0.032568459092057724 0.04713260523343692
15 0.09903952289474657 0.5932465549652057 0.03886392319868044 0.04905912628012423
27 0.2534662616119755 0.7005115653473751 0.04529577962517113 0.0556731473268119
21 0.32192675659741055 0.7481747915992646 0.030960494985435006 0.04547909997176518
21 0.3139551322242312 0.7422510152909053 0.03091503087881229 0.04391659997176518
21 0.11728105753448266 0.603668115474432 0.03886392319868044 0.04905912628012441
21 0.19375864099971984 0.6588176180346808 0.032568459092057724 0.04713260523343692
29 0.34453125 0.76171875 0.0296875 0.0484375
29 0.18877562430667236 0.6483883522496653 0.03886392319868044 0.04905912628012423
27 0.1330197178010394 0.6084844180911505 0.03234113855894431 0.03932010523343692
28 0.22608540769276725 0.6708394758989537 0.03234113855894431 0.03932010523343692
30 0.21177285510634256 0.661426678543907 0.03716503087881229 0.044280621018452496
23 0.35234375 0.7671875 0.0140625 0.04375
10 0.33759722070403325 0.7506473442159831 0.04207985141192587 0.052366136803468064
28 0.17912783966693632 0.6384673206796341 0.03234113855894431 0.03932010523343692
24 0.1489402344940868 0.619550720707869 0.041943459092057725 0.047678636803468066
14 0.24120194233250328 0.6810790258848363 0.038772994985435 0.04593412628012441
14 0.0891871497752084 0.5762942733951746 0.038772994985435 0.04593412628012441
34 0.3118243308914477 0.7226287600292335 0.045386707838416564 0.058798147326811726
15 0.6796875 0.69453125 0.640625 0.6109375