31 0.20703125 0.21953125 0.4140625 0.4390625
3 0.825 0.3796875 0.175 0.11875
2 0.7819593004094056 0.267524739663563 0.15691639988706055 0.12398811542376223
1 0.7334069502964662 0.15071175109630836 0.17161593671876343 0.13541668874473983
9 0.68046875 0.0453125 0.1578125 0.090625
3 0.3851334481597403 0.9195931819516818 0.1863154735504665 0.14684526206571746
8 0.37434640855602713 0.7835291963796521 0.17152493145709152 0.13385418874473984
0 0.3611246136906421 0.6491095563611187 0.175013952503779 0.14021331614940155
0 0.35015556356358524 0.5161705707890889 0.15838789462538863 0.12248017912609299
5 0.5359375 0.93203125 0.09375 0.1359375
9 0.5390625 0.7953125 0.1 0.140625
4 0.53671875 0.6609375 0.0953125 0.125
8 0.5390625 0.53046875 0.1 0.1328125