23 0.35 0.259375 0.7 0.51875
1 0.99375 0.0953125 0.0125 0.028125
0 0.99140625 0.11953125 0.0171875 0.0328125
1 0.73125 0.009375 0.03125 0.01875
1 0.7300634415466968 0.024196404081768996 0.032451554595791875 0.01911362667090888
1 0.71640625 0.10234375 0.0328125 0.0203125
1 0.70859375 0.2296875 0.0171875 0.01875
1 0.7046875 0.2953125 0.009375 0.01875
2 0.7257659677648587 0.054592428747587185 0.032751943244739935 0.02380112667090888
2 0.7209876326319684 0.08966686274663269 0.032651813695090584 0.022238626670908878
0 0.7238425223606504 0.07330606608049628 0.032751943244739755 0.02380112667090888
8 0.7078125 0.24609375 0.015625 0.0234375
3 0.70703125 0.26328125 0.0140625 0.0234375
3 0.7046875 0.31171875 0.009375 0.0234375
9 0.70546875 0.28125 0.0109375 0.025
9 0.703125 0.32890625 0.00625 0.0234375
15 0.35 0.759375 0.7 0.48125
0 0.85 0.759375 0.3 0.48125