23 0.225 0.359375 0.45 0.71875
7 0.76328125 0.01796875 0.1859375 0.0359375
0 0.7578125 0.078125 0.203125 0.15625
9 0.7602193502541138 0.1996616485215672 0.20403359456891898 0.18220004922121244
8 0.7665009003811707 0.33366457548117134 0.2238756577089811 0.2014956185006847
1 0.7641887005082276 0.46741744985435074 0.21569913666229362 0.19501829796757128
7 0.7658737558969564 0.5997214844940868 0.2173526419239657 0.1966262620741938
1 0.771875 0.678125 0.215625 0.08125
9 0.0609375 0.7625 0.121875 0.0875
2 0.09140625 0.84140625 0.1828125 0.1609375
6 0.15546875 0.93984375 0.1859375 0.1203125
3 0.5203125 0.74375 0.140625 0.05
3 0.5734375 0.80078125 0.20625 0.1640625
3 0.6460834426157198 0.9050227499334931 0.1990730787839034 0.17737615690134448
0 0.7171875 0.9609375 0.2 0.078125