8 0.2 0.16484375 0.4 0.3296875
1 0.5129403303564585 0.04073106524648953 0.020567073138263937 0.011765170950527093
3 0.5155932048814933 0.05410781574078109 0.020712543502986146 0.01801517095052709
2 0.5186461229095141 0.0846720662350727 0.020712543502986146 0.01801517095052709
2 0.5225166585287155 0.11683065022746146 0.02071254350298606 0.01801517095052709
0 0.5205541150257293 0.09957948323126709 0.020712543502986146 0.01801517095052709
0 0.5252422682361113 0.13333240072175306 0.02071254350298606 0.01801517095052709
2 0.5953534400638544 0.06047983254669509 0.020712543502986146 0.01801517095052709
1 0.5972432483844794 0.07460599954288946 0.020603440729444422 0.013327670950527093
5 0.6267534829012504 0.3029365879839025 0.020712543502986236 0.01801517095052709
8 0.6296875 0.31953125 0.021875 0.0203125
5 0.840625 0.003125 0.021875 0.00625
34 0.2 0.66484375 0.4 0.6703125
24 0.4625 0.8234375 0.125 0.321875
27 0.61015625 0.88984375 0.2484375 0.2203125
26 0.91015625 0.81484375 0.1796875 0.3234375
22 0.90390625 0.47109375 0.1921875 0.2828125
34 0.5869798552420836 0.5868287683259698 0.23249041736243078 0.2639192144481868
29 0.61640625 0.4421875 0.2234375 0.225