20 0.234375 0.24453125 0.46875 0.4890625
20 0.9141046027534465 0.045258148032683465 0.039433840597175515 0.052093121018452496
22 0.953024991121049 0.06338652175255906 0.05091764381548423 0.060542657850155376
14 0.896753211787954 0.04391545591107384 0.03576253737886681 0.04409861049510884
24 0.81484375 0.0140625 0.0359375 0.028125
27 0.78203125 0.0046875 0.0296875 0.009375
22 0.99296875 0.09453125 0.0140625 0.0484375
14 0.98359375 0.084375 0.0328125 0.046875
30 0.8732775069604909 0.03351628220531566 0.03230975544788173 0.03922909997176518
10 0.9300409591900639 0.060018598046800875 0.03587179802252862 0.045661110495108834
30 0.79609375 0.0109375 0.0359375 0.021875
25 0.8511293553513365 0.030884105868721524 0.04110560124083733 0.05374662628012441
34 0.82734375 0.025 0.0421875 0.05
19 0.9859375 0.234375 0.028125 0.040625
21 0.9684036087055313 0.22722150859837953 0.020935212873234833 0.03234206314006229
3 0.9189991884069435 0.20499716907937077 0.029075494804219913 0.03748458944842135
30 0.9744186619238399 0.234715490182528 0.027185212873234655 0.032706084186749605
2 0.8349351808653749 0.33775573214884586 0.037543558666190434 0.047314615756780753
5 0.819654388290728 0.3323702821347284 0.039324579953513704 0.050530621018452494
21 0.7752106196012946 0.3137791768307043 0.029184755447881728 0.03904708944842135
27 0.9616722795083221 0.40018857173844163 0.030747255447881726 0.03913809471009344
18 0.768742098313971 0.3110181978773917 0.024387994804219916 0.03721157366340595
20 0.7606564467048168 0.3075669741857509 0.0274037341605581 0.03583108418674961
29 0.8967685453477638 0.36945378220531566 0.02562271287323483 0.03261507892507787
1 0.99296875 0.41796875 0.0140625 0.0484375
29 0.9414308353245208 0.3911698875093398 0.024169473516896467 0.03408657366340577
14 0.9044007288879035 0.3776380085277923 0.027185212873234655 0.032706084186749605
32 0.9286576837153664 0.38799167960271463 0.028856973516896468 0.034359589448421345
28 0.739016393486508 0.3009830452183209 0.02238845222957302 0.030870568401734032
28 0.8881747953477639 0.3699543111445108 0.022169930942249394 0.027745568401734033
14 0.9157206411407195 0.38246972169608934 0.02551345222957302 0.03105257892507769
14 0.748828436061155 0.30668701364828976 0.02551345222957302 0.031052578925077866
14 0.9489537582209987 0.39779161383181644 0.027294473516896466 0.03426858418674961
2 0.603116734335785 0.4328385319229671 0.030747255447881726 0.03913809471009344
1 0.7421875 0.48203125 0.03125 0.0140625
5 0.5909609417611381 0.42727107138550585 0.029075494804219913 0.0374845894484217
11 0.3625 0.675 0.2125 0.371875
26 0.21328125 0.82578125 0.4265625 0.3484375
22 0.734375 0.74453125 0.53125 0.5109375