26 0.21953125 0.1796875 0.4390625 0.359375
9 0.6078125 0.275 0.2125 0.16875
9 0.6110552662085386 0.152116710279192 0.18924305247554418 0.16929087226160835
9 0.62265625 0.05625 0.2046875 0.1125
9 0.1390625 0.93984375 0.16875 0.1203125
3 0.1104875768589392 0.8206992257185982 0.17372446828879456 0.14388169530200406
2 0.07884200568519492 0.6922188730530311 0.15728042093374803 0.12936455423577745
1 0.06953125 0.56328125 0.1390625 0.1390625
9 0.0546875 0.43046875 0.109375 0.1328125
28 0.5234375 0.7203125 0.16875 0.3
25 0.6296875 0.92109375 0.35625 0.1578125
13 0.6905299345820377 0.6747933438235714 0.3947173206796341 0.4030079573761981
23 0.65234375 0.46015625 0.3671875 0.2015625
20 0.8921875 0.6390625 0.215625 0.453125
33 0.9203125 0.396875 0.159375 0.075