2 0.3765625 0.27265625 0.753125 0.5328125
1 0.4916983749508238 0.8479018860118182 0.30367057526193675 0.2412897212288776
2 0.5736582051564392 0.7285913800213685 0.28815483590559854 0.24230658420556886
3 0.6328125 0.63125 0.253125 0.184375
4 0.67578125 0.5734375 0.1671875 0.06875
5 0.12265625 0.85234375 0.2453125 0.2484375
6 0.17759730614517483 0.7366890451828273 0.27801501139996637 0.23104170199158372
7 0.24765625 0.6359375 0.3015625 0.19375
8 0.340625 0.58125 0.3 0.084375
10 0.89140625 0.9171875 0.2171875 0.165625
32 0.7921875 0.81328125 0.065625 0.3453125