31 0.2 0.2421875 0.4 0.375
33 0.2 0.71484375 0.4 0.5703125
10 0.9680968351983663 0.9235124608744243 0.024456344499482086 0.022556961599340043
10 0.876971144956548 0.5181239303913234 0.027799668320799498 0.027335389812585476
10 0.7958045740307146 0.6359539395625234 0.027799668320799498 0.027335389812585653
10 0.7776068457423364 0.5241359011618637 0.030924668320799497 0.02742631802583091
10 0.790763971259065 0.4761614024155049 0.030924668320799497 0.02742631802583091
27 0.9224183081100611 0.9661917058598594 0.021040246071058633 0.01621603338609461
27 0.9815344046764576 0.752259586501245 0.019332196856846905 0.013045569279472247
27 0.8405456474377473 0.47939405100357907 0.02899829528527036 0.019568353919208283
27 0.6493833382987382 0.6472360835317442 0.02587329528527036 0.01947742570596276
17 0.8127224003332316 0.590990780549608 0.03412244292790536 0.029079746239076342
24 0.9875 0.85625 0.025 0.021875
24 0.9645973076957762 0.8143875134608491 0.02296661910658777 0.02407399749271768
24 0.8980754336267897 0.919308345672445 0.022966619106587947 0.02407399749271768
24 0.8563632384225727 0.592061535564173 0.02943494292790554 0.028943353919208194
24 0.8629963821362665 0.5669024111909936 0.029507717535011226 0.03050585391920819
24 0.903125 0.434375 0.028125 0.009375
24 0.8264617227068071 0.5305162818032493 0.031070217535011223 0.030551318025830908
24 0.7100040070338226 0.7695226090002801 0.03277826674922295 0.03372178213245362
24 0.7446958382987383 0.6444627730277606 0.027945217535011224 0.030460389812585476
24 0.7155391852794196 0.5836760372135256 0.031070217535011223 0.030551318025830908
11 0.9875 0.72265625 0.025 0.0234375
11 0.69812905335255 0.6559602141731297 0.03412244292790554 0.029079746239076342
16 0.9305604478948133 0.9253848494333689 0.03085189371369381 0.02586381802583091
16 0.9540215266785296 0.8404415481005852 0.029143844499482086 0.02269335391920819
23 0.9515857313932594 0.8592370122072079 0.024456344499482086 0.02255696159934022
23 0.8184907491759397 0.7351583176966265 0.02943494292790554 0.028943353919208194
23 0.7804299770500333 0.6980364024155049 0.030997442927905537 0.02898881802583091
23 0.729175692103845 0.709670235880742 0.030924668320799497 0.02742631802583091
23 0.76345014640429 0.5768206319615338 0.027945217535011224 0.030460389812585476
23 0.7982511395798645 0.44941704598901416 0.03099744292790536 0.02898881802583091
33 0.6391157723353035 0.6834236361181689 0.030924668320799497 0.02742631802583091
29 0.9551023755212379 0.984745477567472 0.02423802067816432 0.017869461599340043
29 0.9860506226257538 0.8730578198081975 0.02423802067816432 0.01786946159934022
29 0.9436983027333776 0.8945751186336987 0.024238020678164496 0.01786946159934022
29 0.9465514749831186 0.8835694224737647 0.024092471463952592 0.01474446159934022
29 0.99453125 0.6875 0.0109375 0.01875
29 0.8039701768023642 0.7956555484962966 0.035321069892376045 0.021312710345699058
29 0.8522193939230907 0.6140274637774182 0.03219606989237622 0.021221782132453626
29 0.8849484648489241 0.4976068419115213 0.030560795285270358 0.01961381802583091
29 0.8990323895798646 0.4464846111118512 0.035321069892376225 0.021312710345699058
29 0.7534907954946674 0.6231417024946472 0.03219606989237604 0.021221782132453626
29 0.7737348289931132 0.5570165973217976 0.03234161910658777 0.024346782132453625
29 0.6469839303170208 0.6652502976383668 0.03234161910658777 0.024346782132453625
14 0.964916177216649 0.9415494070343584 0.021258569892376223 0.020903533386094963
14 0.9261982795740138 0.9520382776466141 0.021258569892376046 0.020903533386094963
14 0.9376109685729779 0.908015493006878 0.024456344499482086 0.02255696159934022
14 0.976936795908952 0.7672169967678018 0.021258569892376046 0.020903533386094963
14 0.8734375 0.99609375 0.021875 0.0078125
14 0.887807867663355 0.9554958982588697 0.021258569892376046 0.02090353338609461
14 0.8244154174967392 0.7084594253767585 0.0293621683207995 0.027380853919208192
14 0.8366457437992562 0.6636326586837111 0.0293621683207995 0.027380853919208192
14 0.8874570347413003 0.4772488778048986 0.0293621683207995 0.027380853919208283
14 0.7883901803170208 0.6611357959890143 0.030924668320799497 0.02742631802583091
14 0.7583431153870434 0.6027155422280905 0.030924668320799497 0.02742631802583091
14 0.7008195597626908 0.631696000066507 0.0293621683207995 0.027380853919208192
14 0.7342934933849714 0.5160338961472988 0.030924668320799497 0.02742631802583091
14 0.6550169081911144 0.6267871912118761 0.030924668320799587 0.02742631802583091
14 0.6712819170824545 0.5623382463055833 0.029507717535011226 0.03050585391920819
22 0.7249163393321955 0.5498549666804122 0.031725188998963996 0.044613818025830906
22 0.6635036503332314 0.595332602732074 0.03477741439185813 0.043142246239076344
21 0.99453125 0.8203125 0.0109375 0.009375
21 0.970721029159729 0.8001658890876697 0.022311647642635178 0.010011497492717503
21 0.8761342369748306 0.5360926803913234 0.03034247146395259 0.01492631802583091
21 0.7890793850317506 0.6798403318823916 0.028634422249741043 0.011755853919208192
21 0.7886000037240537 0.5058716344688162 0.03175942224974086 0.011846782132453626
32 0.7207617245688338 0.7395623243605441 0.03165241439185813 0.04305131802583091
18 0.9546657278786027 0.9941204775674718 0.022311647642635178 0.01001149749271768
18 0.9953125 0.8140625 0.009375 0.009375
18 0.9493682599293066 0.8733449763138307 0.022311647642635178 0.010011497492717503
18 0.7783324377606189 0.542059187055241 0.03346747146395277 0.015017246239076344
28 0.958319420806508 0.9659272814075379 0.021113020678164496 0.017778533386094607
28 0.9727308312694248 0.9077738006078677 0.021040246071058633 0.016216033386094963
28 0.98984375 0.83203125 0.0203125 0.0203125
28 0.996875 0.6640625 0.00625 0.01875
28 0.8031098058337495 0.6131158331360327 0.03085189371369381 0.02586381802583091
34 0.9750210773404835 0.892103336501245 0.029143844499482086 0.02269335391920819
34 0.8136513536002191 0.5542947626029193 0.0356121683207995 0.02756271034569906
25 0.99296875 0.796875 0.0140625 0.021875
25 0.7349740818885975 0.6689315756141854 0.037247442927905536 0.029170674452321778
12 0.7074163161728316 0.6073181256933277 0.029289393713693813 0.02581835391920819
30 0.9159307136105792 0.9882258302330389 0.021258569892376223 0.020903533386094963
30 0.99140625 0.70234375 0.0171875 0.0203125
30 0.90285497891206 0.9004446854058884 0.021258569892376046 0.020903533386094963
30 0.7714166960327866 0.7240449729486184 0.027799668320799498 0.027335389812585476
30 0.8316051410276065 0.5038401215366926 0.030997442927905537 0.02898881802583091
13 0.9736833633201287 0.7868164429277357 0.026018844499482087 0.02260242570596276
13 0.8109375 0.434375 0.0375 0.009375
31 0.8301217619962212 0.6864480330568904 0.0293621683207995 0.027380853919208192
27 0.8439145882987382 0.6415758022572204 0.026018844499482087 0.02260242570596276
28 0.8091135951231637 0.76897938822974 0.0293621683207995 0.027380853919208192
22 0.8812474985567672 0.9790925226320493 0.02503854135632899 0.03505696159934004
34 0.8963845010379664 0.9388623277257565 0.02772689371369381 0.025772889812585475
18 0.8001174307313056 0.811371476709542 0.03219606989237604 0.021221782132453626
14 0.6356440159251627 0.7077105822781029 0.03412244292790536 0.029079746239076342
34 0.6862369830458892 0.5260143013992906 0.034267992142117086 0.03220474623907634
24 0.6930884505809005 0.49616767702611114 0.03924659057054054 0.03859113855894432
30 0.7023928300265705 0.46390910649299777 0.03910104135632899 0.035466138558944316
28 0.5507017816409284 0.7725974478757938 0.027581344499481998 0.022647889812585476
10 0.5564081261404104 0.7505860555559256 0.029362168320799586 0.027380853919208192
27 0.5639316817647628 0.7230604491294349 0.027581344499481998 0.022647889812585476
10 0.5713824627820095 0.6970973427029442 0.0293621683207995 0.027380853919208192
17 0.5780883811028091 0.6703757183297648 0.029362168320799586 0.027380853919208192
27 0.5892463589769026 0.6318216836900288 0.027581344499481998 0.022647889812585476
24 0.5959522772977023 0.6051000593168493 0.030924668320799587 0.02742631802583091
11 0.6035486075291605 0.5760119528903586 0.030851893713693724 0.02586381802583091
11 0.6108902266357484 0.5523925964638678 0.027581344499481998 0.022647889812585476
24 0.6213761164205007 0.5115175438774432 0.03099744292790545 0.02898881802583091
17 0.633460893508806 0.4698157771843957 0.029362168320799586 0.027380853919208283
10 0.63984375 0.44296875 0.0296875 0.0265625
14 0.43728994499932927 0.8289503994460039 0.021040246071058543 0.016216033386094963
33 0.441069916463282 0.8147969712327587 0.021040246071058588 0.016216033386094963
29 0.4439594760165759 0.8030100250728246 0.021113020678164406 0.017778533386094964
27 0.4484115355698698 0.791177614806268 0.021040246071058543 0.016216033386094963
14 0.4505562324267167 0.7786321506996453 0.021113020678164406 0.017778533386094964
22 0.45519022849777524 0.7628934904330886 0.02296661910658786 0.024073997492717502
14 0.46060547456883383 0.7471320981132206 0.021113020678164496 0.017778533386094964
34 0.46345864681857485 0.7361264019532865 0.021113020678164496 0.017778533386094964
24 0.46645736828252754 0.7219957057933525 0.021258569892376133 0.020903533386094787
30 0.4718726143535861 0.7062343134734844 0.021258569892376133 0.020903533386094963