16 0.284375 0.26484375 0.56875 0.5296875
21 0.928125 0.10703125 0.14375 0.2140625
27 0.784375 0.175 0.43125 0.35
22 0.759375 0.26484375 0.38125 0.5296875
0 0.11491819418703546 0.5927508235026143 0.03691964664195542 0.029170674452321597
2 0.1090129345683886 0.5804099478757937 0.03691964664195542 0.029170674452321688
2 0.08125 0.5390625 0.0375 0.01875
1 0.12316720380568232 0.6050235029695009 0.03691964664195542 0.029170674452321597
1 0.0734375 0.534375 0.0375 0.009375
7 0.13055311787083287 0.6149751644896988 0.03691964664195542 0.029170674452321597
2 0.0234375 0.74453125 0.046875 0.0390625
6 0.01484375 0.71484375 0.0296875 0.0359375
9 0.01953125 0.73046875 0.0390625 0.0390625
14 0.81015625 0.74375 0.3796875 0.428125
12 0.71796875 0.771875 0.2984375 0.45625
10 0.69375 0.9328125 0.25 0.134375