27 0.26484375 0.3 0.5296875 0.6
21 0.58046875 0.3875 0.1015625 0.425
27 0.67265625 0.459375 0.2859375 0.28125
22 0.76875 0.45390625 0.4625 0.2921875
20 0.70625 0.64453125 0.215625 0.0890625
22 0.796875 0.70078125 0.2375 0.2015625
27 0.915625 0.75625 0.16875 0.246875
31 0.840625 0.90625 0.240625 0.1875
30 0.710858875956025 0.858625891000317 0.2623254699126104 0.27584760628614957
15 0.61328125 0.95625 0.1671875 0.0875
24 0.56640625 0.89140625 0.0734375 0.2171875
33 0.62265625 0.73984375 0.1859375 0.2296875