31 0.325 0.21953125 0.65 0.4390625
10 0.825 0.21953125 0.35 0.4390625
19 0.33125 0.71953125 0.6375 0.5609375
24 0.66640625 0.8734375 0.0328125 0.0375
23 0.9262930151070531 0.9729985308951719 0.03345285009228505 0.03674298340326061
10 0.8320330729420474 0.9353936323497087 0.03521560919158375 0.03998638257342364
21 0.7318735842008144 0.9037310804848978 0.0226154796419344 0.0374766892121194
21 0.7399864728497624 0.9078265846340827 0.0210529796419344 0.037358290041956364
14 0.7565429171742364 0.908927143347371 0.03521560919158375 0.03998638257342364
14 0.8844664605112612 0.9573269093194107 0.03521560919158375 0.03998638257342364
14 0.7000509762458484 0.4806487779953869 0.02191457279438911 0.026539189212119396
27 0.683296381856776 0.8807205555897888 0.02720285009228505 0.03626938672260849
27 0.7733997501476584 0.9147152020606594 0.02720285009228505 0.03626938672260849
27 0.849871415014768 0.9442474914779156 0.02720285009228505 0.03626938672260849
22 0.8063822308693268 0.9271317690723173 0.04489099784053163 0.04538427759440182
15 0.65703125 0.8734375 0.0140625 0.04375
18 0.7222983251015158 0.901316475505876 0.027603368290882457 0.042519386722608486
18 0.9082742003322284 0.9735788713520467 0.025840609191583753 0.039275987552445456
18 0.6768940784976017 0.4745530659627509 0.015664572794389285 0.026065592531467275
29 0.9005921082595079 0.9639554176177804 0.0288654796419344 0.03795028589277152
16 0.9484684037560012 0.9760284425128898 0.038741127390181165 0.046473180913749704
28 0.7153453092192703 0.4865552358788383 0.02191457279438911 0.026539189212119396
20 0.7094478716777431 0.8967949188671802 0.038741127390180985 0.046473180913749704
20 0.8630222570874885 0.9534565481166115 0.04040375693983034 0.04815408008391273
20 0.6866695966961991 0.48009267094177266 0.023677331893687814 0.029782588382282427
3 0.65390625 0.5859375 0.0078125 0.03125
3 0.65390625 0.4609375 0.0078125 0.03125
9 0.66015625 0.59140625 0.0203125 0.0296875
5 0.6769918129198981 0.5985825618135661 0.023677331893687637 0.029782588382282427
21 0.6672687546234786 0.47135721098372896 0.023677331893687637 0.02978258838228225