18 0.092135525 0 0 0.0944096265625 0 0.368529290625 0.028995162499999998 0.396887446875 0.0588936578125 0.4018426328125 0.2532011078125 0.1790115015625 0.43336330468749995 0 0.092135525 0
18 0.99140625 0.25703125 0.0171875 0.0265625
18 0.9592367149494795 0.22193753200785976 0.027144381458888846 0.02685743094224957
18 0.842337542837396 0.10803855899516646 0.027144381458888846 0.02685743094224948
18 0.8047290932742364 0.13962169476487896 0.02554551386770836 0.02518567029858776
18 0.9921875 0.53671875 0.015625 0.0234375
27 0.8969172464846183 0.16682369711066744 0.023983013867708357 0.025076409654926034
10 0.8841081219595835 0.15441653225996133 0.025581881458888844 0.02674817029858776
10 0.7496032225489238 0.02375067632754708 0.02874324905006951 0.028529191585911252
10 0.7719704914506252 0.11061153795994452 0.027180749050069508 0.028419930942249483
10 0.7007663322563196 0.04359863660289174 0.030342116641249993 0.030200952229572975
10 0.66796875 0.0125 0.0265625 0.025
23 0.9858180519554518 0.25450973138744115 0.025581881458888844 0.02674817029858776
23 0.9497707959715281 0.2186868458698302 0.02554551386770836 0.02518567029858776
23 0.8320721900638544 0.10406125317896771 0.023983013867708357 0.025076409654926034
23 0.7735862364166322 0.04554926667262105 0.025581881458888844 0.02674817029858776
23 0.7407730832062501 0.01419535986768663 0.025581881458888844 0.02674817029858776
23 0.7952449905006946 0.13558975862684938 0.023983013867708357 0.025076409654925948
23 0.7624136534947225 0.10345460182191495 0.025581881458888844 0.02674817029858776
23 0.7520028303564585 0.09322729600571619 0.023983013867708357 0.025076409654926034
23 0.99765625 0.453125 0.0046875 0.021875
13 0.7328125 0.0078125 0.03125 0.015625
13 0.7670271118915973 0.032705059247267985 0.03194098423243066 0.0318727128732347
13 0.7190078391901737 0.05406088920078178 0.03194098423243048 0.0318727128732347
17 0.99375 0.54296875 0.0125 0.0265625
24 0.9057292020317016 0.17559776357052792 0.025581881458888844 0.02674817029858776
24 0.7839970595548961 0.05577657248881977 0.028779616641250172 0.030091691585911205
24 0.7415920072181945 0.0829999901895175 0.025581881458888844 0.02674817029858776
24 0.990625 0.4390625 0.01875 0.025
24 0.9483933999793408 0.39485050812264627 0.02238414627652787 0.023404649011264312
30 0.8656847770698267 0.13614177966207128 0.02554551386770836 0.02518567029858776
24 0.9772639355985422 0.42491506653673505 0.02238414627652787 0.023404649011264312
28 0.963379354292153 0.23182063039870546 0.023983013867708357 0.025076409654926034
28 0.8096334924005557 0.08137215219023201 0.02554551386770836 0.02518567029858776
28 0.693498692913646 0.03393405949936954 0.023983013867708357 0.025076409654926034
28 0.65078125 0.003125 0.0234375 0.00625
28 0.9403990620234379 0.387584311340955 0.02238414627652787 0.023404649011264312
28 0.9869136521635422 0.5369233936402573 0.023983013867708357 0.025076409654926125
16 0.9739356477951393 0.24829793621490417 0.030342116641249993 0.03020095222957302
16 0.9362895242200351 0.21102181134095493 0.031977351823611146 0.03343521287323474
16 0.8193903521079516 0.0971228383282616 0.030342116641250173 0.030200952229572975
16 0.7810188363403822 0.12954185441980498 0.030342116641249993 0.03020095222957302
11 0.6813980832062502 0.018347264326832556 0.03194098423243048 0.0318727128732347
21 0.9351809658994099 0.1970139416627858 0.027144381458888846 0.02685743094224948
21 0.810306946047778 0.14392678251206287 0.023946646276527872 0.023513909654926037
21 0.665625 0.00703125 0.025 0.0140625
21 0.66015625 0.0046875 0.0234375 0.009375
21 0.9890625 0.43046875 0.021875 0.0203125
21 0.9867298545764935 0.42816575267476464 0.019186411094166723 0.020061127723940864
14 0.99296875 0.26875 0.0140625 0.028125
14 0.9257332307170489 0.19454450552475624 0.025581881458888844 0.02674817029858776
14 0.8000584706490628 0.07343396605220243 0.025581881458888844 0.02674817029858776
14 0.8232797247331252 0.163365197362769 0.023983013867708357 0.025076409654926034
14 0.8136501515948613 0.15308326122473942 0.027180749050069508 0.028419930942249573
14 0.7247675299196181 0.0661784769479657 0.025545513867708182 0.02518567029858776
34 0.7289647206490627 0.07840532533881137 0.027180749050069508 0.028419930942249483
29 0.9339854078631256 0.3809901039156019 0.023983013867708357 0.025076409654926125
12 0.8552739539315628 0.12591447384587257 0.023983013867708357 0.025076409654926034
12 0.792009581306389 0.06382401927051111 0.027180749050069508 0.028419930942249483
15 0.9167212534184724 0.17717668906489575 0.03513871941479181 0.03521623416055819
15 0.8758773946610072 0.13699408547827002 0.03513871941479163 0.0352162341605581
15 0.8335087099154863 0.16578000317896774 0.030342116641249993 0.03020095222957302
15 0.9953125 0.4421875 0.009375 0.021875
20 0.8503136969977085 0.1145235057768578 0.030342116641250173 0.03020095222957302
32 0.9676525462558686 0.41541438039870543 0.027180749050069508 0.028419930942249393
28 0.99296875 0.33359375 0.0140625 0.0359375
24 0.98828125 0.3234375 0.0234375 0.034375
30 0.9809500204203129 0.3143217739620881 0.03357621941479181 0.03510697351689647
23 0.9704846458952782 0.3017507181458894 0.031977351823611146 0.03343521287323474
13 0.9584749551658337 0.2900701729733524 0.03357621941479181 0.03510697351689647
29 0.9425044630496184 0.2763190294099697 0.031977351823611146 0.03343521287323466
17 0.9328567061157642 0.2652558432719402 0.03357621941479181 0.03510697351689647
18 0.9248441843642711 0.25720839649024885 0.023946646276527872 0.023513909654926037
27 0.9176310964083683 0.24988756938672668 0.030342116641249993 0.03020095222957302
28 0.908819140861285 0.2411135029268662 0.03194098423243066 0.031872712873234656
29 0.8984083177230211 0.23088619711066743 0.03357621941479181 0.03510697351689647
34 0.8872526121759379 0.2222760216162996 0.03357621941479181 0.03510697351689647
25 0.9571508041396533 0.4012808245825067 0.027144381458888846 0.026857430942249395
26 0.2796875 0.7796875 0.559375 0.440625
23 0.784375 0.7796875 0.43125 0.440625