17 0.6296875 0.1256509765625 0.5784590546875 0.0113182828125 0.5668609015625 0.0247699203125 0.5913490968749999 0.083406628125 0.5754823796874999 0.10724887812499999 0.197404796875 0.273751725 0.0446909765625 0.32031303125 0 0.262949953125 0 0.3207164078125 0.09560519687499999 0.5658964234375 0.11759396250000001 0.5567133515625 0.10043535625 0.49501561875 0.1132410484375 0.46384378125000003 0.337397271875 0.3616224421875 0.4488016828125 0.6077674281250001 0.3356339390625 0.659375 0.6296875 0.659375 0.6296875 0.549440771875 0.5282196171875 0.5918163640625 0.49277921406249997 0.589401284375 0.473205528125 0.5631439546875 0.391765415625 0.3475248609375 0.40336356875 0.3340732234375 0.6293732750000001 0.256901675 0.6296875 0.2569812046875 0.6296875 0.1256509765625
1 0.9484375 0.53359375 0.103125 0.1109375
2 0.9188588630812303 0.4722502510629452 0.14265702669174588 0.13216519566510634
3 0.8715965439175892 0.40302540718472474 0.14265702669174568 0.1321651956651065
4 0.8218949742596564 0.33604881281221266 0.14909802768032882 0.13710736364988402
5 0.778666239088404 0.26385813642447803 0.14252969269935695 0.12904019566510633
6 0.7297777529285685 0.19613212555006312 0.15059686068413444 0.13560853064607842
7 0.69140625 0.12734375 0.1234375 0.1328125
8 0.66875 0.06171875 0.078125 0.1234375
18 0.03822699251126407 0.8443534723568522 0.022384335969555202 0.013391337946721649
18 0.17512215604741738 0.8647999180219585 0.02876166996194396 0.01677100593149916
18 0.1680418265036529 0.8465128330409867 0.025573002965749582 0.015081171939110405
18 0.11656685121823225 0.7270333211779885 0.028825336958138336 0.018333505931499162
18 0.09741494460216119 0.6785175667293644 0.028825336958138336 0.018333505931499162
18 0.3789329055531258 0.8754522110253266 0.02244800296574958 0.014953837946721648
18 0.35968549844276315 0.8292802065767024 0.025573002965749582 0.01508117193911005
18 0.4454028225493202 0.8765955583635883 0.020821835969555023 0.013327670950527093
18 0.5294196782905388 0.7735925751695023 0.02401050296574958 0.015017504942915849
27 0.0897974682909763 0.9614892342198502 0.016070668973360826 0.011574169961944136
27 0.284375 0.996875 0.021875 0.00625
27 0.30082249300555564 0.8527057777175099 0.016070668973360826 0.011574169961944136
27 0.5304874297734136 0.7665931586675996 0.02088550296574958 0.014890170950527092
10 0.06171875 0.99375 0.0265625 0.0125
10 0.048327551294781924 0.9613645588206989 0.02908000494291585 0.02458350593149916
10 0.07962397224530901 0.9422935652464893 0.022575336958138337 0.01807883794672165
10 0.18267998806263983 0.8713682530029306 0.02582767095052709 0.02133117193911005
10 0.15397666791041548 0.8075949130790427 0.02745383794672147 0.022957338935304605
10 0.30444224152268096 0.8598961952079959 0.021012836958138336 0.01801517095052709
10 0.5268676812562884 0.7594027411771135 0.022575336958138337 0.018078837946721472
10 0.5148597711801761 0.7276115717094612 0.024265170950527094 0.02126750494291585
10 0.5559476861992042 0.7371112471086125 0.01938666996194378 0.016389003954332716
23 0.05824637935567165 0.9868102277940597 0.025891337946721472 0.02289367193911005
23 0.17553599152268093 0.8546436680219586 0.02582767095052709 0.02133117193911005
23 0.11704435368969017 0.7153145711779885 0.02582767095052709 0.021331171939110403
23 0.09695202958313312 0.670673233231267 0.022639003954332715 0.019641337946721647
23 0.3258105641463632 0.9116324501509119 0.019386669961943957 0.016389003954332536
23 0.28235633589519304 0.8065656067669827 0.019386669961943957 0.016389003954332716
23 0.44653424102838934 0.8680336418616855 0.021012836958138336 0.01801517095052709
23 0.5225940167315519 0.7490554901885303 0.022575336958138337 0.018078837946721472
23 0.5654035992410659 0.7547125825838761 0.019450336958138338 0.017951503954332714
13 0.049285214830935196 0.9762719758168933 0.03057883794672147 0.02308467292769336
13 0.515912935210621 0.7401752387056556 0.029016337946721472 0.023021005931498983
13 0.61796875 0.734375 0.0234375 0.021875
17 0.09765625 0.99140625 0.0265625 0.0171875
17 0.3047778225493202 0.8708655287060931 0.027326503954332716 0.01983233893530496
17 0.3625558304579856 0.8356575405690911 0.02732650395433254 0.019832338935304606
24 0.09678229734044921 0.9821200692008223 0.019386669961943957 0.016389003954332536
24 0.07114031019203049 0.920036563269323 0.022575336958138337 0.01807883794672165
24 0.04608857205502863 0.8626723908359214 0.019450336958138338 0.017951503954332537
24 0.2375 0.9984375 0.025 0.003125
24 0.2181453027776567 0.9612411779077903 0.02582767095052709 0.02133117193911005
24 0.20108247817680808 0.9190709239534577 0.02582767095052709 0.02133117193911005
24 0.14562033984952577 0.7822129111018764 0.029016337946721472 0.02302100593149916
24 0.34721072026814265 0.9625874550938278 0.022575336958138337 0.01807883794672165
24 0.27518050585713694 0.7906222717860109 0.022639003954332538 0.01964133794672147
24 0.25165943422203785 0.7341030163488035 0.021012836958138336 0.01801517095052709
24 0.398434980648266 0.9153742154739511 0.022575336958138337 0.01807883794672165
24 0.6234375 0.74296875 0.0125 0.0171875
24 0.6049873640698135 0.6858962569944442 0.022575336958138337 0.018078837946721472
24 0.5921875 0.6625 0.025 0.00625
30 0.09250863281571275 0.9717728182122389 0.019386669961943957 0.016389003954332536
30 0.23359375 0.99296875 0.0265625 0.0140625
30 0.1390347588228865 0.7709889096190017 0.022575336958138337 0.018078837946721472
24 0.2673825933095668 0.7707408533069418 0.022575336958138337 0.018078837946721472
30 0.4593234011045014 0.899856644827435 0.019450336958138338 0.017951503954332537
30 0.5682420977581911 0.7618711665762649 0.021012836958138336 0.01801517095052709
28 0.0845833862757539 0.9550163997331698 0.019386669961943957 0.016389003954332536
28 0.2260068823214212 0.9795600963868594 0.025764003954332714 0.019768671939110048
28 0.10409602612309206 0.687397818212239 0.025764003954332714 0.01976867193911023
28 0.24738576969730142 0.7237557653602202 0.02094916996194396 0.016452670950527094
28 0.3600356669218323 0.8206864565767024 0.02251166996194396 0.016516337946721648
28 0.45508157007786226 0.888728143838852 0.01938666996194378 0.016389003954332536
28 0.6157192756288005 0.7105925094659022 0.022575336958138337 0.01807883794672165
28 0.59609375 0.66796875 0.0234375 0.0171875
16 0.08010147471676694 0.9305748152464896 0.027390170950527093 0.021394838935304604
16 0.16505874794847158 0.8236974155505006 0.03057883794672147 0.02308467292769336
16 0.11442868965924528 0.7026872371855998 0.03057883794672147 0.02308467292769336
16 0.09453125 0.66328125 0.0296875 0.0078125
16 0.6108553620926471 0.6955259249792218 0.029016337946721295 0.023021005931498983
31 0.06465022965968284 0.9064688117864484 0.019450336958138338 0.017951503954332537
18 0.061748064146363205 0.9008727277940597 0.022384335969555115 0.013391337946721649
10 0.05894139912733518 0.8929328938016707 0.021012836958138336 0.01801517095052709
22 0.05345540308166785 0.8739282258168932 0.02432883794672147 0.02283000494291585
22 0.19465606464065477 0.903940672470583 0.02758117193911023 0.026082338935304605
22 0.34228313973579494 0.9490833706071473 0.02432883794672147 0.02283000494291585
22 0.33432605969773893 0.9331082021280782 0.02432883794672147 0.02283000494291585
11 0.03865807403219494 0.8529790558549493 0.027390170950527093 0.021394838935304604
11 0.1450473368837762 0.7962754111018764 0.033767504942915846 0.024774506920082116
11 0.12364718076199673 0.7453204061589606 0.0354573389353046 0.027963173916276673
11 0.6234375 0.75390625 0.0125 0.0203125
21 0.0344799100017501 0.8402880548663662 0.02401050296574958 0.015017504942915849
21 0.18067181908927904 0.882242086006736 0.02876166996194396 0.01677100593149916
21 0.2691533403438173 0.7848988538012334 0.022384335969555202 0.013391337946721649
21 0.26700059133240045 0.7801158533069417 0.020758168973360823 0.011765170950527093
21 0.3811174880626398 0.8794539615196182 0.022384335969555025 0.013391337946721649
21 0.38894723410830706 0.8985541299986874 0.022384335969555025 0.013391337946721649
14 0.03404882848081923 0.8316624713682689 0.022575336958138337 0.01807883794672165
14 0.12487409973535746 0.7344147396570577 0.029016337946721472 0.02302100593149916
14 0.3625 0.99375 0.021875 0.0125
14 0.32933481216919686 0.9211666176413977 0.022575336958138337 0.01807883794672165
14 0.2972664114846248 0.843952860227024 0.022575336958138337 0.01807883794672165
14 0.40430297867109966 0.9250038834587286 0.022575336958138337 0.01807883794672165
14 0.38926556908927906 0.8907416299986874 0.019386669961943957 0.016389003954332536
14 0.37504124300555564 0.8557299600367434 0.021012836958138336 0.01801517095052709
34 0.6203125 0.721875 0.01875 0.01875
29 0.22092013429858753 0.969962261900179 0.025764003954332714 0.019768671939110048
29 0.13397984429815005 0.7606098251323212 0.025700336958138337 0.018206171939110404
29 0.24376602118017612 0.7165653478697342 0.02251166996194378 0.01651633794672147
29 0.36848749547701354 0.8437247085538688 0.02088550296574958 0.014890170950527092
29 0.4498993215607371 0.8814740593521716 0.02088550296574958 0.014890170950527092
29 0.5444981916364117 0.7108206611390575 0.02251166996194396 0.01651633794672147
29 0.6005226985564939 0.6802365060058612 0.020821835969555023 0.013327670950527093
25 0.2171558057434062 0.947115010911596 0.03057883794672147 0.02308467292769336
25 0.1913546511045015 0.8889377549800969 0.03057883794672147 0.02308467292769336
25 0.4110158936901277 0.9331028849416032 0.027390170950527093 0.02139483893530496
25 0.39731814962162676 0.9043730484777566 0.024137836958138335 0.01814250494291585
13 0.5579094342220379 0.7465817476029042 0.022575336958138337 0.018078837946721472
12 0.20529247570535017 0.9309806749420408 0.025764003954332714 0.019768671939110406
29 0.3206283156292379 0.9043783656642315 0.02251166996194378 0.016516337946721648
23 0.16686132848081922 0.8370741660447922 0.022639003954332715 0.019641337946721647
15 0.2747985038799706 0.7999972717860109 0.02401050296574958 0.015017504942915849
20 0.3760944070360005 0.8682936270329378 0.027390170950527093 0.02139483893530496
32 0.26242317927912195 0.7580180188202614 0.024328837946721648 0.02283000494291585
10 0.549712273651634 0.7172934956257377 0.01938666996194378 0.016389003954332716
34 0.5578921881763705 0.7277999141048069 0.022575336958138337 0.018078837946721472
12 0.27144671631380995 0.9782814392764969 0.033767504942915846 0.024774506920082474
10 0.26498846927955955 0.9639324377936221 0.03383117193911041 0.026337006920082118
30 0.26006088874721184 0.9504283533069418 0.03383117193911023 0.026337006920082118
28 0.25428839121866975 0.9384549353221642 0.033767504942915846 0.024774506920082116
14 0.2500465601920305 0.9273264343335811 0.03207767095052709 0.021585839923887563
13 0.24218498064826602 0.9090075158545119 0.03064250494291585 0.02464717292769336
10 0.23647615011591833 0.8954715978697344 0.03383117193911023 0.02633700692008247
22 0.230049736579765 0.8803413463868595 0.03233233893530461 0.02783583992388756
23 0.22450007353790333 0.8628991784020819 0.03064250494291585 0.02464717292769336
13 0.21513966099033324 0.8429540929268186 0.03383117193911023 0.02633700692008247
24 0.2103075809522772 0.8271062584401381 0.03389483893530461 0.027899506920082473
34 0.20013408490660992 0.8079105894667773 0.03383117193911023 0.026337006920082118
24 0.19442525437426222 0.7943746714819998 0.03389483893530461 0.02789950692008212
30 0.1887164238419145 0.7808387534972221 0.03383117193911023 0.026337006920082118
28 0.18088667779624723 0.761738585018153 0.03383117193911023 0.026337006920082118
24 0.17514601376580236 0.7489839170333754 0.03389483893530461 0.02789950692008212
30 0.17106335022964908 0.7339491660447923 0.03383117193911023 0.026337006920082118
23 0.1630426031953986 0.7195364975657231 0.03064250494291585 0.02464717292769336
13 0.15736560616114809 0.7052193295809456 0.03389483893530461 0.02789950692008212
29 0.1503807771116752 0.6845884945999735 0.032268671939110226 0.026273339923887917
17 0.1430457795831331 0.6725514096190016 0.03383117193911023 0.026337006920082118
18 0.13828125 0.6640625 0.0265625 0.009375
27 0.134375 0.66171875 0.03125 0.0046875
12 0.3498900512947819 0.9736522890862165 0.02908000494291585 0.02458350593149916
28 0.31064582057215384 0.8804951966908707 0.028952670950527094 0.021458505931499162
30 0.2834094999256379 0.8191292737631773 0.029016337946721472 0.02302100593149916
25 0.2536211822448715 0.743573516843095 0.027390170950527093 0.021394838935304604
10 0.46115781513494636 0.9124521453217266 0.029016337946721472 0.02302100593149916
22 0.5336933428152753 0.7839398261580854 0.03064250494291585 0.02464717292769336
28 0.5693907622829275 0.7720910835724593 0.022575336958138337 0.018078837946721472
0 0.5401608601154808 0.7020359101504743 0.022575336958138337 0.018078837946721472
25 0.525 0.66875 0.025 0.01875
22 0.51953125 0.66328125 0.0265625 0.0078125