12 0.253305153125 0 0.1989865703125 0.08610705156250001 0.1545985953125 0.24826972656250001 0.15701253906249998 0.35505196250000004 0.22379601718750003 0.536617875 0.2806872625 0.5796875 0.3931967390625 0.5796875 0.4422498703125 0.49581106249999995 0.318874971875 0.3986880625 0.28239882656250004 0.263885890625 0.2951385453125 0.1804855234375 0.3592397046875 0.05855499374999999 0.42044637500000004 0 0.253305153125 0
33 0.7546875 0.28984375 0.490625 0.5796875
22 0.2546875 0.78984375 0.509375 0.4203125
10 0.5390672119271397 0.8075897760260105 0.05345226400381797 0.03121917889684287
10 0.559297348583731 0.8830370970585806 0.05187158267027261 0.02956567363517095
10 0.7037296959341394 0.7655828285015547 0.05345226400381797 0.03121917889684287
10 0.7269757445894581 0.8505871600574684 0.05187158267027261 0.02956567363517095
10 0.7633330572883656 0.6150437731834131 0.04872840133672707 0.027821163111827297
10 0.98984375 0.875 0.0203125 0.028125
29 0.5265625 0.76484375 0.034375 0.0265625
29 0.578125 0.98984375 0.05 0.0203125
29 0.6930558252705483 0.7422895416698518 0.0549602200031817 0.026622684158514785
29 0.6996689045990031 0.7786365653473751 0.0549238573360908 0.023497684158514786
29 0.7363774692473222 0.9160224442583355 0.050272720003181705 0.026349668373499214
29 0.74296875 0.58359375 0.0546875 0.0078125
29 0.9562648972788207 0.6966409256307224 0.0549238573360908 0.023497684158514786
29 0.9704177566040938 0.756880475616605 0.0549238573360908 0.023497684158514786
17 0.6905666246021849 0.754653033777344 0.05970226400381797 0.03158319994353036
14 0.5296875 0.77421875 0.040625 0.0296875
14 0.5508490492520947 0.8700365681193855 0.05345226400381797 0.03121917889684287
14 0.5665825899109131 0.9288046233669398 0.0455852200031817 0.02607665258848364
14 0.7202263052594124 0.8259588863799451 0.0455852200031817 0.02607665258848364
14 0.737458711250822 0.8902866968891713 0.05187158267027261 0.02956567363517095
14 0.75078125 0.5875 0.0453125 0.015625
14 0.7955450259389119 0.735750386309358 0.0455852200031817 0.02607665258848364
14 0.8209257392584579 0.8388599757577794 0.0455852200031817 0.02607665258848364
14 0.8336615492520947 0.88650852048199 0.0455852200031817 0.02607665258848364
10 0.97890625 0.78203125 0.0421875 0.0265625
12 0.7239780139242762 0.8394676495341248 0.0455852200031817 0.02607665258848364
27 0.5599331479153675 0.8955825996894164 0.0455488573360908 0.02295165258848364
18 0.52109375 0.73046875 0.0234375 0.0203125
18 0.7348967852482766 0.9089001889966635 0.0549238573360908 0.023497684158514786
18 0.7432632685789585 0.9289319679358587 0.053343176002545435 0.02184417889684287
18 0.7824910426082299 0.7154455915851472 0.0549238573360908 0.023497684158514786
18 0.9524222819462297 0.6909446624765427 0.053343176002545435 0.02184417889684287
18 0.984375 0.846875 0.03125 0.01875
28 0.53046875 0.7890625 0.0421875 0.025
28 0.7112149319303214 0.794162854809914 0.0455852200031817 0.02607665258848364
28 0.7344700712524128 0.8783859363658276 0.0455852200031817 0.02607665258848364
28 0.7509757712444587 0.9379807442442178 0.0455852200031817 0.02607665258848364
28 0.7549393019573656 0.5973557442442179 0.0455852200031817 0.02607665258848364
28 0.9631234246101389 0.7118941993082457 0.0455852200031817 0.02607665258848364
28 0.98359375 0.80234375 0.0328125 0.0265625
28 0.9890625 0.8546875 0.021875 0.025
28 0.99453125 0.89453125 0.0109375 0.0265625
24 0.5410927885900945 0.8350700339185184 0.0455852200031817 0.02607665258848364
24 0.5778377159055044 0.9693309128294786 0.0408977200031817 0.025803636803468068
24 0.767684202617775 0.6442230389684287 0.0455852200031817 0.02607665258848364
24 0.8270302885900944 0.8517239968044666 0.0455852200031817 0.02607665258848364
24 0.9526313672820024 0.6729759124765428 0.0455852200031817 0.02607665258848364
24 0.9721166166056847 0.7452527308782768 0.0455852200031817 0.02607665258848364
30 0.52578125 0.75234375 0.0328125 0.0265625
30 0.6804836472788207 0.680578496945641 0.0455852200031817 0.02607665258848364
30 0.7307274532543218 0.864095923211648 0.0455852200031817 0.02607665258848364
30 0.98515625 0.81328125 0.0296875 0.0265625
22 0.51953125 0.7171875 0.0203125 0.03125
22 0.5749218012412769 0.951180152306135 0.04722044533736351 0.03241765785015538
22 0.6857524026098207 0.6980845153614925 0.047238626670908876 0.03398015785015538
22 0.69098479527373 0.718715533777344 0.047238626670908876 0.03398015785015538
11 0.7086348245942306 0.8143388469174061 0.05970226400381797 0.03158319994353036
16 0.5467433519255489 0.8197635523343699 0.05970226400381797 0.031583199943530184
16 0.773352947286775 0.6273540573842802 0.05970226400381797 0.031583199943530274
23 0.5234375 0.73984375 0.028125 0.0265625
23 0.5471064312540037 0.8557465549652058 0.0408977200031817 0.025803636803468068
23 0.5808172652371407 0.9820129233528224 0.0408977200031817 0.025803636803468068
23 0.7858251279440026 0.6976588521084909 0.0408977200031817 0.025803636803468068
23 0.9481165899506842 0.6578591466915272 0.0455852200031817 0.02607665258848364
23 0.9683649079408209 0.7317439677240972 0.0455852200031817 0.02607665258848364
23 0.98515625 0.82734375 0.0296875 0.0265625
20 0.78473479527373 0.7241758494776549 0.05970226400381797 0.03158319994353036
11 0.5581251999125041 0.9165853444277445 0.05187158267027261 0.02956567363517095
21 0.5625490705760952 0.9395146102127601 0.05646817600254535 0.022026189420186526
21 0.7778762679424117 0.7089225758001316 0.05646817600254526 0.022026189420186526
21 0.8235962059198219 0.878104486281123 0.05806703866963616 0.025242194681858444
5 0.51953125 0.6921875 0.0203125 0.03125
30 0.7742427379455934 0.6852575626459521 0.05655908267027243 0.029838689420186526
1 0.8087984565961396 0.8061006836644046 0.05970226400381797 0.03158319994353036
25 0.8265672119271397 0.8243347441736308 0.05970226400381797 0.03158319994353036
25 0.8370410879217308 0.8648155310053337 0.05655908267027243 0.029838689420186526