32 0.2296875 0.178125 0.459375 0.34375
4 0.60390625 0.30703125 0.1515625 0.0859375
9 0.73046875 0.28046875 0.1390625 0.1390625
0 0.8539651727402694 0.23107399327659356 0.14253404002227157 0.16569882001909003
6 0.95625 0.17265625 0.0875 0.1515625
10 0.09765625 0.921875 0.1953125 0.15625
11 0.30859375 0.8421875 0.3015625 0.303125
16 0.23219871339908787 0.6181274559198219 0.38528625604708877 0.3513112453850885
15 0.04296875 0.79140625 0.0859375 0.3609375
21 0.1796875 0.45859375 0.359375 0.2171875
13 0.7296875 0.675 0.540625 0.65