10 0.2796875 0.2546875 0.559375 0.509375
24 0.559375 0 0.559375 0.50919316875 0.5599491484375 0.509375 0.753592659375 0.509375 0.9065022484374999 0.418472821875 0.9832625499999998 0.329297725 1 0.2699602546875 1 0.036393265625 0.9985798921875 0.0290554484375 0.9794698234375 0 0.559375 0
0 0.46328125 0.66015625 0.1921875 0.3015625
17 0.7177603940476187 0.5751160371631616 0.02846496144333699 0.03138970234403846
17 0.7071058914267251 0.7046533428386877 0.023477072794389108 0.026401813695090492
17 0.7561453662882975 0.75957018275194 0.023477072794389108 0.026401813695090492
17 0.8689469525009219 0.8232798342008145 0.026902461443336988 0.03128957279438911
17 0.9437583829457352 0.9167177560077544 0.025139702344038284 0.028064443244739935
24 0.63515625 0.51796875 0.0265625 0.0171875
24 0.6082945589147285 0.5328005243632352 0.026802331893687813 0.029727072794389152
24 0.56796875 0.55859375 0.0171875 0.0296875
24 0.6731685872923586 0.5487247154485068 0.026802331893687636 0.02972707279438911
24 0.6445231531469174 0.5672849483296436 0.028364831893687815 0.02982720234403846
24 0.7682004850406052 0.5469700532022908 0.026802331893687813 0.02972707279438911
24 0.7427801804448133 0.5641680451827262 0.026802331893687813 0.02972707279438911
24 0.7950855552141007 0.6538103385197511 0.025139702344038284 0.028064443244739758
24 0.8270679380029524 0.7178320681616854 0.025139702344038284 0.028064443244739844
24 0.8620961752030262 0.8322543160022171 0.02347707279438893 0.026401813695090582
24 0.8096930660114424 0.8665501704134388 0.02347707279438893 0.026401813695090582
24 0.73203125 0.996875 0.0234375 0.00625
24 0.9360762908730148 0.9264234230343324 0.025139702344038284 0.028064443244739758
24 0.8845044964562557 0.959988092220379 0.02347707279438893 0.026401813695090582
24 0.8328125 0.9890625 0.025 0.021875
30 0.62578125 0.521875 0.0265625 0.025
30 0.8515394070044288 0.8378534739294965 0.021814443244739933 0.02473918414544123
30 0.9285443931247681 0.9337853400609106 0.02181444324473958 0.02473918414544123
27 0.7234375 0.51796875 0.021875 0.0171875
27 0.652836300895164 0.5599730960778901 0.021814443244739933 0.024739184145441184
27 0.6944359107050566 0.7187461212163179 0.02015181369509058 0.023076554595791877
27 0.6141919964562558 0.9426656801310462 0.021814443244739933 0.02473918414544123
27 0.8442077683554807 0.8420903909560746 0.02181444324473958 0.02473918414544123
27 0.7774837384366913 0.9774480976190496 0.018489184145441227 0.021413925046142524
27 0.9196502544758202 0.9379221275378393 0.02015181369509058 0.023076554595791877
28 0.5731988656699887 0.5540852390457749 0.02513970234403846 0.028064443244739844
28 0.7756823180140271 0.5403893861757126 0.02513970234403846 0.0280644432447398
28 0.7083656076504242 0.5870653246400904 0.02513970234403846 0.028064443244739844
28 0.7461195242155769 0.769125655454044 0.021814443244739933 0.02473918414544123
28 0.6428374306016968 0.9241054472499094 0.02015181369509058 0.023076554595791877
28 0.8399510649317083 0.8473088170819512 0.02347707279438893 0.026401813695090582
28 0.9130998658268723 0.9422091093392421 0.02181444324473958 0.02473918414544123
10 0.7328125 0.51640625 0.025 0.0140625
10 0.7009862993540045 0.7144591394149151 0.021814443244739933 0.02473918414544123
10 0.5740082850129186 0.969900006164638 0.02513970234403846 0.028064443244739758
10 0.8270004819582862 0.8535390306847568 0.02347707279438893 0.026401813695090582
10 0.7848153770856392 0.9732111805924717 0.02015181369509058 0.023076554595791877
10 0.9031741533038009 0.9502020820413459 0.025139702344038284 0.028064443244739758
10 0.8606967566352886 0.9765049637504637 0.02181444324473958 0.02473918414544123
16 0.8194185194352149 0.8616821977113348 0.023477072794389285 0.026401813695090582
16 0.8956422555555544 0.9575639990679242 0.026802331893687636 0.02972707279438911
18 0.71796875 0.51875 0.0203125 0.01875
18 0.7118911258490215 0.5810155837393891 0.02035207279438911 0.026201554595791876
18 0.8403572848560351 0.6206264011351074 0.018589313695090225 0.022976425046142522
18 0.789728624307862 0.737404088519751 0.020352072794389286 0.026201554595791876
18 0.7512075424141742 0.763176044102992 0.018589313695090582 0.022976425046142522
18 0.6448004488002942 0.9179555767995587 0.018589313695090582 0.022976425046142522
18 0.7788540761904752 0.8826164589701018 0.020352072794389286 0.026201554595791876
18 0.7719649236618666 0.9778788941952771 0.018589313695090582 0.022976425046142522
18 0.8171875 0.99453125 0.01875 0.0109375
31 0.6313492180786257 0.9319982904023641 0.023477072794389108 0.026401813695090582
31 0.8713536543835352 0.9693433058231843 0.023376943244739934 0.02483931369509058
22 0.782084907465854 0.6608218021225565 0.026702202344038462 0.02816457279438911
22 0.7689841301679582 0.6693957657253619 0.03002746144333699 0.031489831893687814
22 0.5922471452842364 0.9545951812107806 0.029927331893687636 0.029927331893687813
22 0.84453125 0.98515625 0.0296875 0.0296875
11 0.82265625 0.98984375 0.0265625 0.0203125
21 0.6127014566629752 0.5252383482373586 0.02035207279438911 0.026201554595791855
21 0.71484375 0.51953125 0.0234375 0.0203125
21 0.8079174198043552 0.7228805135658936 0.018589313695090582 0.022976425046142522
21 0.793003818632336 0.7352605976190497 0.020352072794389286 0.026201554595791876
21 0.7695210441122173 0.9792911998708032 0.018589313695090582 0.022976425046142522
21 0.8125 0.9953125 0.01875 0.009375
14 0.5886433929678846 0.5456614697674433 0.026802331893687813 0.029727072794389152
14 0.6346975701734955 0.5737154210317477 0.026802331893687813 0.029727072794389152
14 0.8278875632336652 0.6315941795127374 0.023477072794389285 0.026401813695090492
14 0.7583272324197116 0.6765574236526414 0.02513970234403846 0.028064443244739758
14 0.6878354572812839 0.7238143530177206 0.02513970234403846 0.028064443244739844
14 0.8361122709763744 0.7113515306847568 0.025139702344038284 0.028064443244739758
14 0.8051230868309333 0.7297615692414195 0.025139702344038284 0.028064443244739844
14 0.7795525879106675 0.7493033112218551 0.026802331893687636 0.02972707279438911
14 0.6231862646548529 0.9369663926541175 0.02513970234403846 0.028064443244739935
14 0.5822213032115159 0.9641506539128846 0.02513970234403846 0.028064443244739935
14 0.7656031045681052 0.8935341725729071 0.026802331893687813 0.02972707279438911
18 0.8656345805094119 0.9728991023994116 0.018589313695090225 0.022976425046142522
20 0.8345881462070871 0.6249634477113348 0.02347707279438893 0.026401813695090492
20 0.7840095504337388 0.7409598850959784 0.023477072794389285 0.026401813695090492
20 0.7731350023163518 0.8861722555463292 0.026802331893687636 0.02972707279438911
23 0.7009827066629751 0.5308956677925452 0.026802331893687813 0.02972707279438911
23 0.6616803747692874 0.5566175586009615 0.023477072794389285 0.026401813695090492
23 0.7501142142211142 0.6823067759043948 0.021814443244739933 0.02473918414544114
23 0.5671875 0.971875 0.015625 0.028125
23 0.75703125 0.98828125 0.0203125 0.0234375
34 0.64921875 0.51953125 0.0359375 0.0203125
34 0.7137830953119231 0.5270092041897397 0.030227720542635693 0.03461483189368777
34 0.6098852282576585 0.948665356256923 0.026802331893687813 0.02972707279438911
34 0.76796875 0.98671875 0.0265625 0.0265625
31 0.5968564111664818 0.53991211751569 0.026802331893687636 0.029727072794389152
29 0.7274858474713914 0.5702480644610576 0.023577202344038463 0.027964313695090493
29 0.741270140346991 0.6856623133813236 0.023477072794389285 0.026401813695090492
29 0.7642582549372455 0.7553833305001866 0.021814443244739756 0.02473918414544123
13 0.7497310872923586 0.5536310633813235 0.030227720542635693 0.03461483189368777
22 0.6830942998154299 0.5407317427464027 0.03002746144333699 0.03148983189368777
18 0.7849769748615725 0.5300025986987839 0.02191457279438911 0.02630168414544114
13 0.684077006478405 0.5988446313953506 0.03345285009228505 0.03637759099298643
21 0.8436324791805092 0.618482910234406 0.020251943244739577 0.024639054595791833
12 0.801886267737172 0.6456171067183483 0.02846496144333699 0.03138970234403846
28 0.7183437800756731 0.7006667496862329 0.026802331893687813 0.02972707279438911
3 0.8576263255721663 0.6939032148301979 0.026802331893687636 0.02972707279438911
25 0.8457876596253225 0.7072648079826527 0.025139702344038284 0.028064443244739844
25 0.8195861050295307 0.7244127351882634 0.025139702344038284 0.028064443244739758
21 0.7837418352897738 0.8797918476190498 0.023477072794389108 0.026401813695090582
22 0.7932787191583598 0.9635555783407183 0.03002746144333699 0.031489831893687634
22 0.7390625 0.990625 0.03125 0.01875
1 0.9583715954688067 0.9090251719545982 0.02846496144333699 0.03138970234403846