35 0.159375 0.31953125 0.31875 0.6390625
28 0.659375 0.31953125 0.68125 0.6390625
33 0.159375 0.81953125 0.31875 0.3609375
2 0.6223763077519442 0.8372533297708206 0.020785278685347207 0.020903533386094873
1 0.8718658550546523 0.9189961086045688 0.015988675911805573 0.016079641066226814
5 0.8595295092149648 0.9123285714575502 0.02238414627652787 0.02251149749271768
2 0.6771021349742706 0.7333865321989606 0.020785278685347207 0.020903533386094787
1 0.9273729322769789 0.8151065789793975 0.015988675911805573 0.016079641066226814
5 0.9150547702328817 0.8076577918323791 0.02238414627652787 0.022511497492717504
1 0.9894936854111108 0.6954101929277356 0.015988675911805573 0.016079641066226814
5 0.9779204057758332 0.6895011737274059 0.020785278685347207 0.020903533386094873