21 0.28046875 0.2625 0.3578125 0.375
26 0.7296875 0.225 0.540625 0.45
10 0.10380066910889015 0.48171431591425995 0.01592498184962743 0.05201714106622681
21 0.45222349180857646 0.7629920257977405 0.0034522529268661726 0.056340928213245434
21 0.11866155806535517 0.747816689033798 0.0049874818496274285 0.05169889231986815
21 0.11550123839073087 0.4851802967139299 0.003424981849627429 0.051653428213245346
21 0.4578125 0.496875 0.003125 0.05625
14 0.04765625 0.9828125 0.0140625 0.034375
14 0.1484375 0.984375 0.01875 0.03125
14 0.20078125 0.98515625 0.0171875 0.0296875
14 0.24201672395279145 0.8998685855103012 0.011173849336070064 0.040943248746358664
14 0.31154342877325164 0.9026729882550104 0.015861349336070064 0.041079641066226816
14 0.12886325986075323 0.7402997057268454 0.017451120413308895 0.04581260517284953
14 0.2710507598607532 0.7444369394295094 0.012736349336070063 0.04098871285298138
14 0.3640104195016736 0.7487045537735589 0.01269998789975162 0.03473871285298138
14 0.41244337432213385 0.7508951910788622 0.012763620413308984 0.04567621285298138
14 0.17387175371243316 0.6595641827655919 0.01269998789975162 0.03473871285298138
14 0.1225915757247484 0.4752286351937321 0.01269998789975162 0.03473871285298138
14 0.18743078054520862 0.4778966456185733 0.015861349336070064 0.041079641066226816
14 0.3155421450065893 0.48396845236163316 0.014326120413308985 0.04572167695960409
14 0.3741313498270493 0.4864546063599837 0.014326120413308985 0.04572167695960409
10 0.00546875 0.88984375 0.0109375 0.0421875
10 0.06314229020957011 0.8891941953020043 0.009611349336070062 0.040897784639735944
10 0.13734285949141087 0.8944787403665815 0.014326120413308895 0.04572167695960409
10 0.11089450986075322 0.7397768685006847 0.012736349336070063 0.04098871285298138
10 0.3327604195016736 0.7477952716411054 0.012736349336070063 0.04098871285298138
10 0.445251329142594 0.7526311873179384 0.011173849336070064 0.040943248746358664
10 0.19964845853289334 0.6610955905248661 0.011173849336070064 0.040943248746358664
10 0.14915407572474843 0.47600152500631765 0.017451120413308895 0.04581260517284953
10 0.2975733950065892 0.48344561513547235 0.014326120413308985 0.04572167695960409
10 0.453125 0.48984375 0.0125 0.0515625
23 0.07407979020957012 0.8895124440483629 0.011173849336070064 0.040943248746358664
23 0.25215933841417204 0.9025078522033485 0.009611349336070062 0.040897784639736125
23 0.30854621468121335 0.7463093279884537 0.011173849336070064 0.040943248746358664
23 0.32026496468121335 0.746650308788124 0.011173849336070064 0.040943248746358664
23 0.14498368443059237 0.6555980967930722 0.011173849336070064 0.040943248746358664
23 0.16164953054520864 0.47714648785929914 0.012736349336070063 0.04098871285298138
23 0.38506430464750957 0.48755410510634245 0.011173849336070064 0.04094324874635884
23 0.4084881691088902 0.4905798167056827 0.011173849336070064 0.04094324874635884
13 0.0875 0.9828125 0.01875 0.034375
13 0.3475450821676561 0.7583834306540208 0.012827252926866173 0.05661371285298138
13 0.37800928698811626 0.760051230733163 0.01282725292686635 0.05661371285298138
13 0.17565294321119113 0.4877119148189032 0.012827252926866173 0.05661371285298147
33 0.13587282572474843 0.47561508010002485 0.017451120413308895 0.04581260517284953
27 0.12092297395279146 0.8963451172470434 0.006486349336070063 0.040806856426490866
27 0.2616757598607532 0.7441641547897734 0.008012487899751619 0.034602320533113406
27 0.20069384982704935 0.48140809052486616 0.006486349336070063 0.04080685642649069
30 0.038119564311871065 0.8923730195960413 0.009574987899751575 0.034647784639736126
30 0.11390535949141087 0.8937967787672413 0.011137487899751618 0.034693248746358665
30 0.24917575986075322 0.743800441936792 0.009611349336070062 0.040897784639736125
30 0.38977348878351437 0.7525797115328332 0.012736349336070063 0.04098871285298138
30 0.15513538925105258 0.6566748634861197 0.011137487899751618 0.03469324874635884
28 0.0046875 0.97890625 0.009375 0.0421875
28 0.16171875 0.9828125 0.0109375 0.034375
28 0.434313829142594 0.7523129385715797 0.011173849336070064 0.040943248746358664
28 0.18402800371243316 0.6598596994586392 0.009611349336070062 0.040897784639735944
28 0.4436535094679698 0.490040259104693 0.014326120413308985 0.04572167695960409
29 0.048243998055092406 0.8981372862890886 0.008076120413308897 0.04553982053311341
29 0.26073945287555256 0.9051016547897734 0.008103391490547729 0.050227320533113406
29 0.3053586239293503 0.4883604356685858 0.006549981849627429 0.05174435642649069
29 0.1644694826351943 0.6639788981258559 0.011237481849627428 0.05188074874635866
18 0.29352922697785355 0.9099626510288497 0.005014752926866262 0.05638639231986815
18 0.35537121770627544 0.7562670011871342 0.0049874818496274285 0.05169889231986815
18 0.13711664227611467 0.6647457762599588 0.0049874818496274285 0.05169889231986815
18 0.34986714803165136 0.49356241270733214 0.0049874818496274285 0.051698892319867976
17 0.09041331733693317 0.9024898171679011 0.012827252926866262 0.05661371285298138
17 0.3412597624930319 0.4956561101209074 0.011237481849627428 0.05188074874635875
16 0.14909342574818957 0.8893509711662517 0.011237481849627428 0.05188074874635866
16 0.2874797357584523 0.7410080625490476 0.01279998184962743 0.05192621285298138
16 0.21063595550783126 0.6528200892712249 0.011264752926866262 0.056568248746358664
32 0.1328125 0.98359375 0.021875 0.0328125
12 0.09680473878351437 0.7440551915410805 0.014362481849627384 0.0519716769596041
12 0.32960464500658915 0.48437762932123735 0.011137487899751618 0.03469324874635875
12 0.3553813498270494 0.4859090370805116 0.009611349336070062 0.040897784639736125
20 0.3013280914392341 0.9125337215619631 0.011237481849627428 0.05188074874635866
11 0.06015625 0.98125 0.0140625 0.0375
11 0.016185476977853552 0.9018927721033239 0.011264752926866262 0.056568248746358664
13 0.4022416725267357 0.7584121743858147 0.012827252926866173 0.05661371285298138
24 0.01484375 0.9796875 0.0171875 0.040625
24 0.0734375 0.98359375 0.015625 0.0328125
24 0.1171875 0.984375 0.01875 0.03125
24 0.027963314311871067 0.8920775029029938 0.01270907825883123 0.03630121285298138
24 0.10140990467095068 0.8926518159142599 0.011137487899751618 0.034693248746358665
24 0.15841842877325166 0.8982175058059877 0.011137487899751618 0.034693248746358665
24 0.1998201335937118 0.9002035546314888 0.009574987899751619 0.034647784639736126
24 0.23746155504029304 0.7426782111371217 0.012736349336070063 0.04098871285298138
24 0.29838996468121337 0.7460138112954063 0.012736349336070063 0.04098871285298138
24 0.22152345853289335 0.6617320880175837 0.011173849336070064 0.04094324874635884
24 0.4210018046475096 0.4885997795586642 0.011137487899751618 0.03469324874635875
22 0.03203125 0.98125 0.0203125 0.0375
22 0.184375 0.9859375 0.021875 0.028125
22 0.21232013359371185 0.9005672674844704 0.015861349336070064 0.041079641066226816
22 0.2279451335937118 0.9010219085506972 0.01582498789975162 0.03482964106622681
22 0.45703125 0.75234375 0.0046875 0.0421875
22 0.12700129889197295 0.6574190095669115 0.01582498789975162 0.03482964106622681
34 0.09921875 0.97421875 0.0140625 0.0515625
34 0.2265513261175319 0.7376724623907631 0.01279998184962743 0.05192621285298138
29 0.42956373839073086 0.49431858214508895 0.008112481849627429 0.05178982053311341
12 0.18807411251647296 0.9045500738318186 0.01748748184962743 0.05206260517284953
21 0.2872792269778536 0.9097807946023589 0.009702252926866262 0.056522784639735944
1 0.09807232299427393 0.6604841735943918 0.012763620413308896 0.04567621285298138
5 0.11056777781473412 0.6616291364473733 0.01279998184962743 0.05192621285298138
18 0.2826887383907309 0.49004495612255694 0.008112481849627429 0.05178982053311341
20 0.3646972624930319 0.4963380717202476 0.01126475292686635 0.056568248746358754
33 0.7375 0.725 0.525 0.55