21 0.7953125 0.075 0.409375 0.15
10 0.0734375 0.7 0.146875 0.2375
11 0.11116605081808997 0.46265709361388013 0.1579255220358335 0.21606269586563337
12 0.1390625 0.23984375 0.15625 0.1796875
17 0.2921875 0.26015625 0.178125 0.2203125
16 0.25378930870187466 0.48666269740679297 0.17082556553881964 0.234051232262828
15 0.21203299411298557 0.7343597177648585 0.15661759517409735 0.2269000663159842
20 0.38579649601284666 0.7986992273255826 0.19938697663298618 0.2546035641565158
21 0.4205949489944788 0.5137828092192703 0.20847103590354177 0.24270434145441175
22 0.44453125 0.25234375 0.1703125 0.2046875
25 0.50390625 0.84453125 0.0515625 0.2671875
22 0.75078125 0.60703125 0.4421875 0.7859375