23 0.1703125 0.2796875 0.340625 0.559375
28 0.9078125 0.040625 0.184375 0.08125
14 0.72890625 0.06640625 0.2546875 0.1328125
24 0.93828125 0.11953125 0.1234375 0.1828125
21 0.6897407735131258 0.17017683414088772 0.18849993949875793 0.1849862772394082
13 0.5644594932625047 0.2649098159556574 0.22455561416679296 0.20781177204362802
23 0.7421875 0.47421875 0.24375 0.1703125
15 0.8692424420328407 0.2600102404416191 0.18852721057599667 0.1896737772394083
30 0.9640625 0.30859375 0.071875 0.1984375
31 0.9453125 0.44140625 0.109375 0.2015625
34 0.6791719539366974 0.36865253896835065 0.18851812021691713 0.1881112772394083
35 0.91640625 0.52109375 0.1671875 0.0765625
18 0.8128884237842723 0.3804045039352724 0.22454652380771342 0.2062492720436282
29 0.8061061168972674 0.15500566618808845 0.1791340298578376 0.18589321337743786
29 0.21484375 0.790625 0.4296875 0.41875