16 0.26484375 0.259375 0.5296875 0.51875
10 0.7046875 0.228125 0.35 0.39375
30 0.790625 0.10234375 0.321875 0.2046875
16 0.9015625 0.10390625 0.196875 0.2078125
21 0.7921875 0.29765625 0.415625 0.4421875
17 0.728125 0.41484375 0.396875 0.2078125
32 0.55546875 0.35390625 0.0515625 0.3234375
27 0.63671875 0.13359375 0.2140625 0.2671875
22 0.625 0.3828125 0.190625 0.271875
24 0.5296875 1 0.5296875 0.51875 0.1524988 0.51875 0.091015990625 0.6135947078124999 0.064478965625 0.7412046968749999 0.0725888765625 0.853287184375 0.1313379421875 0.9874687359374998 0.1453181265625 1 0.5296875 1
9 0.76484375 0.759375 0.4703125 0.48125