12 0.4390625 0.0745678140625 0.3369079171875 0.0790939328125 0.2023513640625 0.1583797125 0.0859795578125 0.3456100515625 0.044001962500000005 0.4974134796875 0.1963866625 0.6296875 0.234858625 0.6296875 0.25374254375 0.5775100171875 0.210975134375 0.534504215625 0.164398446875 0.42740567343749997 0.1958098421875 0.295843171875 0.2913364546875 0.21993440625 0.35516446562500004 0.20474842187500003 0.4390625 0.214971746875 0.4390625 0.0745678140625
13 0.8270688976636373 0.2845474147738315 0.2860644982841404 0.345901633928127
32 0.603125 0.4125 0.328125 0.425
14 0.57578125 0.140625 0.2734375 0.28125
35 0.715625 0.07578125 0.4 0.1515625
10 0.91953125 0.08984375 0.1609375 0.1796875
0 0.0734375 0.87734375 0.146875 0.2453125
2 0.3828125 0.8421875 0.1125 0.315625
3 0.32734375 0.9046875 0.2234375 0.190625
4 0.25234375 0.9515625 0.3734375 0.096875
7 0.22265625 0.72578125 0.4328125 0.1921875
8 0.19375 0.7890625 0.3875 0.31875
9 0.13515625 0.81484375 0.2703125 0.3703125
2 0.71953125 0.81484375 0.5609375 0.3703125