2 0.19453125 0.259375 0.3890625 0.51875
12 0.6958255953125001 0 0.722855053125 0.02802651875 0.7603555296875 0.14862170937500002 0.7465547828125001 0.3390296828125 0.6962911937499999 0.4468202984375 0.6404882187500001 0.51875 0.8502196953125001 0.51875 0.9220829140625 0.36463883125 0.9292219640624999 0.208618434375 0.8840221578125 0.0844329875 0.8063280031249999 0 0.6958255953125001 0
1 0.29609375 0.68203125 0.1859375 0.2828125
2 0.20390625 0.63828125 0.2265625 0.2390625
3 0.096875 0.6015625 0.19375 0.165625
1 0.5109375 0.66796875 0.24375 0.2984375
2 0.46328125 0.6296875 0.1484375 0.221875
4 0.946875 0.66171875 0.10625 0.2859375
5 0.89921875 0.62890625 0.2015625 0.2203125
6 0.8546875 0.58671875 0.284375 0.1359375
7 0.75234375 0.565625 0.3078125 0.09375