23 0.26484375 0.2546875 0.5296875 0.509375
4 0.61171875 0.33203125 0.1640625 0.2984375
5 0.6953125 0.38984375 0.26875 0.2390625
6 0.84453125 0.425 0.3109375 0.16875
8 0.63125 0.05859375 0.203125 0.1171875
9 0.74921875 0.1015625 0.2859375 0.203125
0 0.8734375 0.15 0.253125 0.3
14 0.04765625 0.88671875 0.0953125 0.2265625
24 0.2078125 0.95703125 0.221875 0.0859375
21 0.07265625 0.76953125 0.1453125 0.2078125
13 0.07109375 0.61875 0.1421875 0.21875
23 0.33359375 0.61171875 0.2796875 0.2046875
15 0.24001799689972234 0.8447099293909531 0.219842593780867 0.21192168927901225
30 0.40390625 0.9125 0.2515625 0.175
31 0.4421875 0.81796875 0.175 0.2296875
34 0.18347996390673593 0.6267180635635852 0.221286694610704 0.2104501945406841
35 0.4796875 0.671875 0.1 0.26875
18 0.2925016116270065 0.719240221554915 0.2557567829929862 0.2342363050357929
29 0.11073323860135256 0.8679338687405524 0.2132373962703779 0.20687016823232476
14 0.790099046875 0.509375 0.7262613921875001 0.6298662234375 0.7054340234375001 0.7240154984375 0.7179307578125 0.86494353125 0.8141418437500001 1 1 1 1 0.5862939515625001 0.90303935 0.5338373359374999 0.9190425359375001 0.509375 0.790099046875 0.509375