2 0.24609375 0.15 0.4859375 0.3
25 0.67421875 0.27578125 0.2515625 0.0484375
22 0.6218328586233808 0.12529842716554995 0.2621267275213885 0.2107761697155947
28 0.03515625 0.40546875 0.0703125 0.1359375
13 0.46875 0.54609375 0.040625 0.1359375
34 0.2703447284163431 0.5133545342191643 0.1574009798304626 0.13144202199532423
21 0.06796875 0.5171875 0.1359375 0.146875
15 0.35878322035782473 0.5935729852541384 0.18253768086722194 0.13489890871793264
20 0.43125 0.70625 0.115625 0.140625
11 0.2995272146083806 0.756381561188866 0.20068208812453675 0.14713879958972598
12 0.0885397794058341 0.6753603945967709 0.1761509798304628 0.1328628120372805
29 0.171875 0.9296875 0.171875 0.140625
23 0.39296875 0.90546875 0.1921875 0.1546875
0 0.50390625 0.559375 0.0296875 0.159375
1 0.5847319827516676 0.5750159298648423 0.12929510367592564 0.1650115385920639
0 0.7124373177186584 0.5878450487413114 0.11542809330833315 0.14843934523075966
4 0.8348399980202326 0.6080606151282695 0.12562329952888868 0.15852474025173785
0 0.95078125 0.6265625 0.0984375 0.146875