13 0.175 0.25 0.35 0.5
2 0.9921875 0.13828125 0.015625 0.0265625
2 0.9851280806570701 0.12969638778652487 0.026602072794389107 0.02674817029858776
0 0.9890625 0.13359375 0.021875 0.0265625
0 0.9778465067829469 0.1252984648900471 0.026602072794389107 0.02674817029858776
2 0.9156049275101527 0.2220534965689307 0.018288925046142525 0.018389367080279228
9 0.9099859831856787 0.2193273343161147 0.02161418414544123 0.0217328883676025
1 0.9463914574289423 0.362645645580195 0.02171431369509058 0.023295388367602497
3 0.9384788278792928 0.3605368423618864 0.026602072794389107 0.02674817029858776
2 0.9270406801310462 0.3519595178562541 0.025039572794389287 0.026638909654926123
2 0.9124775323827997 0.34316367206329856 0.026602072794389107 0.026748170298587937
0 0.9189778562569231 0.3475069646379455 0.026602072794389288 0.02674817029858776
1 0.906808523283501 0.33965625981048253 0.023276813695090583 0.023404649011264312
2 0.8107531485142138 0.4184918179724697 0.018288925046142525 0.018389367080279228
9 0.8065965746400904 0.41431241636331534 0.019951554595791877 0.020061127723940687
1 0.5506655521225564 0.4741908888718056 0.018288925046142525 0.018389367080279228
0 0.5465590430232579 0.47079273726265125 0.018288925046142525 0.018389367080279228
22 0.175 0.75703125 0.35 0.4859375
1 0.9262327444444456 0.6046306858090535 0.019951554595791877 0.020061127723940687
4 0.9205136705703223 0.6003420235562373 0.02171431369509058 0.023295388367602497
2 0.9089253284976018 0.5894209490506052 0.02171431369509058 0.023295388367602497
2 0.8972368568752319 0.5769373745449731 0.02171431369509058 0.023295388367602497
0 0.9031061250738291 0.5835697867977891 0.02171431369509058 0.023295388367602497
0 0.8906364034514592 0.5710315819703261 0.02171431369509058 0.023295388367602497
2 0.8053182695828733 0.6475069646379455 0.016626295496493172 0.016717606436617415
9 0.8012117604835746 0.6441088130287913 0.016726425046142523 0.018280106436617417
1 0.8042738086009613 0.7889842704541442 0.018389054595791876 0.01995186708027923
3 0.7977234199520135 0.7838597278794973 0.02171431369509058 0.023295388367602497
2 0.7884788278792929 0.7731025443393578 0.02161418414544123 0.0217328883676025
2 0.7752779210317478 0.7612909591900638 0.02171431369509058 0.023295388367602497
0 0.7810971244555203 0.76714212144288 0.02171431369509058 0.023295388367602497
1 0.7703400971576244 0.7570569272590786 0.019951554595791877 0.020061127723940687
2 0.6554450848191232 0.8089093683407867 0.016626295496493172 0.016717606436617415
9 0.652069760945 0.8047845970534633 0.016626295496493172 0.016717606436617415
1 0.6551318090623868 0.9496600544788165 0.018389054595791876 0.019951867080278872
4 0.6485814204134389 0.9445355119041695 0.02171431369509058 0.023295388367602497
2 0.6377743283407182 0.9336690677203683 0.02161418414544123 0.0217328883676025
0 0.6312239396917703 0.9285445251457212 0.021714313695090404 0.023295388367602497
2 0.625354671493173 0.9219121128929052 0.02171431369509058 0.023295388367602497
1 0.620366782844225 0.9168968309619199 0.019951554595791877 0.02006112772394104
1 0.38207743599114247 0.8030153753781523 0.016626295496493214 0.016717606436617415
0 0.3794332973421945 0.7981639844126598 0.016626295496493214 0.016717606436617415
2 0.5070843352805485 0.9696397826872898 0.016626295496493172 0.016717606436617415
9 0.5029277614064253 0.9654603810781355 0.016726425046142523 0.018280106436617417