32 0.3 0.2546875 0.6 0.509375
9 0.8 0.2546875 0.4 0.509375
1 0.022855717018904452 0.5793078813653622 0.037618174668035034 0.02074885200509069
1 0.026666518248568492 0.5957595846992257 0.037618174668035034 0.02074885200509069
1 0.03579153337387897 0.6388374227004985 0.03292158430895533 0.019131808004454333
1 0.08453251864135192 0.8558254753739526 0.037618174668035034 0.02074885200509069
0 0.03198073214421497 0.6223857193666349 0.03606476502711464 0.022293170671545237
0 0.07613875654110354 0.8213504780394526 0.03450226502711464 0.022274989337999783
6 0.06626430767257166 0.7727947993714073 0.03606476502711473 0.022293170671545147
2 0.0731092053114395 0.8049078653723619 0.03606476502711464 0.022293170671545237
2 0.08150751259122772 0.8386016127068618 0.039198855386194255 0.023892033338636053
6 0.8 0.7546875 0.4 0.490625