6 0.21953125 0.31484375 0.4390625 0.6296875
0 0.503460249933493 0.2239188568519765 0.11258623119538154 0.169712713703953
5 0.6209432666265404 0.24021664348670785 0.1486601235152496 0.17628361827193723
1 0.7441223538527012 0.26461353516439334 0.15040447994174028 0.18261550542706698
4 0.8779888884924374 0.28098988692798715 0.14544419530200425 0.1729948439616777
3 0.96484375 0.3 0.0703125 0.175
25 0.11640625 0.9515625 0.2328125 0.096875
5 0.0703125 0.70859375 0.140625 0.1578125
21 0.15859375 0.73671875 0.2515625 0.2140625
30 0.3171875 0.7625 0.24375 0.265625
8 0.39765625 0.79375 0.0828125 0.328125
26 0.71953125 0.81484375 0.5609375 0.3703125