2 0.234375 0.24453125 0.46875 0.4890625
29 0.63515625 0.14609375 0.3328125 0.2921875
13 0.703125 0.0734375 0.415625 0.146875
4 0.84765625 0.41953125 0.3046875 0.1390625
27 0.90078125 0.33984375 0.1984375 0.2984375
3 0.95234375 0.2453125 0.0953125 0.378125
6 0.04296875 0.89765625 0.0859375 0.1546875
7 0.08515625 0.784375 0.1703125 0.171875
0 0.1564948810776393 0.6666913452042035 0.16922539152687505 0.1643340577372161
3 0.2296875 0.5625 0.175 0.146875
4 0.6553584469007994 0.9013140580901519 0.161012848023889 0.1466915314288567
0 0.7088633469770492 0.8137083713008012 0.1884118026210418 0.18417612087727803
2 0.7836068142076394 0.6974848608480447 0.18844817021222243 0.18573862087727822
0 0.859375 0.5875 0.209375 0.196875
5 0.91484375 0.52578125 0.1703125 0.0734375