23 0.28984375 0.24765625 0.5796875 0.4953125
6 0.78984375 0.259375 0.4203125 0.51875
27 0.33046875 0.759375 0.4984375 0.48125
32 0.7959072247374058 0.9385245086330471 0.02681703866963616 0.02218408267027261
18 0.9 0.99140625 0.009375 0.0171875
18 0.8499498347389967 0.9496160026257291 0.009647720003181703 0.023546588001272538
18 0.6477038927036801 0.6917778726527734 0.009647720003181658 0.02354658800127272
18 0.8538629860359528 0.6815654366247746 0.012790901336727067 0.02514545066836362
18 0.6879198126989076 0.6561489079805918 0.009647720003181658 0.02354658800127272
29 0.9751680107415421 0.9669114959420936 0.012790901336727067 0.02514545066836362
29 0.6425095047342242 0.9168687793205006 0.01121022000318166 0.023564769334818082
29 0.7275186620384982 0.7017881246419557 0.012790901336727112 0.025145450668363534
29 0.8890737800365892 0.6858438566200021 0.012790901336727067 0.02514545066836362
29 0.6378289060311804 0.6489182106540461 0.01277272000318166 0.023582950668363623
29 0.889400496697953 0.6467722659532293 0.012772720003181703 0.023582950668363533
17 0.6406111974060875 0.9551773013208187 0.01904090133672711 0.025218176002545434
17 0.7755856340706331 0.9379796159691377 0.01904090133672707 0.025218176002545434
17 0.6989118566995439 0.6607091386457737 0.01904090133672711 0.025218176002545344
17 0.6245385653644077 0.6482915019891824 0.01904090133672711 0.025218176002545344
30 0.8307822114099055 0.9810932692950471 0.018986357336090796 0.020530676002545434
30 0.9892305107415421 0.9667478639401846 0.018986357336090796 0.020530676002545434
30 0.6276112107335878 0.9123540019891824 0.018986357336090776 0.020530676002545434
30 0.9895663180696787 0.9284575232734118 0.018986357336090796 0.020530676002545257
30 0.8768550433640895 0.643011466621593 0.015861357336090797 0.02049431333545453
28 0.900785628739633 0.9537126092855022 0.015861357336090797 0.020494313335454352
28 0.8217339280712694 0.9421307666295471 0.015861357336090797 0.020494313335454352
28 0.990625 0.73671875 0.01875 0.0234375
28 0.9200334260423162 0.7276768206158659 0.015897720003181702 0.023619313335454438
28 0.904381154041998 0.7255148839513204 0.019022720003181705 0.023655676002545256
28 0.873067519374589 0.7204097606222293 0.018986357336090796 0.020530676002545344
28 0.7173169587046346 0.698000053310001 0.018986357336090796 0.020530676002545344
28 0.6586050300365892 0.6885256033179552 0.01591590133672711 0.02518181333545444
28 0.8264283293682256 0.67407110996182 0.018986357336090796 0.020530676002545257
13 0.9296875 0.9921875 0.01875 0.015625
13 0.6868140354073603 0.9640159519812281 0.01904090133672711 0.025218176002545434
13 0.9610782387412238 0.9647313779440025 0.019040901336727246 0.025218176002545434
13 0.8159817253739525 0.716385879296638 0.01904090133672707 0.025218176002545344
13 0.6922987773710891 0.6967284546467282 0.022184082670272564 0.02681703866963625
13 0.58828125 0.68203125 0.0171875 0.0265625
13 0.658968109365044 0.6525790126511826 0.01591590133672711 0.02518181333545444
14 0.9546875 0.99453125 0.01875 0.0109375
14 0.7689543734086329 0.9724364319700923 0.018986357336090796 0.020530676002545434
14 0.7540833514083147 0.9702654046387741 0.018986357336090796 0.020530676002545434
14 0.7235509667409057 0.9651511906429102 0.018986357336090796 0.020530676002545434
14 0.5952168814051331 0.9486733099936366 0.018986357336090796 0.020530676002545434
14 0.6949168894016332 0.9217284546467281 0.019022720003181705 0.023655676002545433
14 0.6017845073997242 0.9087477439926822 0.018986357336090796 0.020530676002545434
14 0.9644935927354968 0.9224984246101389 0.018986357336090796 0.020530676002545434
14 0.8902822913749071 0.7225535159532294 0.018986357336090796 0.020530676002545344
14 0.7908817280394527 0.7080830306333652 0.018986357336090796 0.020530676002545344
14 0.7587868433720437 0.7029869979710468 0.018986357336090796 0.020530676002545344
14 0.6758198020369074 0.6906693586489554 0.018986357336090796 0.020530676002545344
14 0.6030181013685438 0.6790147906588185 0.01902272000318168 0.023655676002545346
14 0.8428709420353165 0.6770052059595928 0.019022720003181705 0.023655676002545256
14 0.7160720846992257 0.6581653939767739 0.019022720003181705 0.023655676002545346
14 0.6064970900302259 0.6422505873249549 0.01902272000318168 0.023655676002545346
14 0.9723402660327712 0.6567461552753209 0.01898635733609062 0.020530676002545257
14 0.8494476586966805 0.6378608899586382 0.018986357336090796 0.020530676002545344
10 0.624940744072224 0.9514528646562732 0.018986357336090796 0.020530676002545434
10 0.6557816640674514 0.9159329879853644 0.01589772000318166 0.02361931333545435
10 0.9364578573758617 0.7290484166136387 0.015897720003181702 0.023619313335454438
10 0.8487942253739525 0.7160040712921838 0.018986357336090796 0.020530676002545344
10 0.99453125 0.69921875 0.0109375 0.0234375
10 0.9563612773710892 0.693655809277548 0.019022720003181705 0.023655676002545256
10 0.7591226507001803 0.6646966573042741 0.019022720003181705 0.023655676002545346
10 0.9042533373647258 0.6473807932845477 0.018986357336090796 0.020530676002545257
16 0.8730060740769965 0.9837273732893201 0.02380112667090888 0.0315227200031817
16 0.5828125 0.9015625 0.00625 0.025
16 0.6366573047024074 0.6825301419875915 0.019059082670272565 0.026780676002545255
16 0.9829419587046345 0.6949092266072754 0.02218408267027261 0.02681703866963616
23 0.7063361947405875 0.96300743531191 0.018986357336090796 0.020530676002545434
23 0.5828125 0.94296875 0.00625 0.0234375
23 0.6714612080680877 0.9204386746499098 0.018986357336090796 0.020530676002545434
23 0.8323607033736344 0.7138512252944109 0.019022720003181705 0.023655676002545346
23 0.7447061620384983 0.7015881299729558 0.018986357336090796 0.020530676002545344
23 0.6195061673694984 0.6858551366565914 0.0174238573360908 0.020512494668999893
23 0.676155609365044 0.6523790179821827 0.018986357336090796 0.020530676002545344
22 0.9352220740372255 0.6899950072804115 0.03152272000318161 0.02380112667090888
27 0.8167015300763601 0.9796944012969562 0.012736357336090798 0.020457950668363624
27 0.9125225600731784 0.9551387492839114 0.012736357336090798 0.020457950668363624
27 0.8412833594048148 0.9434659999602291 0.012736357336090798 0.020457950668363624
27 0.9778021147358149 0.9246876332750027 0.01273635733609062 0.020457950668363624
27 0.9680982087046346 0.6950819492759572 0.012736357336090798 0.020457950668363534
27 0.8624385547024074 0.6799029392902747 0.012736357336090798 0.020457950668363624
27 0.7786902633672712 0.667594390634956 0.012736357336090798 0.020457950668363534
27 0.996875 0.66015625 0.00625 0.0171875
27 0.8627652713637713 0.640831348623502 0.011137494668999891 0.01731476933481808
21 0.6124407440722239 0.9515983153246367 0.011264764003818017 0.02825226933481808
21 0.6061816534054512 0.9508897906588185 0.006522720003181659 0.02351022533418181
21 0.833498131405133 0.9459006566279562 0.009647720003181703 0.02354658800127272
21 0.7395754087364513 0.9321477866406831 0.012790901336727112 0.02514545066836362
21 0.9459055827100435 0.7351893286123661 0.009647720003181703 0.02354658800127272
15 0.8068970793682257 0.674298376631138 0.012790901336727067 0.02514545066836362
15 0.9371476533656804 0.6540302352800934 0.012790901336727067 0.02514545066836362
24 0.9109375 0.9921875 0.01875 0.015625
24 0.8472248240769964 0.98402736529282 0.020530676002545344 0.018986357336090796
24 0.99765625 0.96796875 0.0046875 0.0203125
24 0.9438361947405876 0.9602438726130025 0.022129538669636163 0.022129538669636163
24 0.9273935820734966 0.9573097766152296 0.022165901336727068 0.025254538669636162
24 0.7599151807367696 0.9342551793045922 0.018986357336090796 0.020530676002545434
24 0.7262487054025877 0.9283960779758192 0.018986357336090796 0.020530676002545434
27 0.6158651887332697 0.9101466119907732 0.012736357336090775 0.020457950668363624
24 0.8773004860359528 0.681292716621593 0.018986357336090796 0.020530676002545344
11 0.9734375 0.99609375 0.01875 0.0078125
11 0.7309794693666348 0.663461421308092 0.01904090133672711 0.025218176002545258
23 0.8875 0.98984375 0.01875 0.0203125
31 0.7113776834022696 0.926225050644501 0.019022720003181705 0.023655676002545433
31 0.7736669560391346 0.705939275302365 0.018986357336090796 0.020530676002545344
12 0.9575879700429525 0.7319279686107754 0.018986357336090796 0.020530676002545344
12 0.9880016286998622 0.6596893419398664 0.019022720003181705 0.023655676002545346
32 0.789330508076042 0.9776688246340015 0.03470226400381797 0.028524989337999785
20 0.7361236920750874 0.9712557399745465 0.019040901336727156 0.025218176002545434
12 0.6594248320734966 0.9604278753182734 0.026871582670272565 0.026871582670272433
16 0.8663742660725422 0.950987598623502 0.02687158267027261 0.02687158267027261
28 0.9023823020369074 0.6880330652848659 0.025327264003817972 0.028415901336727067
24 0.7927800353675893 0.669774508633047 0.018986357336090796 0.020530676002545344
24 0.9520368566995441 0.6577637626114117 0.02530908267027261 0.02685340133672707
23 0.9214953813653622 0.6518682986155478 0.02530908267027261 0.02685340133672707