14 0.234375 0.221875 0.46875 0.434375
5 0.734375 0.24921875 0.53125 0.3796875
6 0.2609375 0.471875 0.196875 0.065625
5 0.2882219937958137 0.5688168149381034 0.18148993664223276 0.1405000892845374
9 0.3130366874754119 0.704935547081196 0.18494271857321784 0.14524213636243816
4 0.3402497614768409 0.8402321189158629 0.16666261213660044 0.12931712743398444
8 0.35703125 0.95234375 0.1828125 0.0953125
8 0.61328125 0.4953125 0.2046875 0.1125
6 0.581463895404968 0.6133968835263597 0.18839550050420312 0.14998418344033873
6 0.55625 0.753125 0.175 0.153125
6 0.5359375 0.8921875 0.134375 0.1375