28 0.309375 0.284375 0.61875 0.56875
12 0.84765625 0.3375 0.3046875 0.4625
10 0.75546875 0.440625 0.2734375 0.25625
18 0.7921875 0.1765625 0.346875 0.353125
20 0.92421875 0.13828125 0.1515625 0.2765625
17 0 0.56875 0 0.63349505 0.45819055468750003 0.938495996875 0.494470284375 0.991554490625 0.49325889375000004 1 0.5264743921874999 1 0.568673496875 0.8546504265625 0.5390164296875 0.838120828125 0.5192933609375 0.876384571875 0.47929136093749997 0.8658168937500001 0.22506723593750003 0.7030131390625 0.2593150109375 0.56875 0.2209775390625 0.56875 0.18975430468750001 0.676294546875 0.0334469515625 0.56875 0 0.56875
10 0.9697457941401405 0.760830669149958 0.02563649749271768 0.023331084186749607
10 0.8357298099752581 0.9423676374387526 0.025545569279472248 0.020206084186749608
10 0.766697350487489 0.7483971005364625 0.0271989974927175 0.023422089448421345
10 0.7375758033113405 0.8502627084007355 0.025636497492717503 0.023331084186749607
23 0.9953125 0.6609375 0.009375 0.01875
23 0.8926604569139798 0.7473211769718786 0.02237510517284953 0.018461573663405773
23 0.8029949001709198 0.6242014663638302 0.02237510517284953 0.018461573663405773
23 0.7897196618494023 0.6789722663497129 0.02237510517284953 0.018461573663405773
23 0.7624417595004045 0.763513866321478 0.02237510517284953 0.01846157366340595
23 0.7100622202418149 0.9535998110033365 0.025636497492717503 0.023331084186749607
32 0.8848168646732539 0.7736029559110739 0.02898881802583091 0.03132559471009344
29 0.9664987736861693 0.7837144323041377 0.023892141066226814 0.016990078925077867
29 0.9326596681176085 0.6158667796450669 0.023892141066226814 0.016990078925077867
29 0.8536698162434643 0.8865425716678544 0.023892141066226814 0.01699007892507769
29 0.8316788074679756 0.9645156532237682 0.025454641066226812 0.017081084186749605
29 0.7989438976636374 0.6463494821488458 0.023892141066226814 0.016990078925077867
29 0.7805408901417901 0.7131575505505798 0.025454641066226812 0.017081084186749605
29 0.756251595472924 0.7928296399990014 0.023892141066226814 0.016990078925077867
29 0.7336157290173035 0.875535724185751 0.025454641066226812 0.017081084186749605
29 0.7044032536279097 0.9742763320500238 0.025454641066226812 0.017081084186749605
17 0.7558113262725941 0.8045938926298373 0.030278533386094965 0.02204159997176518
17 0.7024232164808911 0.9869128399425315 0.03032399749271768 0.02360409997176518
18 0.99609375 0.65078125 0.0078125 0.0140625
18 0.9667942903792168 0.7938706823041377 0.026926212852981378 0.014047089448421346
18 0.9510389097378313 0.8440904901825279 0.026926212852981378 0.014047089448421346
18 0.8844447916328579 0.7877109585419098 0.02862510517284953 0.018825594710093263
18 0.7964781272096662 0.6691877426721896 0.02536371285298138 0.013956084186749606
18 0.7322805495504168 0.8834392294474227 0.02862510517284953 0.01882559471009344
20 0.99140625 0.6765625 0.0171875 0.021875
20 0.7870720349689405 0.6955605268730566 0.030278533386094784 0.02204159997176518
28 0.98984375 0.68828125 0.0203125 0.0203125
28 0.9466241943775675 0.8537385059675436 0.025545569279472248 0.020206084186749608
28 0.8776863262725941 0.7974954822194331 0.025545569279472248 0.020206084186749608
28 0.8464028855229365 0.9057475979762136 0.025545569279472248 0.020206084186749608
28 0.8171875 0.575 0.021875 0.0125
21 0.9595500917120002 0.813856958612497 0.02375574874635884 0.012302578925077867
21 0.94765625 0.571875 0.0234375 0.00625
21 0.7962962707831756 0.6629377426721896 0.023755748746358663 0.01230257892507769
21 0.7243232970431344 0.9058147583866181 0.02375574874635884 0.012302578925077513
24 0.9146741977427796 0.670129345415965 0.02563649749271768 0.023331084186749607
24 0.8969160479010643 0.7322044111868631 0.025545569279472248 0.020206084186749608
24 0.8684166263517363 0.8285557664203 0.025545569279472248 0.020206084186749608
24 0.8096397052646271 0.610510692686307 0.025545569279472248 0.020206084186749608
24 0.7730921029947714 0.7261125768589392 0.025545569279472248 0.020206084186749608
24 0.7605526505666312 0.7792753742139858 0.025636497492717503 0.023331084186749607
24 0.711951329175588 0.9378383031108287 0.025636497492717503 0.023331084186749607
2 0.625 0.60625 0.0125 0.025
0 0.9417919418702848 0.8759320243833951 0.03036946159934022 0.02516659997176518
0 0.62890625 0.57734375 0.0203125 0.0171875
0 0.621875 0.62265625 0.00625 0.0203125
14 0.9813365120076869 0.7288526270565832 0.025545569279472248 0.020206084186749608
14 0.9519649122451138 0.8221244849208562 0.025545569279472248 0.020206084186749608
14 0.9410344577719094 0.5809457480750357 0.025636497492717503 0.023331084186749607
14 0.7460642532321983 0.8192479268307042 0.025636497492717503 0.023331084186749607
14 0.7183233496295591 0.9147725294333053 0.025545569279472248 0.020206084186749608
14 0.6953125 0.99453125 0.025 0.0109375
25 0.9832028888881487 0.7123098691640755 0.030278533386094965 0.02204159997176518
25 0.83837743685572 0.9257793769154089 0.027153533386094785 0.021859589448421347
27 0.9785752248606684 0.741534637579927 0.020721676959604095 0.015245568401734032
27 0.9693509890464334 0.7741574217807939 0.020721676959604095 0.015245568401734032
27 0.8337497728282397 0.9550041453312603 0.023892141066226814 0.016990078925077867
27 0.7449109301918024 0.8334014320923762 0.023892141066226814 0.016990078925077867
27 0.7356412302709447 0.8644617162932431 0.020721676959604095 0.015245568401734032
13 0.8757744852855096 0.8124757401119409 0.028716033386094963 0.02195059471009344
13 0.8162163141984002 0.5944761690087838 0.030278533386094965 0.02204159997176518
22 0.9089697670222519 0.6892433664626524 0.02898881802583091 0.03132559471009326
22 0.9018619606749034 0.7139171427710116 0.028943353919208194 0.029763094710093262
22 0.8634479815245859 0.8460617848361516 0.02898881802583091 0.03132559471009326
15 0.82265625 0.99453125 0.0296875 0.0109375
12 0.9607716109123302 0.802047203350825 0.025545569279472248 0.020206084186749608
12 0.9189297887298642 0.6550125796309494 0.025545569279472248 0.020206084186749608
12 0.7247408341901529 0.893269255755782 0.025545569279472248 0.020206084186749608
18 0.9355346155311837 0.6070910191217231 0.023755748746358663 0.012302578925077867
18 0.8565447636570396 0.8777668111445107 0.023755748746358663 0.012302578925077867
24 0.8228948408540706 0.9853741847937993 0.025545569279472248 0.020206084186749608
28 0.925347273290458 0.633509305953426 0.023892141066226814 0.016990078925077867
6 0.6733277837152992 0.7131414109751016 0.0271989974927175 0.023422089448421345