17 0.31484375 0.159375 0.6296875 0.31875
22 0.81484375 0.159375 0.3703125 0.31875
12 0.5746503381817897 0.3678206998504905 0.016808991701630305 0.0157159035907962
12 0.5731955045733921 0.4311383112868089 0.021851689212119395 0.020430674668035033
12 0.49448219918409625 0.630121232831586 0.016808991701630305 0.01571590359079611
12 0.4108418276083349 0.6712507477605048 0.016808991701630305 0.015715903590796287
12 0.4191432701444464 0.873635404376363 0.016808991701630305 0.015715903590795933
12 0.57421875 0.996875 0.0203125 0.00625
12 0.33556209815376653 0.915546169305282 0.018608290041956365 0.01884999394987581
12 0.46484375 0.9953125 0.0203125 0.009375
12 0.17116771143115814 0.891491566649562 0.016808991701630305 0.015715903590795933
29 0.5632984410862191 0.36241558236404786 0.015364890871793335 0.01726931323171659
29 0.45182814482048544 0.3560297478587007 0.015364890871793335 0.01726931323171659
29 0.6205916454451854 0.4480576456939603 0.015364890871793335 0.01726931323171659
29 0.5345707124568435 0.41651272990471977 0.015364890871793335 0.01726931323171659
29 0.41479008610719725 0.3726587116561513 0.015364890871793335 0.01726931323171659
29 0.628125 0.51171875 0.003125 0.0171875
29 0.5814125915057821 0.5498928564663488 0.015364890871793335 0.01726931323171659
29 0.48234905208852563 0.6247206605246831 0.015364890871793335 0.01726931323171659
29 0.4077321734637943 0.8674490368899204 0.015364890871793335 0.01726931323171641
29 0.5609375 0.99453125 0.015625 0.0109375
29 0.3240918018880329 0.9085785518188392 0.015364890871793335 0.01726931323171641
29 0.4234657624707766 0.9822518802740621 0.015364890871793335 0.01726931323171641
29 0.36880157325865726 0.962248452482769 0.015364890871793335 0.01726931323171641
29 0.227335201058196 0.9107046540817756 0.015364890871793246 0.01726931323171641
29 0.1308028205593649 0.8745313256265526 0.015364890871793246 0.01726931323171641
18 0.5553083423309746 0.3601172841594459 0.012358290041956366 0.018813632513557367
18 0.4359375 0.321875 0.0125 0.00625
18 0.6124239479346963 0.4434155974893583 0.010795790041956365 0.018804542154477667
18 0.44356628154309397 0.3810888351927182 0.012358290041956366 0.018813632513557367
18 0.4235022352773603 0.3741712146812134 0.010795790041956365 0.018804542154477667
18 0.2625 0.32109375 0.0125 0.0046875
18 0.5963495846573047 0.4685201366187739 0.010795790041956365 0.018804542154477844
18 0.5013205045733921 0.4315564678044714 0.010558991701630304 0.015679542154477664
18 0.590243139846108 0.5529678594914109 0.012358290041956366 0.018813632513557367
18 0.5851314325873567 0.6608576275435876 0.012358290041956366 0.018813632513557367
18 0.4758030541631181 0.6208507719610017 0.012358290041956366 0.018813632513557367
18 0.3560224278134719 0.5769967537124332 0.010795790041956365 0.018804542154477844
18 0.6265625 0.7484375 0.00625 0.01875
18 0.5022131114265138 0.7012013472929667 0.017164189212119395 0.020403403590796287
18 0.39288473300227517 0.6611944917103806 0.017164189212119395 0.020403403590796287
18 0.27310410665262896 0.6173404734618121 0.012358290041956366 0.018813632513557367
18 0.22374364669458524 0.6363859101318997 0.010795790041956365 0.018804542154477844
18 0.597823454582681 0.8077235371845081 0.010795790041956365 0.018804542154477667
18 0.5098517031327884 0.9051530490883646 0.017164189212119395 0.020403403590795934
18 0.40052332470854973 0.8651461935057787 0.012358290041956366 0.018813632513557367
18 0.28074269835890353 0.8212921752572102 0.012358290041956366 0.018813632513557367
18 0.553125 0.99140625 0.0125 0.0171875
18 0.42765543238686393 0.9447109736582039 0.012358290041956366 0.018813632513557367
18 0.31766420313278837 0.9062711632551576 0.012358290041956366 0.018813632513557367
18 0.19782437719806073 0.8616358950065892 0.008996491701630305 0.015670451795397965
18 0.331680081557027 0.9468325307416003 0.012358290041956366 0.018813632513557367
18 0.3075913861211304 0.9383751361277947 0.012358290041956366 0.018813632513557367
18 0.23532529981344047 0.9130029522863774 0.010795790041956365 0.018804542154477844
31 0.54419324357573 0.35783716667300325 0.021851689212119395 0.020430674668035033
31 0.45263362822374587 0.38728883821778026 0.018608290041956365 0.01884999394987581
31 0.46396590499295504 0.6193564496540989 0.016808991701630305 0.015715903590796287
31 0.617424636946323 0.7466451366187739 0.016808991701630305 0.015715903590796287
31 0.3810475838321121 0.6597001694034776 0.016808991701630305 0.015715903590796287
31 0.621875 0.94765625 0.015625 0.0171875
31 0.3901894759533052 0.8628615308397961 0.020052390871793335 0.01729658430895551
31 0.5420857079066732 0.9901593081635511 0.016808991701630305 0.015715903590795933
31 0.30576785437754384 0.9039955909482547 0.016808991701630305 0.015715903590795933
14 0.5313380460652409 0.35322238954564017 0.021851689212119395 0.020430674668035033
14 0.6007401641165174 0.413001389643836 0.021851689212119395 0.020430674668035033
14 0.39247645560836625 0.33605359114464656 0.018608290041956365 0.01884999394987581
14 0.4847716219999686 0.39882578103618793 0.021851689212119395 0.020430674668035033
14 0.30305875809787713 0.3318842416121847 0.016808991701630305 0.01571590359079611
14 0.5690766896363266 0.45929967272312744 0.020052390871793335 0.01729658430895533
14 0.3270532877668712 0.37004277176460987 0.018608290041956365 0.01884999394987581
14 0.28608474565032244 0.35543082592114017 0.018608290041956365 0.01884999394987581
14 0.4510515078973844 0.6139604225267357 0.020052390871793335 0.01729658430895533
14 0.6029477398507523 0.7412581998504905 0.020052390871793335 0.01729658430895533
14 0.36741113632162303 0.6550899374556545 0.016808991701630305 0.015715903590796287
14 0.6179224670302356 0.7841587721573934 0.020052390871793335 0.01729658430895533
14 0.5937745720092573 0.7749201275435876 0.016808991701630305 0.015715903590796287
14 0.5326827840418936 0.7526093111886132 0.020052390871793335 0.01729658430895533
14 0.4780185948297742 0.7326058833973201 0.020052390871793335 0.01729658430895533
14 0.19658915084377013 0.6287279462362532 0.020052390871793245 0.01729658430895533
14 0.5313221162003986 0.7862257870863122 0.020052390871793335 0.01729658430895533
14 0.6113083819719455 0.9444241064663487 0.020052390871793335 0.017296584308955688
14 0.37571257885773457 0.8574745940715127 0.020052390871793335 0.01729658430895533
14 0.527668010396184 0.9855536213952675 0.021851689212119395 0.02043067466803521
14 0.2921314068670548 0.8993853590004315 0.016808991701630305 0.015715903590796287
14 0.38742151869455393 0.9707376633533535 0.020052390871793335 0.01729658430895533
14 0.3408066278227606 0.9538137837666625 0.020052390871793335 0.01729658430895533
10 0.4974599535337738 0.33935078708631217 0.021851689212119395 0.020430674668035033
10 0.446875 0.32421875 0.021875 0.0109375
10 0.538689527393909 0.38835136846840135 0.021851689212119395 0.020430674668035033
10 0.4832440881817897 0.36835248585664815 0.021851689212119395 0.020430674668035033
10 0.43897294730999636 0.3514149707313376 0.018608290041956365 0.01884999394987581
10 0.6021492987645333 0.44191218482337585 0.021851689212119395 0.020430674668035033
10 0.5111691012540442 0.4377519256499937 0.018608290041956365 0.01884999394987581
10 0.22895840726804012 0.33387853366846654 0.01860829004195628 0.01884999394987581
10 0.5966017288530903 0.6678252450300303 0.020052390871793335 0.01729658430895533
10 0.41729181453608016 0.6016513200674076 0.020052390871793335 0.01729658430895533
10 0.36503057490904245 0.5824155067374953 0.016808991701630305 0.015715903590796287
10 0.27101954316545596 0.5485722927436528 0.016808991701630305 0.015715903590796287
10 0.5691880464894481 0.7289490973911624 0.020052390871793335 0.01729658430895533
10 0.5121209076922474 0.7081780551384889 0.020052390871793335 0.01729658430895533
10 0.33443269296031886 0.6427762898167867 0.016808991701630305 0.015715903590796287
10 0.2813902033332811 0.6235450216664141 0.016808991701630305 0.015715903590796287
10 0.18653872200461302 0.5889251028521114 0.016808991701630215 0.015715903590796287
10 0.346945270969639 0.684127997662309 0.016808991701630305 0.015715903590796287
10 0.517626469104828 0.7808343051384888 0.020052390871793335 0.01729658430895533
10 0.5767082390255599 0.9313382991865605 0.020052390871793335 0.01729658430895533
10 0.520540749398522 0.912125211754347 0.021851689212119395 0.02043067466803521
10 0.34357458508151206 0.8459376512531052 0.020052390871793335 0.01729658430895533
10 0.29209459545447414 0.8266972927436529 0.016808991701630305 0.015715903590796287
10 0.19573981371088767 0.79286771428843 0.016808991701630215 0.01571590359079611
10 0.49312706703488 0.9732490641154794 0.021851689212119395 0.02043067466803521
10 0.4368411782376791 0.952473476683266 0.025095088382282426 0.022011355386194253
10 0.2591529635057507 0.8870717113615637 0.020052390871793335 0.01729658430895533
10 0.20773217346379433 0.8686126028521116 0.02185168921211931 0.02043067466803521
10 0.11119979296496325 0.8324392743968886 0.02185168921211931 0.020430674668035033
10 0.45078125 0.99296875 0.0203125 0.0140625
10 0.19285345728197328 0.8991813468019874 0.016808991701630215 0.015715903590795933
22 0.4790768064382032 0.33398657621572775 0.028101689212119398 0.020467036104353475
22 0.49862063444752336 0.37529737744539177 0.028101689212119398 0.020467036104353475
22 0.5024327186806208 0.40497578708631216 0.02990098755244528 0.023601126463433174
22 0.6234375 0.6796875 0.0125 0.021875
22 0.3987902682703467 0.5947246091968232 0.028101689212119398 0.020467036104353475
22 0.5491240002237147 0.7220314768796576 0.028101689212119398 0.020467036104353475
22 0.3159903462796668 0.6366308289462023 0.028101689212119398 0.020467036104353475
22 0.45951704856404063 0.7256791725267357 0.028101689212119398 0.020467036104353475
22 0.5550224931747447 0.9236485190341354 0.03134508838228243 0.0220477168225127
22 0.3235697384008599 0.8398012807416004 0.028101689212119398 0.02046703610435365
22 0.4754067707691464 0.9663178080653552 0.028101689212119398 0.020467036104353298
22 0.2422731168250985 0.8809171601318997 0.02642079004195628 0.018895445745273777
22 0.10040492553838676 0.8653290424490653 0.028101689212119307 0.02046703610435365
22 0.03769143798594139 0.8422460664531704 0.028101689212119307 0.02046703610435365
25 0.46015625 0.328125 0.0203125 0.01875
25 0.6104749747039054 0.6755604769778536 0.023650987552445456 0.023564765027114732
25 0.38046632075985765 0.5901416483262388 0.018608290041956365 0.01884999394987581
25 0.5283379035430625 0.7158996515476928 0.023650987552445456 0.023564765027114732
25 0.2967667495990147 0.6304899132551577 0.016808991701630305 0.01571590359079611
25 0.5367577452493372 0.9198468081635511 0.023650987552445456 0.023564765027114732
25 0.30524579089037085 0.8352183198710159 0.020407588382282425 0.02198408430895533
25 0.45305817408849425 0.9601950730924699 0.02365098755244528 0.023564765027114732
25 0.2214870201444464 0.8747853347999348 0.01860829004195628 0.01884999394987581
25 0.4350544579066732 0.9907819977605048 0.016808991701630305 0.015715903590795933
16 0.42421875 0.321875 0.0203125 0.00625
16 0.61953125 0.47890625 0.0203125 0.0234375
16 0.5726314325873567 0.6609303504162245 0.02365098755244528 0.023564765027114732
16 0.34352242781347186 0.5770694765850701 0.020407588382282425 0.02198408430895533
16 0.4889910610115953 0.7020598653451433 0.02701278589277134 0.026707945745273777
16 0.2606633062377105 0.6181944463344491 0.020407588382282425 0.02198408430895533
16 0.24818753964097096 0.6495308047457055 0.02365098755244537 0.023564765027114732
16 0.49735170313278837 0.9052257719610015 0.023650987552445456 0.023564765027114732
16 0.2682426983589036 0.8213648981298471 0.020407588382282425 0.02198408430895533
16 0.41443338197194546 0.9455694917103805 0.023650987552445456 0.023564765027114732
16 0.1861056271980607 0.8617040726996864 0.02040758838228234 0.02198408430895533
23 0.62734375 0.39140625 0.0046875 0.0203125
23 0.615998311212088 0.41838378123257963 0.020052390871793335 0.01729658430895542
23 0.4238923989696703 0.348376329142594 0.018608290041956365 0.01884999394987581
23 0.62578125 0.45234375 0.0078125 0.0171875
23 0.5564144367365416 0.6532087540070208 0.020052390871793335 0.01729658430895533
23 0.3280866819626567 0.5693433349963264 0.016808991701630305 0.015715903590796287
23 0.47355531516078014 0.6943337237563997 0.020052390871793335 0.01729658430895533
23 0.24522756038689536 0.6104683047457055 0.016808991701630215 0.015715903590796287
23 0.38394836350110617 0.6979814194034777 0.016808991701630305 0.015715903590796287
23 0.3989976361211304 0.9378433501216371 0.020052390871793335 0.017296584308955688
23 0.1706698813472456 0.8539779311109428 0.016808991701630215 0.015715903590796287
23 0.29659468653604887 0.9376575186413518 0.020052390871793335 0.017296584308955688
23 0.4818567576968918 0.896718380372258 0.020052390871793335 0.01729658430895533
34 0.2575014948251299 0.5455245607958297 0.020407588382282425 0.02198408430895533
34 0.17223942366428696 0.585881916083828 0.02040758838228234 0.02198408430895533
34 0.3092793276083349 0.6718416211006799 0.020407588382282425 0.02198408430895533
34 0.1806000657854801 0.7890478226996864 0.02040758838228234 0.02198408430895533
34 0.09768174462463719 0.8293915424490652 0.02040758838228234 0.02198408430895533
21 0.4718921910862191 0.36294736837020547 0.010558991701630304 0.015679542154477664
21 0.4646833423309745 0.3606445249860637 0.010558991701630304 0.015679542154477664
21 0.5915194520838811 0.43572127215739337 0.012358290041956366 0.018813632513557367
21 0.49489290581814754 0.4292490792407898 0.010558991701630304 0.015679542154477664
21 0.5453603827971382 0.7548803383159761 0.010558991701630304 0.015679542154477845
21 0.37241886765029103 0.690232551917035 0.012358290041956366 0.018813632513557367
13 0.40917870353377384 0.33986439237431054 0.020407588382282425 0.02198408430895542
13 0.6203125 0.56484375 0.01875 0.0234375
13 0.4327886052027365 0.7133291634515494 0.021851689212119395 0.020430674668035033
13 0.3315095251188239 0.6764018560735654 0.018608290041956365 0.01884999394987581
13 0.2116696991840962 0.6317665878249968 0.02365098755244537 0.023564765027114732
13 0.5029719732540128 0.7731036183702054 0.023650987552445456 0.023564765027114732
28 0.5177850315430939 0.38065704313643633 0.016808991701630305 0.0157159035907962
28 0.543460460382251 0.42036898292978186 0.018608290041956365 0.01884999394987581
28 0.43251038237293093 0.3795899677062755 0.016808991701630305 0.0157159035907962
28 0.4035565881817897 0.3688160941697086 0.016808991701630305 0.0157159035907962
28 0.271875 0.32421875 0.01875 0.0109375
28 0.4846182566479846 0.42774566657480734 0.016808991701630305 0.01571590359079611
28 0.2731703485547518 0.35003479879377714 0.016808991701630305 0.01571590359079611
28 0.1875 0.3234375 0.01875 0.009375
28 0.585986305412518 0.8062292148776052 0.016808991701630305 0.015715903590796287
28 0.14143266724001702 0.8807222382925349 0.016808991701630305 0.015715903590795933
29 0.6196867991887405 0.8177570673369331 0.013683991701630305 0.015697722872636887
29 0.5682660091467844 0.7992979588274809 0.013683991701630305 0.015697722872636887
29 0.5758766769882793 0.7656451214934634 0.015364890871793335 0.01726931323171659
29 0.521330886946323 0.7472041937021704 0.013683991701630305 0.015697722872636887
29 0.5052914898507523 0.7418263472929667 0.013683991701630305 0.015697722872636887
27 0.5877665674358653 0.406824112516473 0.013683991701630305 0.015697722872636887
27 0.4719164244894795 0.39421100390882485 0.013683991701630305 0.015697722872636887
27 0.34084310062934425 0.34573311817381375 0.013683991701630305 0.015697722872636887
27 0.5224025991794518 0.44159454313643637 0.013683991701630305 0.015697722872636887
27 0.44040631536127284 0.41158940144949685 0.013683991701630305 0.015697722872636887
27 0.6066297695197465 0.7795349046709508 0.013683991701630305 0.015697722872636887
27 0.2673519367365415 0.65489047043675 0.013683991701630305 0.015697722872636887
27 0.5432776645407247 0.789282609393215 0.013683991701630305 0.015697722872636887
27 0.3986550166199615 0.9745802808397961 0.013683991701630305 0.015697722872636887
27 0.322305081557027 0.9468870728960781 0.013683991701630305 0.015697722872636887
27 0.052949585081512 0.847628458041914 0.013683991701630215 0.015697722872636887
32 0.625 0.425 0.009375 0.01875
32 0.31915735477852925 0.3380433380213886 0.026420790041956365 0.018895445745273864
32 0.40586537199996864 0.39928484416970866 0.028220088382282425 0.022029536104353476
32 0.4008282101817583 0.7041359706331418 0.026420790041956365 0.018895445745273777
32 0.2483580960791741 0.9199614794137403 0.026420790041956188 0.018895445745273777
24 0.5700462711701316 0.39989285646634876 0.020052390871793335 0.01729658430895542
24 0.5217747145314359 0.41267920277735676 0.020052390871793335 0.01729658430895542
24 0.36901564482048543 0.35651153688992043 0.016808991701630305 0.0157159035907962
24 0.4541019624568435 0.41698088339732015 0.020052390871793335 0.01729658430895542
24 0.387363825734235 0.3923581332991242 0.016808991701630305 0.01571590359079611
24 0.6080818352820045 0.5614616155415351 0.018608290041956365 0.01884999394987581
24 0.5616365782330348 0.76338318472518 0.020052390871793335 0.01729658430895533
24 0.4177080568624104 0.7102905218628057 0.020052390871793335 0.01729658430895533
24 0.3622034180652095 0.6895103892510527 0.020052390871793335 0.01729658430895533
24 0.29630573092768275 0.665664343973317 0.016808991701630305 0.015715903590796287
24 0.2716655415150708 0.928423419207086 0.016808991701630305 0.015715903590796287
24 0.11890647180412035 0.8722557533196497 0.016808991701630305 0.015715903590796287
24 0.06502353259200104 0.8522477803488169 0.020052390871793335 0.01729658430895533
17 0.20390625 0.32578125 0.0203125 0.0140625
17 0.6265625 0.7859375 0.00625 0.01875
17 0.49466164317010025 0.7356354346269841 0.020407588382282425 0.02198408430895533
17 0.6076128516782514 0.8131377450300302 0.018608290041956365 0.01884999394987581
17 0.5568549124661322 0.7931115913410383 0.018608290041956365 0.01884999394987581
17 0.35739047657800516 0.9560620849963264 0.018608290041956365 0.01884999394987581
17 0.21514285437754385 0.9045228317748727 0.01860829004195628 0.01884999394987581
30 0.5587186074778215 0.4257513745185255 0.018608290041956365 0.01884999394987581
30 0.3529170481398333 0.3503524404807166 0.016808991701630305 0.01571590359079611
30 0.6060205825827122 0.47237184446429625 0.018608290041956365 0.01884999394987581
30 0.2802071342470306 0.6595052475641131 0.016808991701630305 0.01571590359079611
30 0.23275179379015584 0.6418046631569618 0.016808991701630215 0.015715903590796287
30 0.4107289641304505 0.979199603146699 0.016808991701630305 0.015715903590795933
30 0.15590956433558759 0.8861091750608185 0.016808991701630215 0.015715903590795933
11 0.34765625 0.3234375 0.0203125 0.009375
11 0.28671875 0.3265625 0.0203125 0.015625
15 0.557131874074561 0.3944968293389857 0.017164189212119395 0.020403403590796197
15 0.46756081121208803 0.4192473653451433 0.017164189212119395 0.020403403590796197
15 0.2834434911001523 0.9291364915139889 0.017164189212119395 0.020403403590796287
15 0.07764193176216408 0.85373755747618 0.017164189212119308 0.020403403590796287
10 0.5906305356922787 0.37241729625969433 0.026894386722608486 0.025145445745273866
12 0.5159023002144257 0.34549624795689654 0.026894386722608486 0.025145445745273866
2 0.205784706857766 0.5231592022863774 0.02040758838228234 0.02198408430895533
2 0.17364671308154334 0.5116222594679698 0.02040758838228234 0.02198408430895533
2 0.13116782823303472 0.7658875786516146 0.02040758838228234 0.02198408430895533
2 0.09981108445681204 0.7543460906536673 0.02040758838228234 0.02198408430895533
2 0.1196821861118416 0.5627398527539157 0.02040758838228234 0.02198408430895533
2 0.08814784358037442 0.5488546147559681 0.02040758838228234 0.02198408430895533
2 0.046687007072191866 0.8062403887600732 0.02040758838228234 0.02198408430895533
2 0.014549013295969183 0.7947034459416656 0.02040758838228234 0.02198408430895533
22 0.3740341089277141 0.32990813027406213 0.026420790041956365 0.018895445745273954
34 0.3837293402563821 0.36502347365820387 0.020407588382282425 0.02198408430895542
13 0.5849384879766527 0.46233376913233126 0.023650987552445456 0.023564765027114555
29 0.5351985971048594 0.4454280702637995 0.023650987552445456 0.023564765027114642
29 0.4218455695104577 0.40388144057891245 0.02689438672260831 0.025145445745273953
29 0.3582324327878494 0.37924050976255735 0.025095088382282426 0.022011355386194253
17 0.3422522352773603 0.37464391335335356 0.020407588382282425 0.02198408430895542
11 0.3020649431608115 0.360027422330344 0.023650987552445456 0.023564765027114642
29 0.2626589010442627 0.3454063861277946 0.015364890871793335 0.01726931323171659
29 0.21526276017246956 0.32848705172064335 0.015364890871793335 0.01726931323171659
25 0.24175440519344765 0.33771206079582966 0.018608290041956365 0.01884999394987581
1 0.2555945300932013 0.47910013007767044 0.015364890871793335 0.01726931323171641
10 0.5096811466945853 0.6347223744203296 0.026894386722608486 0.025145445745273776
12 0.4333312116316508 0.6070291664766115 0.023650987552445456 0.023564765027114732
22 0.2894026902610265 0.5539365036142373 0.02845688672260831 0.025154536104353475
6 0.2339572510489072 0.5339376210024842 0.02040758838228234 0.02198408430895533
6 0.15097973030298278 0.573500090751863 0.02040758838228234 0.02198408430895533
6 0.15867752159433893 0.7782330425472612 0.02040758838228234 0.02198408430895533
6 0.07564080126333303 0.8170142622966402 0.02365098755244537 0.023564765027114732
0 0.19040816059203242 0.5162143106976338 0.01860829004195628 0.01884999394987581
0 0.15838856598597278 0.5062398678792261 0.02040758838228234 0.02198408430895533
0 0.10598653901627104 0.5573483708060923 0.02040758838228234 0.02198408430895533
0 0.07373014606988533 0.5442489279876848 0.02365098755244537 0.023564765027114732
0 0.11512843113746415 0.7605097322424108 0.02040758838228234 0.02198408430895533
0 0.08371248777615996 0.7481869942444634 0.02040758838228234 0.02198408430895533
0 0.03064760997662126 0.8008625423508693 0.01860829004195628 0.01884999394987581
0 0.0046875 0.78828125 0.009375 0.0234375
12 0.5866123448297742 0.7319741034412865 0.026894386722608486 0.025145445745273776
10 0.42598157553374244 0.6750706393492484 0.028456886722608488 0.025154536104353652
29 0.3994307309276827 0.6650643802740621 0.013683991701630305 0.015697722872636887
12 0.35269744088572635 0.6465780006873711 0.026894386722608486 0.025145445745273776
22 0.20636596993002057 0.5927177233636163 0.03013778589277134 0.026726126463433177
12 0.594250936536049 0.9359258052366848 0.028456886722608488 0.0251545361043533
10 0.43518266724001703 0.8790132507855668 0.025095088382282426 0.022011355386194253
12 0.35871433300691963 0.8497575428418488 0.026894386722608486 0.025145445745273776
23 0.25352900292300695 0.8128529613615637 0.016808991701630305 0.015715903590796287
22 0.2147858116362952 0.7966648799794745 0.02822008838228234 0.022029536104353476
10 0.5921875 0.99765625 0.028125 0.0046875
12 0.5113918149602876 0.9770507749860637 0.026894386722608486 0.025145445745273776
10 0.3514238964940926 0.9185802657144857 0.025095088382282426 0.022011355386194253
12 0.2758552114311582 0.8908825125912276 0.028456886722608488 0.0251545361043533
22 0.13036419006053385 0.8377989400879331 0.03013778589277134 0.026726126463433177