29 0.259375 0.340625 0.51875 0.578125
1 0.7862365454596382 0.4487127425605049 0.2894012394466932 0.20176468403881637
2 0.8583315081209701 0.3010286732177326 0.27235010714144503 0.20937718936981647
3 0.8921875 0.1484375 0.215625 0.20625
4 0.93203125 0.05390625 0.1359375 0.1078125
7 0.575 0.2796875 0.1125 0.209375
8 0.6171875 0.1359375 0.196875 0.215625
9 0.64765625 0.04453125 0.2578125 0.0890625
10 0.4765625 0.77734375 0.084375 0.2953125
29 0.41875 0.9265625 0.2 0.146875
16 0.21328125 0.90859375 0.3796875 0.1828125
17 0.20078125 0.77734375 0.4015625 0.2953125
28 0.38125 0.77421875 0.275 0.2890625
1 0.88984375 0.82578125 0.2203125 0.1921875
2 0.903125 0.72578125 0.19375 0.1921875
6 0.5953125 0.91171875 0.153125 0.1765625
7 0.62109375 0.8125 0.2046875 0.23125
8 0.646875 0.71875 0.25625 0.178125