34 0.21953125 0.18984375 0.4390625 0.3796875
15 0.71953125 0.18984375 0.5609375 0.3796875
5 0.3741386929401981 0.7206545002271426 0.10468510487264701 0.12695200361804454
9 0.2532242180786256 0.6756020290599579 0.11123549352159508 0.13196705223856356
4 0.14646188078626698 0.6041132106517352 0.09833497532299776 0.12506195499752568
0 0.04140625 0.55546875 0.0828125 0.1171875
20 0.80390625 0.859375 0.3921875 0.28125
23 0.54375 0.825 0.209375 0.265625
14 0.853125 0.61328125 0.29375 0.3390625
16 0.6554189713178281 0.5836557892367231 0.3666610780361765 0.30263583559393475
33 0.49375 0.52578125 0.109375 0.2921875
30 0.80234375 0.4203125 0.3953125 0.08125