2 0.34375 0.209375 0.6875 0.41875
14 0.8801747703125 0 0.8935982156250001 0.04065481875 0.8888210765625001 0.1007082453125 0.8589399 0.15925220625 0.7889125765625 0.2204106359375 0.709375 0.2505401875 0.709375 0.359704040625 0.8169635812499999 0.33020765937499996 0.9495986984375 0.23510081249999998 0.9944204609374999 0.14728487031249998 1 0.0924136203125 1 0.0399805046875 0.9867992000000001 0 0.8801747703125 0
1 0.16174270659392306 0.7813845754478701 0.2752948599917363 0.23771177935935128
2 0.12109375 0.6546875 0.2421875 0.275
3 0.59921875 0.9109375 0.2203125 0.178125
4 0.56796875 0.84375 0.2828125 0.296875
5 0.509273629655937 0.7162830045716657 0.3106517849536113 0.2829067021680551
6 0.4291341476077079 0.5941940996234251 0.30912565254479174 0.28433250113129577
7 0.35625 0.509375 0.3 0.18125
0 0.66640625 0.5390625 0.0859375 0.240625
24 0.709375 1 1 1 1 0.41875 0.9054474499999999 0.41875 0.86662473125 0.4208795203125 0.71874444375 0.4698141984375 0.709375 0.47630993593749993 0.709375 1