7 0.16484375 0.259375 0.3296875 0.51875
2 0.7703125 0.078125 0.31875 0.15625
3 0.67734375 0.12421875 0.2921875 0.2484375
4 0.5729267806333652 0.202606674889259 0.3034544533736345 0.31609987353266966
5 0.48046875 0.3109375 0.3015625 0.3375
6 0.4375 0.38203125 0.215625 0.2734375
7 0.38984375 0.44453125 0.1203125 0.1484375
9 0.95703125 0.4046875 0.0859375 0.228125
0 0.9 0.45390625 0.2 0.1296875
6 0.16171875 0.5703125 0.2640625 0.103125
7 0.10390625 0.62890625 0.2078125 0.2203125
8 0.046875 0.67890625 0.09375 0.2953125
2 0.66484375 0.759375 0.6703125 0.48125