13 0.15 0.209375 0.3 0.41875
22 0.67421875 0.209375 0.6515625 0.41875
6 0.040625 0.47734375 0.08125 0.1171875
0 0.03046875 0.5984375 0.0609375 0.121875
3 0.02421875 0.7203125 0.0484375 0.121875
8 0.01875 0.85 0.0375 0.121875
1 0.771875 0.45390625 0.159375 0.0703125
4 0.7326969917278324 0.5332010440291323 0.15538532092583351 0.12173703163466154
0 0.6920613372607717 0.6485103676413978 0.15553087014004524 0.12486203163466154
6 0.6538422074008169 0.7654776917479548 0.17010279238978612 0.13637253460041113
9 0.6092639156302033 0.8798465978697342 0.16378001778268042 0.13455536661563344
6 0.56484375 0.96328125 0.1671875 0.0734375