22 0.284375 0.1296875 0.46875 0.259375
6 0.9515625 0.1984375 0.096875 0.121875
6 0.9171875 0.12421875 0.165625 0.2046875
6 0.88203125 0.0515625 0.1984375 0.103125
14 0.4609375 0.71796875 0.115625 0.3828125
30 0.36875 0.56484375 0.3 0.3515625
31 0.146875 0.5359375 0.29375 0.4125
32 0.1390625 0.928125 0.278125 0.14375
21 0.3 0.89453125 0.35 0.2109375
19 0.40390625 0.83828125 0.2296875 0.3234375
6 0.953125 0.84609375 0.09375 0.3015625
14 0.91640625 0.7 0.1671875 0.303125
16 0.865625 0.4453125 0.26875 0.309375
2 0.83515625 0.35625 0.3296875 0.19375
27 0.68203125 0.9359375 0.3265625 0.128125
6 0.64765625 0.86328125 0.2578125 0.2734375
31 0.61875 0.715625 0.2 0.315625
14 0.58125 0.55859375 0.125 0.3078125