12 0.36875 0 0.15779784218749998 0 0.010214275 0.090064278125 0 0.10110336718749999 0 0.211388525 0.071458578125 0.13415958125 0.15052999843749998 0.0977186765625 0.26631962656249997 0.0828640546875 0.36875 0.1127392609375 0.36875 0
10 0.5515625 0.028125 0.33125 0.05625
13 0.425 0.18046875 0.1125 0.3515625
14 0.60625 0.2984375 0.440625 0.1625
35 0.71875 0.18125 0.4625 0.3625
0 0.3546875 0.4203125 0.028125 0.08125
4 0.2974813379615018 0.5030937638600512 0.1074681493475449 0.11087585779368574
5 0.20723705128104788 0.6098435637753468 0.10588746801399936 0.10922235253201382
0 0.10859900926959387 0.6999063926298372 0.10748633068109026 0.11243835779368574
9 0.0375 0.8015625 0.075 0.115625
0 0.684375 0.68984375 0.63125 0.6203125