31 0.13125 0.1796875 0.215625 0.359375
1 0.690625 0.2796875 0.203125 0.159375
5 0.684548758584207 0.16656010600458293 0.21837833703942983 0.20974259517409735
0 0.678125 0.0640625 0.20625 0.128125
10 0.11953125 0.88671875 0.2390625 0.2265625
29 0.11953125 0.84140625 0.2390625 0.3171875
0 0.11953125 0.74375 0.2390625 0.48125
23 0.11953125 0.63203125 0.2390625 0.4828125
7 0.11953125 0.5671875 0.2390625 0.415625
9 0.11953125 0.5234375 0.2390625 0.328125
14 0.513407865625 0.359375 0.3347814671875 0.4620204734375 0.353600084375 0.49810407031250004 0.4191352281249999 0.4630830859375 0.45955312812500004 0.46916836249999994 0.572219059375 0.6673452875000001 0.2736700703125 0.8268853296875001 0.2390625 0.7653649437500001 0.2390625 0.8676478671875 0.30808787656250003 1 0.3480624 1 0.32660795625 0.9462440624999999 0.3700522890625 0.9045720812500001 0.8069532500000001 0.671098846875 0.9455509828124999 0.615490315625 1 0.6763725234375 1 0.5974565109375 0.8717631140625001 0.359375 0.8179216374999999 0.359375 0.8853314125 0.5000228046874999 0.6706446546875 0.6239761390625 0.608627471875 0.6478891843750001 0.49947949999999997 0.4386043203125 0.586613928125 0.3735850125 0.5792030046875001 0.359375 0.513407865625 0.359375