28 0.1765625 0.26484375 0.346875 0.5296875
15 0.675 0.26484375 0.65 0.5296875
25 0.059375 0.84296875 0.11875 0.3140625
28 0.175 0.85546875 0.35 0.2890625
15 0.146875 0.67109375 0.29375 0.2828125
18 0.25546875 0.76484375 0.1890625 0.4703125
0 0.959375 0.81484375 0.08125 0.1984375
2 0.8837098524409622 0.7878148699786316 0.19156778154634893 0.20320438947037936
6 0.7523027221832376 0.7595311572720925 0.17668640999505136 0.18708831614940155
2 0.6224580919255127 0.7311928808632228 0.1832639586155702 0.19355657095872497
0 0.4966015988229177 0.7042806951985258 0.16188692559888337 0.17253474282842376
4 0.4046875 0.66953125 0.109375 0.1859375