11 0.0810188546875 0 0 0.079329803125 0 0.65 0.216479025 0.65 0.2798560625 0.6026100078125001 0.3152420734375 0.4717181484375 0.2755993625 0.35625525156250004 0.3536408765625 0.39243845 0.4508817875 0.38898180312499997 0.5390625 0.30689255625 0.5390625 0.1092644796875 0.445775303125 0 0.0810188546875 0
28 0.76953125 0.325 0.4609375 0.65
12 0.9621159769329359 0.7323521774013485 0.018088258706427142 0.018590503333979845
12 0.9064358649925769 0.7627888475550091 0.023021420171816586 0.023660640606883554
12 0.5948089682265086 0.745074157566647 0.02137703301668683 0.021970594849248924
12 0.7586645075747736 0.9223546504396453 0.01808825870642732 0.018590503333979845
12 0.5887437539567288 0.8389357278700889 0.021377033016686742 0.021970594849248924
12 0.54609375 0.8421875 0.0140625 0.01875
29 0.9711601062861496 0.7402444257343586 0.019650758706427317 0.018718049091614473
29 0.84453125 0.65703125 0.0203125 0.0140625
29 0.8481862737444326 0.6992841990722177 0.01965075870642714 0.018718049091614432
29 0.873960879691898 0.7269947398288824 0.01965075870642714 0.018718049091614387
29 0.933032664517607 0.7912168654328565 0.018006371551297563 0.017028003333979847
29 0.8119522026226764 0.7414715701342638 0.01965075870642714 0.018718049091614387
29 0.7266355003386843 0.7303902910465288 0.018006371551297563 0.017028003333979847
29 0.7989442695605611 0.8076545505894265 0.018006371551297563 0.017028003333979847
29 0.604716234734852 0.7544651330208398 0.016443871551297562 0.016900457576345396
29 0.7669273869279871 0.9303106716514726 0.01965075870642714 0.018718049091614473
18 0.9012769742194024 0.664351347555009 0.018006371551297563 0.017028003333979892
18 0.9761751549066686 0.746111788461455 0.018006371551297563 0.017028003333979847
18 0.881319678312417 0.732670783919527 0.017924484396167627 0.01546550333397989
18 0.99296875 0.85546875 0.0140625 0.0171875
18 0.8645792356393631 0.7575750601323242 0.017924484396167804 0.015465503333979846
18 0.9317910690855913 0.8274094569481255 0.01636198439616763 0.015337957576345396
18 0.7652542650380053 0.6887928513480308 0.016361984396167806 0.015337957576345351
18 0.7923257773624772 0.8011334836199646 0.018006371551297563 0.017028003333979847
18 0.6112118962002413 0.7586424499903017 0.021213258706427318 0.018845594849248925
18 0.6985658112836751 0.8535087977144886 0.018006371551297563 0.017028003333979847
18 0.7734230483933764 0.9344879886209345 0.018006371551297563 0.017028003333979847
18 0.6043654319304614 0.8525677931725607 0.018006371551297563 0.017028003333979847
18 0.6917193470138954 0.9474341408967476 0.019650758706427317 0.018718049091614473
18 0.54296875 0.83125 0.0078125 0.015625
18 0.5641399016273082 0.9084190515075103 0.017924484396167804 0.015465503333979846
31 0.9813539778374472 0.7551041511885513 0.023021420171816586 0.023660640606883554
31 0.9879525378779268 0.8510703554309167 0.021377033016686652 0.021970594849248924
31 0.6164316627085846 0.768416062717398 0.02137703301668683 0.021970594849248924
31 0.7786428149017197 0.9442616013480307 0.01808825870642732 0.018590503333979845
31 0.6111886420163698 0.8629951101420226 0.01808825870642732 0.018590503333979845
14 0.98984375 0.76484375 0.0203125 0.0234375
14 0.8626239099950512 0.6753524914958724 0.023021420171816586 0.023660640606883464
14 0.9117065411572872 0.7286211416456536 0.023021420171816586 0.023660640606883464
14 0.856531040252776 0.708802720284045 0.023021420171816586 0.023660640606883464
14 0.9671520369734157 0.8284459274013486 0.023021420171816586 0.023660640606883464
14 0.8829131558111797 0.7780470567983444 0.02137703301668683 0.021970594849248924
14 0.73515625 0.6609375 0.0234375 0.021875
14 0.7945633067611194 0.7240608005894265 0.023021420171816586 0.023660640606883464
14 0.7441881705105008 0.7509260605913661 0.02137703301668683 0.021970594849248924
14 0.6272430099496227 0.7800870152927736 0.02137703301668683 0.021970594849248924
14 0.788591024987628 0.9544338268022237 0.02137703301668683 0.021970594849248924
14 0.621177795679843 0.8739485855962152 0.02137703301668683 0.021970594849248924
14 0.5782909328349727 0.8790185939311652 0.02137703301668683 0.021970594849248924
14 0.5949395222740945 0.8972743863548196 0.01808825870642732 0.018590503333979845
14 0.636499580505552 0.9417419924139564 0.02137703301668683 0.021970594849248924
14 0.673167420849185 0.9826859857459965 0.02137703301668683 0.021970594849248924
14 0.6059865649017198 0.9583554075666469 0.02137703301668683 0.021970594849248924
10 0.890625 0.659375 0.021875 0.01875
10 0.9564734865438744 0.7743961561895212 0.023021420171816586 0.023660640606883554
10 0.990625 0.81484375 0.01875 0.0234375
10 0.8864575576656305 0.7408818966466234 0.023021420171816586 0.023660640606883554
10 0.7797737884437537 0.6664236437716855 0.023021420171816586 0.023660640606883464
10 0.9220475768875074 0.8211434814939327 0.021377033016686652 0.021970594849248924
10 0.6505510351643934 0.80564512468589 0.02137703301668683 0.021970594849248924
10 0.6887813755080264 0.8464615722602957 0.021377033016686742 0.021970594849248924
10 0.811035913047269 0.9784932090741574 0.02137703301668683 0.021970594849248924
10 0.6436226837394838 0.8980079678681492 0.021377033016686742 0.021970594849248924
10 0.6819349112382467 0.9403869154425548 0.02137703301668683 0.021970594849248924
10 0.6151535249876281 0.968591405899657 0.02137703301668683 0.021970594849248924
22 0.9815896732240343 0.8045142198250032 0.0247476944820761 0.026913186364518005
22 0.953874108999683 0.8146225434624249 0.027954581637205676 0.028730777879787082
22 0.6637880195605611 0.818687258624814 0.026392081637205765 0.028603232122152634
22 0.82265625 0.9890625 0.0234375 0.021875
22 0.6577637488683463 0.9133300789282556 0.02474769448207601 0.026913186364518005
22 0.684375 0.990625 0.025 0.01875
25 0.88046875 0.65390625 0.0265625 0.0078125
25 0.8283717407277459 0.6805022481638321 0.023021420171816586 0.023660640606883464
25 0.6765303589996831 0.8372619154425548 0.026228307326946344 0.02547823212215263
25 0.83359375 0.99765625 0.0203125 0.0046875
25 0.6704242011523384 0.9303422357459965 0.026228307326946254 0.025478232122152545
16 0.9065786278828757 0.6756874602821055 0.026228307326946164 0.025478232122152545
16 0.8456278397778062 0.7402918363451214 0.026228307326946164 0.025478232122152545
16 0.7023459085247132 0.8657537061992194 0.026228307326946344 0.025478232122152545
16 0.6962397506773685 0.9588340265026613 0.029598968792335523 0.030420823637421535
23 0.9181302815463488 0.6865133899786636 0.023021420171816586 0.02366064060688351
23 0.9017173874938141 0.7176676661914608 0.02137703301668683 0.02197059484924897
23 0.8648758067611194 0.7183212414958724 0.02137703301668683 0.021970594849248924
23 0.7154191186106214 0.8756708401381431 0.021377033016686742 0.021970594849248924
23 0.7085726543408417 0.9695961833204022 0.02137703301668683 0.021970594849248924
34 0.8040268379687838 0.6950429802859848 0.023021420171816586 0.02366064060688351
34 0.7519154613291037 0.7636333546820108 0.026228307326946344 0.025478232122152545
21 0.996875 0.821875 0.00625 0.015625
21 0.8954197998637146 0.7472116449796335 0.018006371551297563 0.017028003333979847
21 0.9359429805509805 0.8317780925540392 0.01636198439616763 0.015337957576345396
21 0.6296763704196437 0.9313146754444943 0.016361984396167806 0.015337957576345396
13 0.7920248049520972 0.6756233005894264 0.026228307326946164 0.025478232122152545
13 0.7735580879687839 0.6975301225598581 0.023021420171816586 0.023660640606883464
13 0.7024643379687838 0.7033334545322296 0.023021420171816586 0.02366064060688351
13 0.7706621393028363 0.7770103284692136 0.026228307326946164 0.02547823212215263
13 0.6281857914959714 0.9777272898385808 0.026228307326946254 0.02547823212215263
28 0.9706145516727368 0.7897182672496277 0.018088258706427142 0.018590503333979845
28 0.9255919787419582 0.7839783213422119 0.02137703301668683 0.021970594849248924
28 0.99609375 0.865625 0.0078125 0.01875
28 0.9402996099041943 0.8400529781599528 0.01808825870642732 0.018590503333979845
28 0.8053337104245925 0.734950503164802 0.021377033016686652 0.02197059484924897
28 0.5685374745580868 0.9174751871134241 0.01808825870642732 0.018590503333979845
29 0.54609375 0.8921875 0.0140625 0.015625
29 0.5817744589542545 0.9305173210523477 0.014799484396167805 0.015210411818710768
29 0.6088758695151326 0.9086902474149262 0.018006371551297563 0.017028003333979847
29 0.6447624598587656 0.9496980136257835 0.014799484396167805 0.015210411818710768
29 0.6556147506773685 0.9621502162011591 0.014799484396167805 0.015210411818710768
27 0.9223950576656306 0.7379483442210291 0.014799484396167805 0.015210411818710768
27 0.9754558599041943 0.8371831986131758 0.014799484396167805 0.015210411818710768
27 0.8330492746489437 0.7248421795273804 0.014799484396167805 0.015210411818710811
27 0.9153471975342938 0.8130599145244709 0.014799484396167805 0.015210411818710856
27 0.9702670708946137 0.8729134045225312 0.014799484396167805 0.015210411818710856
27 0.5858135057657512 0.8878196380218096 0.016443871551297562 0.016900457576345396
27 0.5984639919709412 0.9495543634760024 0.014799484396167805 0.015210411818710768
32 0.8900838466752111 0.7052792364949025 0.0247476944820761 0.026913186364518005
32 0.98984375 0.8984375 0.0203125 0.028125
32 0.7837110159425166 0.711608598014051 0.0247476944820761 0.026913186364518005
32 0.6842941921072269 0.6859864578662094 0.027954581637205766 0.028730777879787082
24 0.8784093622790433 0.6921095567983443 0.01808825870642732 0.01859050333397989
24 0.9348917356393631 0.7518355010387701 0.021377033016686652 0.021970594849248924
24 0.8398824508136542 0.6905469278603904 0.02137703301668683 0.021970594849248924
24 0.9405552374483855 0.800017909523501 0.021377033016686652 0.021970594849248924
24 0.76796875 0.6578125 0.0203125 0.015625
24 0.8147562980546921 0.7051514328613603 0.021377033016686652 0.021970594849248924
24 0.9619223043862701 0.8633948833107038 0.021377033016686652 0.021970594849248924
24 0.7117950723649515 0.7166944528652396 0.021377033016686742 0.02197059484924897
24 0.672660651288624 0.6735980281696512 0.01808825870642732 0.01859050333397989
24 0.7783075429663094 0.7881551225598582 0.02137703301668683 0.021970594849248924
24 0.6165622167561706 0.9206162915055707 0.02137703301668683 0.021970594849248924
17 0.85546875 0.66171875 0.0234375 0.0234375
17 0.72734375 0.6546875 0.0234375 0.009375
17 0.7349393232694628 0.7391275622583561 0.0230214201718165 0.023660640606883554
17 0.5697823920163698 0.8663750727193378 0.02137703301668683 0.021970594849248924
17 0.6646179364530174 0.9692612145341691 0.023021420171816586 0.023660640606883554
17 0.5551776594292244 0.9020893031745004 0.02137703301668683 0.021970594849248924
17 0.5915998383074681 0.9383457965065407 0.02137703301668683 0.021970594849248924
30 0.9163840750784852 0.7729610730092018 0.021377033016686652 0.021970594849248924
30 0.8255267017181651 0.7160411354367359 0.01808825870642732 0.01859050333397989
30 0.8579607434412793 0.7510539931628624 0.02137703301668683 0.021970594849248924
15 0.9447580585701416 0.7604452264929629 0.01965075870642714 0.018718049091614387
15 0.9542769007227971 0.8522500892200593 0.01965075870642714 0.018718049091614473
10 0.9520449361143329 0.7198362019471557 0.027954581637205676 0.028730777879787082
12 0.99453125 0.77421875 0.0109375 0.0296875
20 0.5548191333099426 0.8503354845380485 0.02137703301668683 0.021970594849248924
10 0.81484375 0.66171875 0.0265625 0.0234375
13 0.8735824214150119 0.7646860584653343 0.026228307326946164 0.02547823212215263
29 0.9069614874483856 0.8027601433126434 0.026228307326946164 0.02547823212215263
29 0.9843262488683463 0.8866730155826377 0.027954581637205676 0.028730777879787082
22 0.7553469985296619 0.679401875893838 0.027954581637205676 0.028730777879787082
17 0.6609375 0.66171875 0.028125 0.0234375
1 0.6605191774079058 0.7263722128671792 0.019650758706427317 0.018718049091614387
10 0.5839157338303409 0.7318407049912714 0.027954581637205857 0.028730777879787082
12 0.6388356071906607 0.7916941949893318 0.027954581637205857 0.028730777879787082
10 0.7486344103337356 0.9106199249854525 0.027954581637205676 0.028730777879787082
12 0.8001836222286661 0.9660410064987819 0.026228307326946164 0.02547823212215263
10 0.5794130195605611 0.8255747295370787 0.029598968792335523 0.030420823637421712
29 0.5978288268875074 0.8476092262030989 0.016443871551297562 0.016900457576345396
12 0.6342919493433161 0.8846469695351391 0.027954581637205766 0.028730777879787082
10 0.74140625 0.99375 0.0296875 0.0125