1 0.92265625 0.21484375 0.1546875 0.4296875
1 0.790625 0.2140625 0.403125 0.428125
1 0.69921875 0.18515625 0.4046875 0.3703125
2 0.95078125 0.21484375 0.0984375 0.4296875
5 0.6578125 0.18125 0.35625 0.3625
7 0.621875 0.1453125 0.284375 0.290625
6 0.57265625 0.128125 0.1859375 0.25625
8 0.828125 0.21484375 0.34375 0.4296875
9 0.865625 0.21484375 0.26875 0.4296875
20 0.16640625 0.90859375 0.3328125 0.1828125
23 0.04375 0.85078125 0.0875 0.2984375
14 0.28359375 0.784375 0.3921875 0.390625
16 0.13359375 0.67734375 0.2671875 0.3328125
30 0.29609375 0.53046875 0.3671875 0.2015625
17 0.7328125 0.71484375 0.50625 0.5703125