31 0.3296875 0.23984375 0.659375 0.4796875
4 0.7471041355732501 0.05999963037225804 0.021377033016686652 0.020430674668035033
4 0.7359995392367231 0.048349058065355166 0.021377033016686652 0.020430674668035033
3 0.4390625 0.98046875 0.1125 0.0390625
0 0.35493324570458684 0.9155820098607531 0.11666960085908258 0.11002041549465283
0 0.2714014507021124 0.8254706151487516 0.115025213703953 0.1084488251355733
8 0.2025463093631112 0.7235586572050334 0.09529256784239593 0.08958974082661779
6 0.1144907886708963 0.6303495335702707 0.11502521370395283 0.10844882513557322
1 0.040625 0.54140625 0.08125 0.1015625
24 0.81796875 0.6953125 0.3171875 0.43125
17 0.8703125 0.85703125 0.259375 0.2859375