9 0.2 0.3890625 0.4 0.540625
1 0.69453125 0.590625 0.3796875 0.1375
2 0.6234712049604443 0.4684965650563301 0.40883516141722503 0.2722580625490476
3 0.58125 0.30390625 0.3625 0.2765625
4 0.55 0.14296875 0.3 0.2859375
5 0.51484375 0.0578125 0.2296875 0.115625
6 0.9515625 0.44296875 0.096875 0.2703125
7 0.9203125 0.2859375 0.159375 0.26875
8 0.88671875 0.12734375 0.2265625 0.2546875
9 0.853125 0.0453125 0.29375 0.090625
30 0.2 0.8296875 0.4 0.340625
25 0.4 0.659375 0.4 0.8248209984375 0.5282471796875 0.8058781343750001 0.6137579765625001 0.7726166140624999 0.9895365593750001 0.6980989546874999 0.9875249953124999 0.659375 0.773710134375 0.659375 0.6815239546875 0.6776557078125001 0.6779398796875 0.659375 0.4 0.659375