34 0.334375 0.26484375 0.66875 0.5296875
8 0.834375 0.26484375 0.33125 0.5296875
1 0.21337575437289952 0.9912557666265404 0.015128092531467274 0.014471676959604097
5 0.22354365976683982 0.9814177653728992 0.021851689212119395 0.020903533386094963
2 0.2985507020838812 0.7162223258768827 0.016808991701630305 0.016079641066226814
1 0.09080016951510209 0.865303368896396 0.013447193361304243 0.01286371285298138
5 0.10018682490904247 0.8554426355894436 0.021851689212119395 0.020903533386094963
2 0.21241044730999636 0.628747406439126 0.016808991701630305 0.016079641066226814
1 0.00546875 0.778125 0.0109375 0.0125
5 0.01404657013515762 0.7679677161516867 0.02185168921211931 0.020903533386094787
3 0.11484375 0.5328125 0.0171875 0.00625
28 0.834375 0.76484375 0.33125 0.4703125