30 0.23984375 0.35 0.4796875 0.7
3 0.91953125 0.60078125 0.1609375 0.1828125
3 0.915625 0.39453125 0.16875 0.1734375
4 0.91171875 0.1953125 0.1765625 0.190625
4 0.9 0.05078125 0.175 0.1015625
5 0.753125 0.61484375 0.184375 0.1703125
5 0.74520726284854 0.43016461145810203 0.1870534045687478 0.1877654813887503
6 0.7366172033100591 0.2250426178682428 0.18596450124939992 0.19394270678164424
6 0.72734375 0.06171875 0.1890625 0.1234375
7 0.5828125 0.628125 0.1875 0.14375
7 0.57109375 0.45703125 0.1828125 0.1984375
8 0.56484375 0.2546875 0.1703125 0.18125
8 0.56171875 0.0734375 0.1640625 0.146875
0 0.73984375 0.8578125 0.5203125 0.284375