10 0.73984375 0.209375 0.5203125 0.41875
14 0.4796875 1 0.4796875 0.852965403125 0.22701861406249998 0.7913260328125 0.32349486562499996 0.515347225 0.256009253125 0.49686015 0.16703140156250001 0.774893078125 0 0.7291363343749999 0 0.8215386578124999 0.45248541875 0.94549295 0.4690795453125 0.9920398171875 0.467217396875 1 0.4796875 1
2 0.8410086687765347 0.6390625 0.020025457576345395 0.015625
2 0.8513720839292255 0.6078125 0.018462957576345397 0.015625
2 0.8075422066582615 0.5609375 0.020025457576345395 0.015625
2 0.8178418489321349 0.53046875 0.020025457576345395 0.015625
2 0.6278228846878298 0.58046875 0.02015300333397989 0.0171875
2 0.6389675498405205 0.54921875 0.020025457576345308 0.015625
2 0.5927939225695565 0.50234375 0.01859050333397989 0.0171875
2 0.6038110419646128 0.47265625 0.020025457576345395 0.015625
0 0.8470353992316972 0.62265625 0.018462957576345397 0.015625
0 0.8572712686267534 0.59296875 0.020025457576345218 0.015625
0 0.8127239142346067 0.5453125 0.020025457576345395 0.015625
0 0.8228960107508456 0.51640625 0.020153003333979846 0.0171875
0 0.6338496151429924 0.5640625 0.020153003333979846 0.0171875
0 0.6440217116592313 0.53515625 0.020153003333979937 0.0171875
0 0.5986293343882674 0.48828125 0.02015300333397989 0.0171875
0 0.6097102266621408 0.4578125 0.02015300333397989 0.0171875
1 0.8798959545322296 0.6890625 0.015082866061076316 0.0125
1 0.6674276475647074 0.63125 0.014955320303441776 0.0109375
6 0.8308365722602957 0.66796875 0.018462957576345397 0.015625
6 0.7958076101420225 0.58984375 0.018718049091614473 0.01875
6 0.6176507881715908 0.609375 0.018462957576345352 0.015625
6 0.5833393031745004 0.53203125 0.01859050333397989 0.0171875