32 0.24453125 0.325 0.4890625 0.65
2 0.6128230994191324 0.29244541642740324 0.05032726400381797 0.029871038474587407
1 0.6082901407542687 0.3058903575343958 0.050309082670272565 0.02830853847458741
6 0.6697799820575883 0.08255949573883078 0.05032726400381797 0.029871038474587407
6 0.6593242873965426 0.1243476916551467 0.04722044533736343 0.03132441106992552
7 0.6742674873885883 0.06520830463183813 0.047202264003817974 0.029761911069925696
3 0.6195543574156326 0.26641862976691444 0.050345445337363424 0.03143353847458741
2 0.6660737267265882 0.09988340499465789 0.05032726400381797 0.029871038474587407
18 0.4890625 0.65 0 0.65 0 0.7266137718750001 0.4890625 0.771383946875 0.4890625 0.65
33 0.61953125 0.83984375 0.2609375 0.2015625
22 0.62578125 0.69921875 0.2734375 0.0984375
17 0.915625 0.9015625 0.16875 0.184375
11 0.9203125 0.74296875 0.159375 0.1859375