12 0.65 0.25593029375 0.5070102921874999 0.36984930781249997 0.22547575625 0.42855621718750003 0.11513514062500001 0.40138550312500004 0.0752705140625 0.43051002031249996 0.12072287968749999 0.465892978125 0.26018556875 0.4913846125 0.40120105156249997 0.4765476296875 0.5616524187499999 0.4181154453125 0.65 0.3437797546875 0.65 0.25593029375
15 0.7483459406249999 0 0.65 0.07807266874999999 0.65 0.172445315625 0.7163450703125 0.13008030937499998 0.74546714375 0.12840123125 0.8118446828125 0.20728781562499998 0.8910140015625 0.24743328281250002 0.65 0.40882186093749995 0.65 0.480507625 0.7151616953125 0.454296765625 0.97018331875 0.287578753125 1 0.3054732171875 1 0.1678096953125 0.9640991484375 0.1940383359375 0.864004659375 0.110389240625 0.8251963953124999 0.07015219687499999 0.8737543515624999 0.024877915625 0.8560085734375 0 0.7483459406249999 0
0 0.21328125 0.5953125 0.3578125 0.171875
34 0.13125 0.6375 0.2625 0.25625
9 0.06484375 0.6890625 0.1296875 0.359375
31 0.51171875 0.81328125 0.2765625 0.3734375
35 0.4171875 0.8640625 0.353125 0.271875
10 0.28203125 0.9109375 0.3671875 0.178125
14 0.15859375 0.9609375 0.3171875 0.078125
8 0.94765625 0.72421875 0.1046875 0.1890625
5 0.8969024899707666 0.8149814866040241 0.18555661035393456 0.18430463636243816
6 0.80703125 0.90703125 0.1859375 0.1859375
2 0.7296875 0.95703125 0.159375 0.0859375