10 0.21484375 0.225 0.4296875 0.45
6 0.71484375 0.225 0.5703125 0.45
5 0.3594649509902765 0.9268509130121831 0.13878768086722193 0.13008562307124444
0 0.3027085201230545 0.8020220912975283 0.1387876808672221 0.13008562307124444
9 0.23080554288448987 0.68166072408638 0.144021985014259 0.1366360117201923
4 0.1651819599437494 0.5531561898486539 0.14911958812453677 0.14162390036914027
6 0.1046875 0.47734375 0.15 0.0546875
5 0.83125 0.9625 0.128125 0.075
0 0.7656480175311563 0.8657539242709502 0.13199087672018486 0.12343510487264701
9 0.6833543444396287 0.7509416502122568 0.1355259798304626 0.12832286397194573
4 0.6094787640907864 0.6257926534514592 0.14062358294074057 0.1333107526208937
6 0.5375 0.5140625 0.140625 0.128125