15 0.225 0.29453125 0.45 0.5890625
6 0.8515625 0.3796875 0.296875 0.41875
13 0.8 0.31796875 0.4 0.5421875
23 0.75625 0.29375 0.4875 0.5875
35 0.725 0.19921875 0.55 0.3984375
17 0.725 0.15 0.55 0.3
6 0.725 0.109375 0.55 0.21875
19 0.225 0.79453125 0.45 0.4109375
2 0.8816817080472511 0.7368276126064102 0.04957849784053181 0.04601387272903601
1 0.8923886705703223 0.7462504100310346 0.04947836829088246 0.04445137272903601
6 0.73125 0.5953125 0.05 0.0125
6 0.76015625 0.6109375 0.0484375 0.04375
3 0.8641239682262839 0.7175196321512475 0.05124112739018116 0.04770391848667046
2 0.7421875 0.60234375 0.05 0.0265625