20 0.16953125 0.253125 0.3390625 0.39375
21 0.7375 0.428125 0.009375 0.04375
17 0.95703125 0.4359375 0.0234375 0.028125
18 0.5193526030875504 0.4133055385402404 0.008603432629559826 0.04535795179539796
17 0.909375 0.43359375 0.025 0.0328125
18 0.9828125 0.4359375 0.0125 0.028125
17 0.4850321501654511 0.4099805506404889 0.024310253246410875 0.05013635538619425
18 0.71171875 0.42734375 0.0078125 0.0453125
13 0.3882798810907276 0.40238569837755256 0.024255706168510117 0.047011355386194255
11 0.4194753340128269 0.40569250555914493 0.024310253246410875 0.05013635538619425
29 0.46707703693492625 0.4090947615110732 0.016388659090609537 0.04384090359079629
28 0.5591690795486001 0.4150998426967707 0.024310253246410875 0.05013635538619425
21 0.6575111221622738 0.42114128531878664 0.024228432629559826 0.045448855386194253
18 0.92421875 0.43515625 0.0109375 0.0296875
29 0.5771105560096498 0.41676688182618626 0.016388659090609537 0.04384090359079611
29 0.7703125 0.42890625 0.015625 0.0421875
29 0.99296875 0.43671875 0.0140625 0.0265625
29 0.6099094192401745 0.41773902936685825 0.021103432629559826 0.045430674668035034
14 0.5054537443212525 0.4038487253085239 0.02406479139585782 0.03607385538619425
31 0.35 0.39140625 0.021875 0.0359375
28 0.8393787309285718 0.4315753121515621 0.02406479139585791 0.03607385538619425
14 0.3688849987854793 0.39445956888905725 0.024146612012708867 0.040761355386194256
14 0.6778508957012243 0.41969695998682166 0.02406479139585791 0.03607385538619425
30 0.7871168015454229 0.42658328512239485 0.024146612012708957 0.040761355386194256
10 0.753536688314898 0.4256065924021831 0.024146612012708957 0.040761355386194256
32 0.88515625 0.43203125 0.0328125 0.0359375
28 0.7262338486233235 0.4231037611182898 0.021021612012708957 0.04074317466803503
27 0.8073747544675222 0.4298264597904298 0.016306838473758488 0.03915340359079629
14 0.8214508912369973 0.4291270230221464 0.024146612012708957 0.040761355386194256
27 0.5327429472433517 0.40713280659241724 0.017896612012708958 0.04072499394987581
10 0.5936122633959758 0.4113935805965222 0.024146612012708957 0.040761355386194256
14 0.6271651030875504 0.413932773316734 0.024146612012708957 0.040761355386194256
12 0.9390625 0.43359375 0.025 0.0328125
16 0.6966690795486 0.415899794295777 0.02592730032431163 0.05327044574527377
34 0.44152761201600416 0.3956635205862595 0.024310253246410875 0.05013635538619425
18 0.3684407138824432 0.33038797852997764 0.008603432629559826 0.045357951795398144
13 0.5635077520318902 0.34558677341492994 0.02123980032431163 0.053243174668035034
11 0.6274884314150391 0.35064697813719425 0.024255706168510117 0.047011355386194255
18 0.588494115262415 0.34651346916020376 0.008657979707460583 0.048482951795398146
22 0.3515625 0.32734375 0.025 0.0421875
20 0.3856009403434929 0.3320504724798535 0.021130706168510205 0.04699317466803503
20 0.6883577475676633 0.3549077521412993 0.024255706168510117 0.047011355386194255
29 0.6009532049539895 0.3489299420328408 0.018005706168510115 0.04697499394987581
23 0.4730873035740178 0.33334078258831207 0.02093979139585782 0.03605567466803503
10 0.6486094549539895 0.34920719798476907 0.025709112012708778 0.040770445745273866
14 0.4036242374213936 0.3290300116092691 0.02414661201270878 0.040761355386194256
10 0.4520208271129681 0.33165556274073726 0.025709112012708868 0.040770445745273866
28 0.5027338932655923 0.33585724941082484 0.02093979139585782 0.03605567466803503
23 0.5409742329571667 0.3384237132082754 0.02406479139585791 0.03607385538619425
12 0.43332537419086875 0.3284214784317818 0.0240920649348082 0.037636355386194253
12 0.6681407049539895 0.3493208274732643 0.02414661201270878 0.040761355386194256
14 0.5222787800350674 0.33518962889932 0.025709112012708778 0.040770445745273866
18 0.6985197260573079 0.26511399911623723 0.011619338473758489 0.039126132513557364
13 0.7368282495962581 0.26377421291368786 0.0240920649348082 0.037636355386194253
18 0.34296875 0.23359375 0.0078125 0.0359375
13 0.675958933443634 0.2595134389095827 0.024092064934808022 0.037636355386194253
21 0.49961462175523674 0.245986228333586 0.01156479139585782 0.03600113251355737
15 0.6111697305215348 0.25601118900777864 0.016279564934808022 0.0375909035907962
29 0.5440913246773361 0.24937030356735504 0.01625229139585791 0.03602840359079611
18 0.5542339379078609 0.25021064090137257 0.011646612012708956 0.040688632513557366
18 0.7500549525183575 0.26697648096586457 0.00849433847375849 0.039107951795398145
13 0.8468481319015065 0.2722275832288009 0.024173885551659068 0.04232385538619425
29 0.46373166883313743 0.24265215007475477 0.01625229139585782 0.0360284035907962
29 0.8140765422099321 0.2696929356881289 0.016306838473758488 0.0391534035907962
11 0.4098799659110381 0.23921353268650797 0.0209670649348082 0.037618174668035034
24 0.4278759894499885 0.23775557181592352 0.019240923701106104 0.02823408430895542
23 0.5870600746773361 0.24962028844204456 0.019240923701106104 0.02823408430895542
10 0.390416899758414 0.23519365319801272 0.022447744317957152 0.03293976502711464
24 0.5683237114468114 0.24872995413308913 0.022393197240056395 0.029814765027114644
30 0.44820212621946365 0.23709249648395855 0.019268197240056482 0.02979658430895542
14 0.5137453056026126 0.24216179156530254 0.019240923701106104 0.02823408430895542
12 0.5309055320636622 0.2438242855151783 0.016143197240056396 0.02977840359079611
28 0.7103475702131092 0.25893217680933434 0.014607970779006862 0.03133181323171659
28 0.7642129099046837 0.2615895441975812 0.019268197240056396 0.02979658430895542
14 0.8320725657488823 0.26823497481754455 0.022447744317957152 0.03293976502711464
22 0.36077031006683946 0.2326771863755 0.028615923701106105 0.028288626463433175
14 0.4871828056026127 0.242007255460949 0.019295470779006774 0.03135908430895542
27 0.6229566643689106 0.2521731167008758 0.014553423701106105 0.028206813231716588
10 0.6385680275994354 0.25304527029167195 0.022447744317957152 0.03293976502711464
30 0.656509504060485 0.2547123094210876 0.019240923701106104 0.02823408430895542
30 0.7993282495962581 0.2641378272768725 0.019268197240056396 0.02979658430895533
25 0.781427683443634 0.26012703814745697 0.024092064934808022 0.037636355386194253
0 0.42053682224170413 0.16583057484098568 0.0209670649348082 0.037618174668035034
1 0.4548709119332786 0.16837431274073725 0.017923885551659156 0.04228749394987581
2 0.40414420901117926 0.16495387607064965 0.017814791395857822 0.03603749394987581
2 0.4376970487027537 0.16749306879086143 0.016306838473758488 0.0391534035907962
6 0.37138625608907994 0.1616379785299777 0.02102161201270878 0.04074317466803503
23 0.34727660024488133 0.15524707796424358 0.016115923701106104 0.028215903590796197
4 0.4561488141240293 0.05040101756119743 0.017814791395857822 0.036037493949875786
21 0.602846536120852 0.06141176131468149 0.00849433847375849 0.039107951795398097
18 0.9204198198060721 0.0859178993873837 0.00849433847375849 0.039107951795398097
2 0.4756800641240293 0.05051464704969265 0.017896612012708868 0.04072499394987579
20 0.5170317670461285 0.05388054156530251 0.0209670649348082 0.037618174668035034
18 0.7605090316566252 0.07092363758172289 0.00849433847375849 0.039107951795398097
29 0.893939140422923 0.08107586328303021 0.013181838473758489 0.03913522287263693
1 0.44053745089350443 0.04952886397040125 0.016306838473758488 0.03915340359079618
29 0.6878936919650507 0.06815718588452066 0.02406479139585791 0.03607385538619425
11 0.831507324270299 0.07680599891984548 0.017896612012708958 0.04072499394987581
17 0.9079334565755474 0.08506392651474677 0.016306838473758488 0.0391534035907962
1 0.4974868802766534 0.05454816207680731 0.02102161201270878 0.04074317466803503
29 0.7519016448871501 0.07165489060678498 0.013100017856907443 0.034447722872636935
29 0.8759703904229232 0.0809713241536146 0.016334112012708957 0.0407159035907962
10 0.6372215361208521 0.06161174921443309 0.016197744317957154 0.03290340359079615
23 0.7730090316566252 0.07099636045435984 0.014607970779006862 0.03133181323171659
30 0.864333461039774 0.07621564646051746 0.014607970779006862 0.03133181323171654
24 0.5740630170461285 0.054212339671708555 0.01929547077900686 0.03135908430895542
14 0.6661414228903272 0.060998670857406 0.014607970779006862 0.03133181323171659
32 0.7036005125819017 0.06356058947531684 0.023982970779006862 0.031386355386194255
14 0.7387158522734761 0.06610887255460825 0.014607970779006862 0.03133181323171654
14 0.5592465405850789 0.052563481260452204 0.019322744317957153 0.03292158430895542
14 0.6138658567377031 0.05678789382823881 0.016197744317957154 0.0329034035907962
14 0.7231044890429514 0.06523671896381207 0.01929547077900686 0.03135908430895542
10 0.8136203948871501 0.07201395979042988 0.01929547077900686 0.03135908430895542
28 0.9322203904229232 0.08129857708048083 0.014607970779006862 0.03133181323171659
27 0.6528738096598025 0.06014015280522926 0.009838650162155816 0.02661704215447771
24 0.8479681213481995 0.07377644769018148 0.01929547077900686 0.03135908430895542
25 0.5429357479714051 0.0469992824901162 0.020939791395857908 0.03605567466803503
16 0.7894698287345259 0.0679668092246958 0.017896612012708778 0.04072499394987581
25 0.5912914273545541 0.051968583621584366 0.017896612012708958 0.04072499394987581
6 0.15625 0.7328125 0.3125 0.534375
22 0.6390625 0.759375 0.6 0.48125