31 0.29453125 0.2546875 0.5890625 0.509375
14 1 0.021768225 0.9585733734375002 0.010823676562499999 0.912227378125 0.03740464375 0.9176033296874999 0.0841209546875 0.8504327171874999 0.0728459359375 0.784473134375 0.100716028125 0.6893590890625 0.0755877421875 0.6162806859375001 0.127460553125 0.5890625 0.1315233875 0.5890625 0.2369778640625 0.693597684375 0.2125956328125 0.8851422984375 0.509375 0.9823162984374999 0.509375 0.795225034375 0.194148646875 1 0.18455076718750002 1 0.021768225
31 0.4203125 0.60625 0.3375 0.19375
0 0.46796875 0.6890625 0.2421875 0.328125
23 0.08046875 0.65546875 0.1609375 0.2921875
1 0.13046875 0.83984375 0.2609375 0.2859375
28 0.17734375 0.9109375 0.3546875 0.178125
8 0.63046875 0.63203125 0.0828125 0.1703125
5 0.65625 0.76171875 0.134375 0.1859375
8 0.68125 0.88984375 0.184375 0.1796875
0 0.7203125 0.9625 0.2 0.075