3 0.59375 0.2796875 0.06875 0.1625
3 0.62578125 0.175 0.1328125 0.1625
2 0.67109375 0.0734375 0.1796875 0.146875
3 0.7421875 0.0203125 0.190625 0.040625
3 0.23203125 0.9421875 0.1953125 0.115625
0 0.2826784150933901 0.8689103959900052 0.18630886760421675 0.17086907981717356
9 0.33447172535978276 0.7569155101341944 0.1879987015966055 0.17406685442427944
6 0.3901712856261753 0.6447386877606189 0.20582287155854945 0.19049237510244393
8 0.4375 0.5296875 0.2 0.18125
9 0.47421875 0.47421875 0.1703125 0.0703125
31 0.7796875 0.71953125 0.440625 0.5609375