11 0.4296875 0.3296875 0.4296875 0 0.083696459375 0 0.0707511890625 0.0925229625 0.135816609375 0.1974851109375 0.2763070234375 0.2712515890625 0.16067199375000002 0.2975301796875 0.11384761562500001 0.3296875 0.4296875 0.3296875
22 0.75 0.271875 0.5 0.115625
35 0.4078125 0.665625 0.04375 0.66875
12 0.35078125 0.66484375 0.1578125 0.6703125
2 0.20234375 0.66484375 0.1703125 0.6703125
31 0.09296875 0.66484375 0.1796875 0.6703125
14 0.03203125 0.66484375 0.0640625 0.6703125
5 0.9875 0.73046875 0.025 0.1578125
9 0.8992049474060876 0.7039410656860654 0.10323518268618095 0.14729664065150558
3 0.7676549554025878 0.6735764646902735 0.10795904535327186 0.15058533175849825
2 0.6384941667329515 0.6471999592479779 0.09373291335136287 0.13603175843752044
1 0.5139208807288153 0.6123933949126749 0.10011018268618095 0.14718751324684387