28 0.1796875 0.16953125 0.359375 0.3390625
19 0.6796875 0.11640625 0.640625 0.2328125
2 0.20536770897932702 0.6871950480528444 0.029226425046142524 0.019483323637421536
2 0.20945323411775457 0.6356963209316616 0.030989184145441228 0.022735869395056164
2 0.212537463759689 0.5998225938104789 0.029226425046142524 0.019483323637421536
0 0.2073505135751188 0.6685088209316616 0.027663925046142523 0.019355777879787085
0 0.21128584438907244 0.6193538438104789 0.027764054595791877 0.020918277879787082
0 0.21432000925618216 0.5842613666892962 0.030889054595791877 0.021173369395056162
6 0.1318171923218892 0.535903872898214 0.027663925046142523 0.019355777879787085
1 0.34482952961424773 0.6310402560882317 0.02600129549649317 0.01766573212215263
2 0.806930208979327 0.8387575480528444 0.029226425046142524 0.019483323637421536
2 0.8110157341177546 0.7872588209316616 0.030989184145441228 0.022735869395056164
2 0.814099963759689 0.7513850938104788 0.029226425046142524 0.019483323637421536
0 0.4296817982742704 0.5613672900077586 0.027663925046142523 0.019355777879787085
0 0.8089130135751187 0.8200713209316616 0.027663925046142523 0.019355777879787085
0 0.8128483443890724 0.7709163438104788 0.027764054595791877 0.020918277879787082
0 0.8158825092561821 0.7358238666892961 0.030889054595791877 0.021173369395056162
6 0.7333796923218892 0.687466372898214 0.027663925046142523 0.019355777879787085
1 0.9463920296142477 0.7826027560882316 0.02600129549649317 0.01766573212215263