2 0.2 0.2546875 0.4 0.509375
5 0.833021142045034 0.3650224934356771 0.09174501387966068 0.09162497334499946
6 0.6868179680786256 0.40163106074949617 0.09164488433001132 0.09006247334499946
7 0.5396635633905487 0.4530833780633152 0.08050712523071261 0.08681020401018139
8 0.41875 0.47734375 0.0375 0.0640625
1 0.7768466949427828 0.13138274275935938 0.05556768198597286 0.06309998400699968
2 0.6265370118770758 0.17107085673931482 0.08811936613141391 0.08377611067790855
3 0.4837394401624208 0.21553737738699752 0.08665699568106344 0.0853204293443632
5 0.25078125 0.8421875 0.2921875 0.315625
8 0.09296875 0.9078125 0.1859375 0.184375
0 0.29375 0.74609375 0.2125 0.4734375
2 0.97890625 0.65390625 0.0421875 0.1203125
0 0.889881213759689 0.6929389554423586 0.1089720866740496 0.1168067866804539
8 0.7661340306939819 0.7329361520925867 0.11365958667404978 0.11686133068109025
0 0.6427675794296777 0.7791924394095874 0.11219721622369913 0.11840564934754472
7 0.526482442940198 0.8247492927275427 0.11416023442229636 0.12467383068109025
5 0.43046875 0.86640625 0.0609375 0.1203125