10 0.28984375 0.084375 0.5796875 0.16875
34 0.78984375 0.084375 0.4203125 0.16875
6 0.28984375 0.584375 0.5796875 0.83125
1 0.91484375 0.67109375 0.1703125 0.2546875
2 0.8319121326773213 0.6141344881039185 0.2181597560752678 0.2588740361123346
3 0.7236656122589012 0.5556002470895931 0.22161213828925294 0.2683581635169963
4 0.6609375 0.50078125 0.1625 0.3203125
7 0.959375 0.365625 0.08125 0.284375
8 0.903125 0.30625 0.19375 0.275
9 0.81328125 0.271875 0.2265625 0.20625
0 0.6984375 0.253125 0.2375 0.16875