32 0.29453125 0.21953125 0.5890625 0.4390625
0 0.65078125 0.33671875 0.1234375 0.1890625
7 0.838725466304304 0.2561804349206335 0.17593905917039337 0.20260097316352949
1 0.978125 0.178125 0.04375 0.18125
1 0.07536245281065064 0.8445174514211878 0.143957085653497 0.1678860117201923
1 0.27124838920078176 0.7681890815891459 0.1518788462971587 0.1699491594684389
8 0.46580677237260415 0.6997232765319288 0.16292560694082034 0.172212566315984
15 0.8765625 0.96015625 0.196875 0.0796875
14 0.74609375 0.9453125 0.2765625 0.109375
19 0.67109375 0.85234375 0.1640625 0.1953125
20 0.7730244206275639 0.864015116445181 0.25526592625067257 0.22479495064599533
21 0.93203125 0.82890625 0.1359375 0.2015625
27 0.96484375 0.675 0.0703125 0.20625
26 0.896875 0.6703125 0.20625 0.215625
25 0.7469257323958474 0.6922495404115894 0.18545617080279087 0.1829893800110746
24 0.640625 0.71875 0.103125 0.203125
30 0.7125 0.553125 0.246875 0.228125
31 0.86484375 0.53828125 0.2484375 0.1984375
32 0.94921875 0.528125 0.1015625 0.178125
34 0.715625 0.4609375 0.253125 0.04375