7 0.375 0.23984375 0.75 0.4796875
10 0.875 0.23984375 0.25 0.4796875
30 0.638440095174978 0.904506396609517 0.02609127404661713 0.03197742570596276
21 0.10078125 0.4875 0.0328125 0.015625
21 0.0375 0.50546875 0.03125 0.0515625
21 0.02791424590846674 0.5085697032860701 0.03148810217691818 0.052426318025830906
21 0.32988846287617496 0.5787695768678265 0.03321429328391083 0.05715928213245362
21 0.11878232648583861 0.6920521415284452 0.03154266587924912 0.05398881802583091
21 0.1095710175928312 0.6970124261681813 0.029871038474587407 0.05081835391920819
21 0.3138864953603126 0.7027981102539214 0.03321429328391083 0.05715928213245362
21 0.30389393646730517 0.7077811269469688 0.029871038474587407 0.05081835391920819
18 0.04765625 0.5015625 0.0296875 0.04375
18 0.49921875 0.4984375 0.0328125 0.0375
18 0.22091525616008578 0.6382475284380369 0.029871038474587407 0.05081835391920819
18 0.1879440434535468 0.7690261669969812 0.029871038474587407 0.05081835391920819
18 0.45884930969561566 0.8229250906578802 0.02485615626060227 0.04130696159934022
18 0.34289941668185725 0.8841701307078924 0.023184528855940557 0.038136497492717324
12 0.42701643402023437 0.5384053381505977 0.04231647477225664 0.04961956677218975
24 0.12421875 0.48671875 0.0453125 0.0140625
24 0.01171875 0.53125 0.0234375 0.05
24 0.33125 0.4890625 0.04375 0.01875
24 0.3778621714063627 0.5640789395625234 0.03908234736759475 0.04640363855894432
24 0.35176346287617494 0.578133079375109 0.043933538474587405 0.05122753087881229
24 0.3777282844678721 0.8737721883088823 0.03255952885594056 0.03840928213245363
24 0.2955531907284744 0.9168295180131956 0.03255952885594056 0.03840928213245363
24 0.6207714455377978 0.913622983835678 0.03088790145127902 0.03523881802583091
27 0.18512408909971034 0.6658784349436699 0.03110615626060227 0.04148881802583091
27 0.3901935350160263 0.6708601369760987 0.03277778366526398 0.044659282132453626
27 0.41066727003990183 0.8540447100164947 0.0261458377489479 0.03353992570596294
27 0.36234882112836103 0.881258079375109 0.026200401451278842 0.03510242570596276
23 0.4853820055271136 0.5077714520989358 0.039136911069925694 0.04796613855894431
23 0.2795809280297846 0.616207392386375 0.039136911069925694 0.04796613855894431
23 0.6375546299365503 0.5432279158098471 0.04231647477225664 0.04961956677218975
23 0.6113740758528664 0.5549383056224326 0.043933538474587405 0.05122753087881247
23 0.2778845410912941 0.9259461052393565 0.02937996515360979 0.036755853919208194
17 0.290625 0.496875 0.046875 0.034375
17 0.01953125 0.63125 0.0390625 0.0625
17 0.5265625 0.4921875 0.046875 0.025
17 0.3991369706807233 0.5462549420698058 0.04582342068857255 0.06064799498543501
17 0.4690526557972661 0.6224249854850307 0.04582342068857255 0.06064799498543501
17 0.4321255746717402 0.639922374043975 0.044206356986241604 0.05904003087881229
17 0.257056142002268 0.7326052821989606 0.04582342068857255 0.06064799498543501
17 0.31063255370516585 0.9007498769469688 0.03439484736759475 0.04626724623907634
28 0.1911880614248962 0.5483954182506225 0.04080853847458741 0.051136602665567035
28 0.45007198810391846 0.5267858765512574 0.039136911069925694 0.04796613855894431
28 0.73671875 0.85078125 0.0265625 0.0390625
28 0.48046875 0.984375 0.0328125 0.03125
14 0.22652536069925677 0.5301622437983008 0.043933538474587405 0.05122753087881229
14 0.16891375734121214 0.5599921477966514 0.043933538474587405 0.05122753087881229
14 0.0675347958157995 0.6129927788337483 0.04560516587924912 0.054397994985435
14 0.1643850031648609 0.6766484503830761 0.04237103847458741 0.05118206677218975
14 0.72890625 0.49921875 0.0421875 0.0390625
14 0.23661715643023823 0.7519690476383668 0.04075397477225664 0.049574102665567034
14 0.1383904767559911 0.8056600004622183 0.04231647477225655 0.04961956677218975
14 0.42532004708174387 0.8481440510035793 0.03255952885594056 0.03840928213245363
14 0.2586261096029484 0.9343269065721401 0.03423115626060227 0.04157974623907634
14 0.5923562688587756 0.9285265698081975 0.03579365626060227 0.04162521034569906
14 0.5263146066077236 0.9632940263929729 0.03579365626060227 0.04162521034569906
14 0.5094272069705432 0.9723878815658225 0.034231156260602094 0.04157974623907634
10 0.2718006551642939 0.5053835526529318 0.039136911069925694 0.04796613855894431
10 0.04294402358328098 0.6254389545397112 0.04231647477225646 0.04961956677218957
10 0.3056796365599723 0.6021532525737895 0.04075397477225664 0.049574102665567034
10 0.14135673093234233 0.6890491619824164 0.04237103847458741 0.05118206677218975
10 0.02616080606741855 0.7494902199791175 0.04231647477225646 0.04961956677218975
10 0.6628448066155727 0.5284152580505728 0.043933538474587405 0.05122753087881229
10 0.5860293354715133 0.5681884633817068 0.04237103847458741 0.051182066772189574
10 0.5146007687739576 0.6054587943396615 0.043933538474587405 0.05122753087881229
10 0.4133036528020412 0.6608031753767585 0.04231647477225646 0.04961956677218975
10 0.33567964980681636 0.699817862761204 0.04231647477225664 0.04961956677218975
33 0.14507695325752815 0.5716343414493029 0.03908234736759484 0.04640363855894432
32 0.07421875 0.50078125 0.0515625 0.0421875
32 0.6904787332945951 0.5135344041313645 0.05169147477225664 0.04989235141192587
32 0.47749018229095397 0.8192545213784079 0.037192465153609786 0.03698317445232178
32 0.5462997243937384 0.953327993006878 0.037247028855940556 0.03854567445232178
13 0.01015625 0.75390625 0.0203125 0.0609375
13 0.3677009761230189 0.6762068665221276 0.048948420688572546 0.06073892319868044
34 0.09315235470880694 0.6075551210744742 0.04582342068857255 0.06064799498543501
34 0.10090534572313228 0.7175977108079173 0.047385920688572544 0.06069345909205772
22 0.05686516904410999 0.7329559378466638 0.05341766587924912 0.05462531551854841
22 0.5445784454529798 0.5905097442605193 0.05341766587924912 0.05462531551854859
22 0.1667238078815171 0.7884126644896987 0.051800602176918266 0.05301735141192587
29 0.5515625 0.48828125 0.0375 0.0171875
29 0.2103324202252364 0.6487220271843958 0.036121038474587405 0.05100021034569906
29 0.49221733728561184 0.6139305238856905 0.04097222958158007 0.05582410266556703
29 0.2794941371929445 0.7256960526529317 0.03930060217691818 0.05265363855894432
29 0.20270594790005053 0.7662505079840658 0.03779266587924912 0.0541706744523216
29 0.4497471282072699 0.8310103752976161 0.027872028855940555 0.038272889812585656
29 0.43980913301659336 0.8375558919906636 0.027872028855940555 0.038272889812585476
29 0.7421875 0.84140625 0.015625 0.0421875
29 0.6053647003471212 0.9203276249019048 0.031106156260602445 0.04148881802583091
29 0.4932392117798667 0.9791152546853606 0.02954365626060209 0.04144335391920819
31 0.2479911329317753 0.5178069963055834 0.04231647477225664 0.04961956677218975
13 0.2516196191367772 0.6217132463055833 0.050674611795565025 0.06547188730530315
22 0.73671875 0.671875 0.0265625 0.053125
2 0.5879167616023814 0.7566061057015749 0.03595734736759475 0.04631271034569906
29 0.49418660896997624 0.8046919162055584 0.039136911069925694 0.04796613855894449
15 0.3889559611468945 0.8593687075092122 0.029598219962933214 0.04300585391920819
25 0.33067223519351163 0.8923463435608741 0.03913691106992552 0.04796613855894414
26 0.6583433674074968 0.8921966132234223 0.04722222958157971 0.056005959092057724
29 0.5621876192215953 0.9380068698873398 0.039136911069925694 0.04796613855894449
13 0.8640625 0.63671875 0.228125 0.3140625
32 0.875 0.81484375 0.25 0.3515625