27 0.3 0.24453125 0.6 0.4890625
3 0.90546875 0.45078125 0.1890625 0.0765625
4 0.8421875 0.3859375 0.271875 0.20625
5 0.7399238311328198 0.278125 0.26607897635429045 0.2328125
6 0.703125 0.13515625 0.20625 0.2359375
10 0.3 0.74453125 0.6 0.5109375
22 0.95390625 0.59921875 0.0921875 0.2203125
23 0.8796875 0.584375 0.240625 0.190625
24 0.746875 0.54140625 0.215625 0.1046875
31 0.66875 0.59921875 0.1375 0.2203125
30 0.7642367468997223 0.6578125 0.2314671780139644 0.2296875
29 0.903125 0.70703125 0.19375 0.2078125
28 0.97734375 0.7796875 0.0453125 0.2125
34 0.8728225319673012 0.87421875 0.198701299589726 0.1890625
35 0.7265625 0.825 0.253125 0.25625