11 0.0231796875 0 0 0.0481774921875 0 0.2148411296875 0.02558445625 0.263134353125 0.1989604640625 0.4211729609375 0.26037315781250003 0.47228562500000004 0.3037572703125 0.4893675359375 0.325481415625 0.479966296875 0.39091054999999997 0.30822503437500004 0.6004079 0.49844076406250004 0.629330640625 0.509828703125 0.65 0.46686876718750003 0.65 0.42140468125 0.43805440156250003 0.24599056562500002 0.17958839531249998 0 0.0231796875 0
4 0.825 0.1046875 0.35 0.209375
29 0.825 0.15 0.35 0.3
8 0.825 0.2 0.35 0.4
20 0.825 0.32265625 0.35 0.3921875
8 0.825 0.371875 0.35 0.29375
4 0.421875 0.5375 0.1875 0.0375
3 0.340625 0.590625 0.19375 0.14375
3 0.25553471482403334 0.6844580804533678 0.19075203000581897 0.1588334053945836
3 0.17106437785069212 0.783115092421215 0.18073930121764636 0.15080269984750014
0 0.0859375 0.8875 0.171875 0.14375
26 0.825 0.759375 0.35 0.48125