3 0.16953125 0.29453125 0.3390625 0.5890625
2 0.365625 0.18046875 0.053125 0.2015625
6 0.42890625 0.225 0.1796875 0.209375
3 0.55390625 0.26730689113273376 0.2 0.22456940564770314
8 0.67734375 0.319183976709542 0.19375 0.21501254922121243
5 0.79921875 0.36407527639297294 0.1953125 0.21974551332783498
0 0.91640625 0.40703125 0.1671875 0.2171875
9 0.98046875 0.440625 0.0390625 0.20625
1 0.13828125 0.67265625 0.1765625 0.1671875
6 0.25 0.7390625 0.178125 0.20625
6 0.2984375 0.821875 0.08125 0.209375
5 0.66953125 0.79453125 0.6609375 0.4109375