26 0.2796875 0.26953125 0.559375 0.5390625
1 0.9390625 0.45859375 0.121875 0.0796875
1 0.96171875 0.25078125 0.0765625 0.0703125
1 0.9859375 0.046875 0.028125 0.075
1 0.7516453488381363 0.42366801044923585 0.12892663354437942 0.08419577488562506
1 0.786109962390763 0.21100370307854138 0.14133570533113407 0.08136171561506958
3 0.9453125 0.39375 0.109375 0.096875
4 0.9671875 0.19140625 0.065625 0.0953125
8 0.7692671063599837 0.3575884155594789 0.15116534639736087 0.09720492116215293
9 0.7937345942857899 0.15062924753145807 0.13572220282385156 0.10309124525034737
2 0.82890625 0.02734375 0.1328125 0.0546875
2 0.58203125 0.38203125 0.0453125 0.0890625
2 0.60390625 0.178125 0.0890625 0.096875
2 0.62109375 0.01015625 0.1234375 0.0203125
4 0.6078125 0.1046875 0.096875 0.0875
3 0.5921875 0.3125 0.065625 0.1
29 0.2796875 0.76953125 0.559375 0.4609375
30 0.7796875 0.76953125 0.440625 0.4609375