23 0.184375 0.2296875 0.36875 0.459375
25 0.8197288234375 0 0.635316815625 0.0863981078125 0.6547030265625 0.1403469296875 0.6907366375 0.1594829 0.7209448 0.3344243234375 0.605922996875 0.3973171953125 0.5626226234375 0.459375 0.9151250765625001 0.459375 0.8552195234374999 0.091426184375 0.8852943968750001 0.032313520312499996 0.8736827109374999 0 0.8197288234375 0
32 0.34752515026368125 0.8680804133538917 0.038591027735416714 0.04862159057054072
17 0.33135528960635485 0.8774725299792803 0.030596689779513752 0.04044521753501122
14 0.31980019376666746 0.8839579704259861 0.029034189779513754 0.04037244292790554
23 0.3074274803357991 0.8888445235691395 0.030596689779513752 0.04044521753501122
13 0.286588303474063 0.8987995663732103 0.030596689779513752 0.04044521753501122
18 0.27732240624760485 0.9030504187305752 0.02271145459715278 0.03695634449948173
13 0.2665303766123269 0.9087909964808342 0.030596689779513752 0.04044521753501122
34 0.2471627807726396 0.9149125638920109 0.030596689779513752 0.04044521753501122
24 0.23177417011531318 0.9243410678209523 0.030596689779513752 0.04044521753501122
30 0.21783895668444514 0.9291548463569995 0.03059668977951393 0.04044521753501158
16 0.19698159602711876 0.9383286391610707 0.03223192496187508 0.04364299214211727
24 0.18310093398302155 0.9454861676971177 0.03223192496187508 0.04364299214211727
29 0.16307937471246597 0.9570400978047416 0.03059668977951393 0.04044521753501122
24 0.1483447274860076 0.961036239037236 0.03699216014423605 0.04698631596343468
16 0.12832316821545212 0.9725901691448599 0.02903418977951393 0.040372442927905185
14 0.1152237561713549 0.9797840849844601 0.02903418977951393 0.04037244292790554
27 0.10390625 0.9828125 0.0265625 0.034375
22 0.08984375 0.984375 0.0296875 0.03125
10 0.07578125 0.9875 0.0296875 0.025
23 0.0609375 0.99140625 0.028125 0.0171875
34 0.0484375 0.99453125 0.03125 0.0109375
14 0.19523595165045204 0.8633286391610705 0.02903418977951393 0.04037244292790554
14 0.19875838231191026 0.746432237589494 0.02576371941479181 0.03397689371369381
14 0.10301077763850745 0.7903577119489308 0.02576371941479181 0.03397689371369381
14 0.3169596023922921 0.5607387942473038 0.027362587005972473 0.0356121683207995
14 0.288380660712917 0.5734549640158454 0.02576371941479181 0.03397689371369381
14 0.05059233282500042 0.6841226745215433 0.02576371941479181 0.03397689371369381
14 0.00390625 0.7078125 0.0078125 0.034375
14 0.013870316773090608 0.5146256577723204 0.02576371941479163 0.03397689371369381
28 0.33474782085715304 0.6208779276219152 0.022638719414791807 0.03383134449948209
28 0.30531358757465304 0.5633179846940098 0.022638719414791807 0.03383134449948209
29 0.3265391966164589 0.8046707307650685 0.029034189779513754 0.04037244292790554
29 0.18098965406340337 0.7541890796077766 0.025872822188333443 0.03866439371369381
29 0.06453015909739648 0.8135383467712843 0.025872822188333443 0.03866439371369381
29 0.328679658813056 0.6283993291934917 0.027508057370694415 0.041862168320799496
29 0.29928179312173653 0.5724018862655864 0.027508057370694415 0.041862168320799496
29 0.22362848290125042 0.6078984305173994 0.025872822188333443 0.03866439371369381
29 0.1453125 0.4671875 0.025 0.015625
27 0.320085908813056 0.6279990688544096 0.022638719414791807 0.03383134449948209
27 0.27829714589527815 0.5761069290696573 0.022638719414791807 0.03383134449948209
13 0.36484375 0.784375 0.0078125 0.040625
13 0.01484375 0.8375 0.0296875 0.04375
13 0.2715022852379517 0.585935693337681 0.027508057370694415 0.041862168320799496
10 0.35859375 0.784375 0.0203125 0.034375
10 0.3349692924561463 0.7980397411041507 0.02576371941479181 0.03397689371369381
10 0.03586029844007008 0.822348266539826 0.02576371941479181 0.03397689371369381
10 0.3069501291777783 0.6336304846940098 0.02576371941479181 0.03397689371369381
10 0.2574579690335419 0.5860619718737283 0.029034189779513754 0.04037244292790554
10 0.23202221114975732 0.5997049408564816 0.02576371941479181 0.03397689371369381
10 0.11621667961461846 0.6536218453235423 0.022638719414791807 0.03383134449948209
34 0.34952210172670206 0.7862310998716563 0.030596689779513752 0.04044521753501122
34 0.24659320421590322 0.5886775496239872 0.029034189779513754 0.04037244292790554
4 0.31031478457236156 0.811719097390457 0.029034189779513754 0.04037244292790536
4 0.20818532085715322 0.6149831844463408 0.02903418977951393 0.04037244292790536
4 0.1788614967689588 0.6292254669113296 0.03066942496187508 0.043570217535011224
4 0.1296875 0.47265625 0.03125 0.0265625
4 0.09967987699357668 0.4796021484666955 0.027398954597152782 0.03717466832079959
2 0.2934000415062158 0.8226373267122925 0.029034189779513754 0.04037244292790554
2 0.27866539427975745 0.8266334679447869 0.02587282218833309 0.03866439371369381
2 0.18810921019982682 0.6241933645539647 0.02903418977951393 0.04037244292790536
2 0.109375 0.47578125 0.028125 0.0328125
25 0.26382164427975746 0.8259421091772812 0.027398954597153136 0.0371746683207995
25 0.16243706297336846 0.627680083536718 0.02903418977951393 0.04037244292790536
25 0.084375 0.4796875 0.03125 0.040625
22 0.2508131512136117 0.8370422750168813 0.03368532218833344 0.03902826674922295
22 0.14864731990722274 0.6387438620727653 0.03368532218833344 0.03902826674922295
22 0.07186400151861143 0.49157345553879006 0.03368532218833344 0.03902826674922295
21 0.21999956230777834 0.8543367828747643 0.02903418977951393 0.04037244292790554
18 0.21311378267250056 0.860259297142788 0.02271145459715278 0.03695634449948208
18 0.3156347981557296 0.637936995033092 0.022784189779513752 0.040081344499482086
18 0.06465483282500042 0.6847776459854961 0.02271145459715278 0.03695634449948208
18 0.1256098634102088 0.6548397429661774 0.02271145459715278 0.03695634449948208
18 0.015981596692708776 0.7059227458616617 0.02271145459715278 0.03695634449948208
18 0.03256576538631979 0.5131552030575908 0.02278418977951393 0.040081344499482086
20 0.20773595165045206 0.8639108360179174 0.03066942496187508 0.043570217535011224
20 0.0109375 0.70859375 0.021875 0.0421875
20 0.025570882977500275 0.5143902173256143 0.03066942496187508 0.043570217535011224
18 0.21970666194718805 0.741164694785423 0.02590918977951393 0.04022689371369381
21 0.20896918369868106 0.7492490225356822 0.02278418977951393 0.040081344499482086
21 0.05998551662059075 0.6853405721641785 0.02278418977951393 0.040081344499482086
15 0.1919817054501741 0.7570422518575176 0.02590918977951393 0.04022689371369381
24 0.16710899201930615 0.7613466081438238 0.02576371941479181 0.03397689371369381
24 0.08069740691319485 0.6699167793601075 0.02576371941479181 0.03397689371369381
23 0.15321014617961862 0.7677228866798712 0.02576371941479181 0.03397689371369381
23 0.11538349106937548 0.7854711588057777 0.02576371941479181 0.03397689371369381
23 0.023505768804792205 0.8280160696829792 0.022638719414791807 0.03383134449948209
22 0.09614056895729206 0.6628320254311661 0.03368532218833344 0.03902826674922295
19 0.1394204031134727 0.7787866652159184 0.027508057370694415 0.041862168320799496
30 0.12695677070465336 0.7797669683590716 0.02576371941479181 0.03397689371369381
30 0.34555803428802123 0.6159185998716563 0.02576371941479181 0.03397689371369381
1 0.08769490216354221 0.8029112158778723 0.027508057370694415 0.041862168320799496
0 0.07452275493708385 0.8069801317174724 0.03066942496187508 0.043570217535011224
17 0.05689949705329918 0.820986973735755 0.03066942496187508 0.043570217535011224
18 0.0046875 0.84453125 0.009375 0.0390625
31 0.130115525454306 0.647245566787495 0.02576371941479163 0.03397689371369381
10 0.3546875 0.6125 0.028125 0.04375
34 0.3301863010055211 0.5590136284077035 0.030596689779513752 0.04044521753501122
11 0.07312129625586854 0.6797091563245783 0.03066942496187508 0.043570217535011224
21 0.021359427714757472 0.7022712069865321 0.027508057370694415 0.041862168320799496
21 0.040250978817187824 0.50805032609312 0.027508057370694415 0.041862168320799496
34 0.17250043436427118 0.5235747803935649 0.03059668977951393 0.04044521753501122
24 0.15938283852458363 0.5299874462331651 0.03059668977951393 0.04044521753501122
30 0.1439396764804865 0.5370722001621064 0.03223192496187508 0.04364299214211727
27 0.12695219823197945 0.5448654294839421 0.03223192496187508 0.04364299214211727
14 0.11537891859670175 0.5505696199306482 0.03223192496187508 0.04364299214211709
16 0.09690167553055593 0.5614150746453779 0.03223192496187508 0.04364299214211727
24 0.08218521209968781 0.5661924658778723 0.03223192496187508 0.04364299214211727
18 0.07137499866881977 0.5711517936281313 0.02271145459715278 0.03695634449948208
23 0.060564785237951745 0.5761111213783903 0.03059668977951393 0.04044521753501122
16 0.048282990785035104 0.5849039245215433 0.03223192496187508 0.04364299214211727
29 0.028206880127708712 0.5941141046291673 0.03223192496187508 0.04364299214211727
24 0.01484375 0.5984375 0.0296875 0.046875
10 0.00390625 0.6078125 0.0078125 0.040625
33 0.684375 0.7296875 0.63125 0.540625