23 0.26953125 0.21953125 0.5390625 0.4390625
26 0.76953125 0.21953125 0.4609375 0.4390625
28 0.26953125 0.71953125 0.5390625 0.5609375
18 0.95625 0.940625 0.0875 0.11875
30 0.9484375 0.7921875 0.103125 0.23125
15 0.90859375 0.9125 0.1765625 0.175
21 0.8 0.97265625 0.16875 0.0546875
29 0.8046875 0.92734375 0.178125 0.1453125
20 0.95234375 0.5609375 0.0953125 0.196875
33 0.9140625 0.684375 0.171875 0.190625
24 0.8253820121505356 0.801210973409292 0.17173613466105583 0.1846465577372161
14 0.68984375 0.9265625 0.2140625 0.146875
32 0.90390625 0.515625 0.1828125 0.153125
16 0.7687822933687288 0.6762872971432852 0.17480657095872498 0.18326606826055974
28 0.6925248721320021 0.8145237735363489 0.18472720798203354 0.19943709983059071