21 0.159375 0.31484375 0.31875 0.6296875
2 0.88359375 0.53359375 0.2328125 0.1921875
3 0.96484375 0.42734375 0.0703125 0.2484375
5 0.36875 0.5 0.1 0.259375
6 0.4525564178549111 0.36861923155503984 0.2480811134861197 0.257649915298261
7 0.6171454182506225 0.21720724336070063 0.25285954169936514 0.2608021863754999
8 0.7765625 0.1046875 0.2375 0.209375
9 0.9140625 0.0421875 0.171875 0.084375
28 0.159375 0.81484375 0.31875 0.3703125
16 0.89765625 0.89609375 0.2046875 0.2078125
22 0.60703125 0.81484375 0.5765625 0.3703125
17 0.825 0.7890625 0.35 0.31875