6 0.259375 0.28984375 0.51875 0.5796875
3 0.5765625 0.0671875 0.115625 0.134375
0 0.66875 0.0999675516711113 0.1421875 0.16112195079743064
9 0.78359375 0.14951556962288218 0.1453125 0.16275718597979177
6 0.8984375 0.20296983757465314 0.159375 0.17870949430041688
8 0.96953125 0.24765625 0.0609375 0.1703125
7 0.01875 0.9078125 0.0375 0.184375
4 0.07734375 0.93515625 0.1546875 0.1296875
3 0.175 0.965625 0.18125 0.06875
33 0.95703125 0.71953125 0.0859375 0.2265625
24 0.82265625 0.6484375 0.2421875 0.1375
35 0.8359375 0.95390625 0.253125 0.0921875
13 0.6390625 0.88984375 0.240625 0.2203125