31 0.2 0.2796875 0.4 0.559375
27 0.7328125 0.48984375 0.328125 0.1390625
10 0.8359187119285446 0.33344381325770894 0.2902064290046681 0.3143586664125003
22 0.91171875 0.12421875 0.1765625 0.2484375
23 0.80703125 0.1234375 0.3421875 0.246875
24 0.6332028888881487 0.3427785264042365 0.31092810596427223 0.32889394509784753
11 0.5671875 0.48828125 0.296875 0.1421875
25 0.4546875 0.37109375 0.109375 0.3765625
13 0.54609375 0.15703125 0.2921875 0.3140625
34 0.6328125 0.05625 0.3375 0.1125
0 0.1417966388881487 0.8984271547289934 0.18785901583511766 0.17769250816812523
0 0.25924724867985177 0.7223757606366672 0.19424540815498564 0.18252547853284734
5 0.34609375 0.61875 0.1078125 0.11875
27 0.84140625 0.95625 0.3171875 0.0875
21 0.90234375 0.8125 0.1953125 0.375
33 0.7859375 0.81171875 0.359375 0.3765625
11 0.5796875 0.82578125 0.359375 0.3484375
23 0.66328125 0.634375 0.3578125 0.15
28 0.459375 0.8578125 0.11875 0.284375