23 0.3046875 0.28984375 0.609375 0.5796875
28 0.8046875 0.28984375 0.390625 0.5796875
15 0.3046875 0.78984375 0.609375 0.4203125
16 0.9796875 0.771875 0.040625 0.05625
17 0.9654275300893997 0.7912160918051331 0.047246340597175515 0.053571281213767016
18 0.99296875 0.759375 0.0140625 0.04375
29 0.9463168971696788 0.810061686654382 0.05048060124083724 0.05538887272903601
18 0.98515625 0.94296875 0.0296875 0.0390625
21 0.996875 0.92734375 0.00625 0.0359375
10 0.99296875 0.93828125 0.0140625 0.0359375
23 0.9802980492830363 0.9589297502898642 0.02863845222957302 0.031855777879787085