34 0.209375 0.28984375 0.41875 0.5796875
14 0.5541161359375 0 0.41875 0.1080607921875 0.41875 0.1868740984375 0.7105450203125001 0.546610184375 0.6691095625 0.5796875 0.9592774734375 0.5796875 0.9823977328125 0.549925203125 1 0.5050480375 1 0.16700761875 0.9856544578124999 0.1276472453125 0.8779241015625001 0.0038077218750000004 0.866193771875 0 0.5541161359375 0
4 0.346875 0.94453125 0.14375 0.1109375
5 0.3015625 0.88671875 0.234375 0.2265625
6 0.2522970371378128 0.7576117477926871 0.2521483007211808 0.24094133134415213
7 0.13671875 0.684375 0.2609375 0.209375
1 0.7830378908612851 0.7544867477926871 0.304838196047778 0.2923820049793232
2 0.68203125 0.70078125 0.2921875 0.2421875
3 0.57109375 0.6625 0.2828125 0.165625
8 0.578125 0.93203125 0.3 0.1359375
9 0.52578125 0.88828125 0.2140625 0.2234375
0 0.47265625 0.85078125 0.1078125 0.2984375