3 0.21484375 0.3 0.4296875 0.6
27 0.21484375 0.8 0.4296875 0.4
22 0.6671875 0.60625 0.046875 0.0125
22 0.8800340248165028 0.8390040624418965 0.04578768899896417 0.04757762902925915
22 0.9534479460327866 0.9301457637614797 0.04742296360606986 0.04927683006601846
22 0.561245483460174 0.8456287519797675 0.03761131596343468 0.039081623845462946
18 0.5531975430134679 0.8331581462775915 0.03263271753501122 0.032421520735185186
18 0.53671875 0.99375 0.0359375 0.0125
23 0.7437969259737947 0.6819646675784246 0.0424443651776464 0.0426167269557407
23 0.5048178550479612 0.7771528625829157 0.030997442927905537 0.03072231969842587
23 0.5136470454946673 0.7896918188034714 0.030997442927905537 0.03072231969842587
23 0.5789038643535861 0.8707066644208787 0.030997442927905537 0.03072231969842587
24 0.929685114353586 0.9013960471733317 0.0424443651776464 0.0426167269557407
24 0.4926453407799375 0.7690280042888418 0.03434076674922295 0.035683221771944315
24 0.4574248165871165 0.9189111356271751 0.03434076674922295 0.035683221771944315
30 0.502715891856176 0.9738617672483324 0.03099744292790536 0.03072231969842587
10 0.68203125 0.61328125 0.0421875 0.0265625
10 0.7995524662966662 0.7480284564568966 0.04571491439185813 0.04601512902925915
10 0.8934051660489972 0.8550781217727298 0.03917381596343468 0.03921832488222208
10 0.9772471650155399 0.9581142303496278 0.0424443651776464 0.0426167269557407
10 0.5424783668347855 0.8275137390202769 0.037538541356328815 0.037519123845462944
10 0.6080626714256807 0.9014973346376841 0.03434076674922295 0.035683221771944315
15 0.9427844278358215 0.9064642559857852 0.04571491439185813 0.04601512902925915
32 0.7608923806885244 0.702286729501156 0.045787688998963995 0.04757762902925933
14 0.7342956474377473 0.6670136108394894 0.03924659057054072 0.04078082488222208
14 0.8190280583149487 0.7677743199347671 0.0424443651776464 0.0426167269557407
14 0.848640629655067 0.8056645906699522 0.0424443651776464 0.0426167269557407
14 0.9140793850317503 0.8827731862873595 0.03924659057054072 0.04078082488222208
14 0.9676367245688338 0.9455069236106926 0.03924659057054072 0.04078082488222208
14 0.44296875 0.7046875 0.0265625 0.0375
14 0.46959098449363135 0.7419091382190732 0.03753854135632899 0.037519123845462944
14 0.5209137359413732 0.8020940739872676 0.03434076674922295 0.035683221771944315
14 0.5692206492997742 0.8596618576819435 0.037538541356328815 0.037519123845462944
14 0.43828125 0.8859375 0.0171875 0.0375
14 0.4804427855698698 0.9468112516969436 0.037538541356328815 0.037519123845462944
14 0.5203125 0.98828125 0.0375 0.0234375
27 0.8092356813504782 0.7590732631958318 0.032705492142117085 0.03398402073518518
27 0.4375 0.69375 0.015625 0.028125
27 0.477784474154549 0.7512547439212491 0.032705492142117265 0.03398402073518518
27 0.52734375 0.99296875 0.0328125 0.0140625
29 0.7173457419372294 0.6435665489167579 0.03917381596343468 0.03921832488222208
29 0.8325447487616551 0.7807233792656003 0.03917381596343468 0.03921832488222208
29 0.984375 0.96484375 0.03125 0.0421875
29 0.43828125 0.6859375 0.0171875 0.0375
29 0.4516114642297516 0.9089893314801382 0.034267992142117176 0.03412072177194432
28 0.6954536253118409 0.6251781338837488 0.03924659057054054 0.04078082488222208
28 0.44765625 0.7140625 0.0359375 0.0375
28 0.5298520882987382 0.8122892802078232 0.037538541356328815 0.037519123845462944
28 0.48445185111901984 0.7596823985866659 0.032705492142117265 0.03398402073518518
28 0.4930326768023642 0.9628169605093972 0.03434076674922295 0.035683221771944315
25 0.45734569561850175 0.7353467799249992 0.042517139784752266 0.044179226955740704
25 0.50703125 0.98203125 0.0421875 0.0359375
13 0.905468518406362 0.8655467300668039 0.05069351282028158 0.05267523213953691
13 0.44609375 0.89375 0.0328125 0.04375
21 0.69140625 0.61640625 0.0390625 0.0328125
17 0.7263932562052531 0.6514180051373135 0.04415241439185813 0.04587842799249984
17 0.7775704584387834 0.7147279409055078 0.042517139784752266 0.044179226955740704
17 0.8438996257261255 0.7895611370412947 0.042517139784752266 0.044179226955740704
34 0.7781141139393013 0.7367396419422672 0.04571491439185813 0.04601512902925915
34 0.8565066335840085 0.822041446372128 0.05069351282028158 0.05267523213953691
29 0.5895866532287156 0.8771323216781933 0.035976041356328994 0.03738242280870363
11 0.47403011973026965 0.9329148470315269 0.0408818651776464 0.04248002591898139