23 0.2046875 0.31953125 0.409375 0.6390625
2 0.76484375 0.02890625 0.1921875 0.0578125
6 0.69921875 0.08671875 0.1953125 0.1734375
3 0.63525860565696 0.1984747203053237 0.21431864718563745 0.20046420950527094
8 0.5624364847090947 0.3113368176435854 0.20779563140062188 0.1955220415204934
5 0.50390625 0.4234375 0.1890625 0.196875
0 0.4703125 0.54296875 0.121875 0.1921875
29 0.2046875 0.81953125 0.409375 0.3609375
5 0.578125 0.69453125 0.225 0.1109375
0 0.51015625 0.75859375 0.2015625 0.2109375
9 0.47421875 0.87421875 0.1296875 0.2234375