16 0.18984375 0.1796875 0.3796875 0.359375
10 0.68984375 0.1796875 0.6203125 0.359375
6 0.32578125 0.5109375 0.1078125 0.228125
0 0.268741920624891 0.5743207916698518 0.2122512620741938 0.21826269454068417
3 0.1541996989964209 0.631603399675299 0.21385922618081663 0.2199161998023559
8 0.06953125 0.68671875 0.1390625 0.2203125
27 0.44609375 0.60390625 0.1328125 0.2015625
35 0.5226455413036536 0.47013527865684646 0.181699944048363 0.18684609456891896
13 0.6402900308788124 0.41225343117474295 0.20870506175762477 0.09638769454068408
18 0.44921875 0.9453125 0.1390625 0.109375
31 0.5390855128656167 0.874314544441862 0.15436455423577736 0.15873650512049747
33 0.735109752045064 0.6689122258283665 0.16562030298213629 0.17031104195220054
24 0.8448675337818063 0.5544163572995755 0.17526808762187224 0.18023207352223158
15 0.9376651360516618 0.4467319308923942 0.11898934389007838 0.12235938936371685
11 0.8125 0.91796875 0.175 0.1640625
34 0.9095822178010394 0.8218005493505981 0.1415008413827959 0.14550846302712267
20 0.96484375 0.7234375 0.0703125 0.175