12 0 0.5 0.6296875 0.5 0.6296875 0.467759746875 0.608767525 0.3521689328125 0.5150412578125 0.1705743984375 0.39671605 0.08184114218750001 0.27540930937499997 0.05105612968749999 0.14307038125 0.080594921875 0.048997053125 0.1368880484375 0 0.19163714999999998 0 0.5
9 0.646875 0.125 0.034375 0.1
8 0.66875 0.2609375 0.078125 0.1
2 0.7093840083241063 0.3929071211747761 0.12798290252860856 0.10454763527271602
9 0.77265625 0.48515625 0.1171875 0.0296875
23 0.23203125 0.88203125 0.3828125 0.2359375
20 0.2765625 0.75 0.553125 0.5
30 0.35625 0.715625 0.546875 0.43125
14 0.525 0.75 0.209375 0.5
0 0.84140625 0.54453125 0.1171875 0.0890625
8 0.8927822894795134 0.680701273869424 0.11362001387966067 0.09879454274124866
4 0.9349871807493552 0.817621856027929 0.11810725478036196 0.09602474025173784
1 0.96875 0.9421875 0.0625 0.078125