15 0.3 0.184375 0.6 0.36875
19 0.8 0.184375 0.4 0.36875
15 0.3 0.74140625 0.6 0.5171875
1 0.765134783016266 0.7670609708564028 0.02151436708027905 0.018489184145441227
1 0.8741155711514373 0.49875345697674217 0.021623627723940865 0.020051684145441184
0 0.8778961350134079 0.48917819787744354 0.02831067029858776 0.026702202344038462
6 0.60546875 0.90546875 0.0109375 0.0234375
1 0.6790715968782364 0.7632431608619401 0.018280106436617417 0.016726425046142523
1 0.7585455654514542 0.6165998959025453 0.021623627723940865 0.02005168414544123
2 0.6759680122331456 0.6296691972591347 0.023404649011264312 0.023276813695090492
0 0.6813657064169469 0.6192125586101866 0.023404649011264312 0.023276813695090492