25 1 0.409375 1 0.31290776249999996 0.8871146015625 0.26280819375000003 0.748138559375 0.3001909140625 0.603227140625 0.409375 1 0.409375
17 0.5315151339982933 0.9359232168717716 0.02772689371369381 0.02639208163720568
17 0.56171875 0.90546875 0.0140625 0.0265625
17 0.41591802088756147 0.7907888585494571 0.016352746071058633 0.016443871551297562
17 0.4185721399941492 0.7672694713943273 0.016352746071058633 0.016443871551297562
17 0.3517185878844534 0.663223780530296 0.016352746071058633 0.016443871551297562
17 0.0990194652632089 0.8346738138856671 0.016352746071058542 0.016443871551297562
17 0.4027031991331585 0.6059977787212736 0.016352746071058633 0.016443871551297562
17 0.00703125 0.884375 0.0140625 0.015625
17 0.18959526943981936 0.7473165767759657 0.016352746071058542 0.016443871551297562
17 0.1547708132773476 0.6751040620766446 0.016352746071058633 0.016443871551297562
17 0.2986557080244986 0.5475445488476616 0.016352746071058633 0.016443871551297562
17 0.3770204565767566 0.48810427182386873 0.016352746071058633 0.016443871551297472
17 0.06214247332597953 0.47187392073764334 0.016352746071058542 0.016443871551297517
27 0.39453125 0.99609375 0.0109375 0.0078125
27 0.29101856658711645 0.9290435323393182 0.013082196856846907 0.01315509724103805
27 0.27550488255055117 0.8940067910457454 0.013082196856846907 0.01315509724103805
27 0.3958773486378204 0.802749947988579 0.011446922249741042 0.011510710085908116
27 0.48547069561850176 0.7364864608788777 0.011446922249741042 0.011510710085908293
27 0.3171059933849715 0.6868593543655857 0.011446922249741042 0.011510710085908293
27 0.04258537469266832 0.8750398643152083 0.011446922249741042 0.011510710085908116
27 0.16938977729770216 0.7795492226375227 0.011446922249741042 0.011510710085908116
27 0.2469005012428543 0.7217123891912947 0.011446922249741042 0.011510710085908293
27 0.26872199731391283 0.704981912597043 0.011446922249741042 0.011510710085908116
27 0.3728872665443353 0.627043941091174 0.011446922249740865 0.011510710085908293
27 0.07580028908452648 0.8312146212126132 0.011446922249740999 0.011510710085908116
27 0.20729865384788812 0.6349427295349277 0.011446922249741042 0.011510710085908293
27 0.38659450971990966 0.5000720053155253 0.011446922249741042 0.011510710085908293
27 0.2696210254356754 0.5685497676399971 0.011446922249741042 0.011510710085908293
27 0.21807564206106383 0.5876173501817141 0.011446922249741042 0.011510710085908293
27 0.014633810796148205 0.7221948253056277 0.011446922249740999 0.011510710085908116
27 0.04131408891791073 0.5844115422889409 0.011446922249740999 0.011510710085908293
27 0.07361932072094568 0.5601175491863459 0.011446922249741042 0.011510710085908293
27 0.13747199731391282 0.7118604336279422 0.011446922249741042 0.011510710085908293
27 0.06507692059711116 0.6096638478068649 0.011446922249740999 0.011510710085908293
27 0.011012312863062812 0.5322249225466658 0.013082196856846862 0.01315509724103805
14 0.5625 0.984375 0.0125 0.025
14 0.43002325455262314 0.9731952448000758 0.017915246071058634 0.016525758706427317
14 0.32421875 0.9953125 0.0140625 0.009375
14 0.3381439696064351 0.9881418933751661 0.014717471463952591 0.014799484396167805
14 0.44557978805106924 0.9069151475590378 0.014717471463952591 0.014799484396167805
14 0.4750233471900783 0.7432687273872212 0.014717471463952591 0.014799484396167805
14 0.5145781528144309 0.7139187420865423 0.014717471463952591 0.014799484396167805
14 0.17548345781961086 0.9499059882413551 0.01471747146395277 0.014799484396167805
14 0.21990769996172793 0.9164040914752867 0.01471747146395277 0.014799484396167805
14 0.2433644706398924 0.8980292277259053 0.014717471463952681 0.014799484396167805
14 0.3071209096388564 0.8510446850982802 0.014717471463952591 0.014799484396167805
14 0.3612476375129499 0.8100202154014335 0.01471747146395277 0.014799484396167628
14 0.42994628763678444 0.7573212613084191 0.01471747146395277 0.014799484396167628
14 0.5429964052956302 0.6726829104493365 0.014717471463952591 0.014799484396167805
14 0.0765625 0.9984375 0.015625 0.003125
14 0.09966366646328195 0.9881706281100182 0.014717471463952681 0.014799484396167628
14 0.1360206974805286 0.9605469171195988 0.01471747146395277 0.014799484396167628
14 0.12415855231909285 0.9307742079382016 0.017915246071058634 0.016525758706427317
14 0.06104427626424491 0.8803072184536512 0.01627997146395268 0.014881371551297562
14 0.1224569652632089 0.8334455065587207 0.014717471463952681 0.014799484396167805
14 0.3065858703494421 0.695204120873929 0.017915246071058634 0.01652575870642714
14 0.3849506189017001 0.6357638438501361 0.014717471463952591 0.014799484396167805
14 0.003125 0.909375 0.00625 0.015625
14 0.2784244830458892 0.6974593396662645 0.01471747146395277 0.014799484396167628
14 0.31474512675958294 0.6706168786758451 0.01471747146395277 0.014799484396167805
14 0.3841886395798645 0.6186582310052657 0.01471747146395277 0.014799484396167805
14 0.45608506431080487 0.5642330026019918 0.01471747146395277 0.014799484396167805
14 0.5368663374701687 0.5031073948455042 0.014717471463952591 0.014799484396167805
14 0.016840511996221254 0.8756097523748492 0.017915246071058544 0.01652575870642714
14 0.04189616997793864 0.8563717514703381 0.017915246071058544 0.01652575870642714
14 0.14528018920836097 0.7784747235420338 0.01471747146395277 0.014799484396167628
14 0.15739919954744322 0.7692668198785608 0.017915246071058634 0.016525758706427317
14 0.20100580438600746 0.7365871166900575 0.017915246071058634 0.01652575870642714
14 0.37689202398793337 0.5075945782463037 0.014717471463952591 0.014799484396167805
14 0.1371659363128769 0.6682332643606368 0.01471747146395277 0.014799484396167805
14 0.14928494665195907 0.6590253606971637 0.01471747146395277 0.014799484396167805
14 0.22196262138289943 0.6045591887163249 0.01471747146395277 0.014799484396167805
14 0.24054995554329922 0.5903362364323327 0.014717471463952681 0.014799484396167805
14 0.3100298556671337 0.5375963387617533 0.014717471463952591 0.014799484396167805
14 0.20837315632908754 0.5951399231124925 0.01471747146395277 0.014799484396167805
14 0.32711034780925086 0.5055274672104558 0.01471747146395277 0.014799484396167805
14 0.08407732361642979 0.6702361776350484 0.014717471463952725 0.014799484396167805
14 0.00859375 0.62578125 0.0171875 0.0171875
14 0.1785101819696507 0.5000664405253471 0.01471747146395277 0.014799484396167805
14 0.030830353185934366 0.5919750587972843 0.014717471463952681 0.014799484396167805
14 0.14953115736254485 0.5031438528952475 0.016352746071058633 0.016443871551297562
14 0.1681184915229446 0.4889209006112554 0.01471747146395277 0.014799484396167762
14 0.1955906741117678 0.46799756897404965 0.01471747146395277 0.014799484396167762
14 0.09619214164677911 0.44359179047991865 0.017915246071058544 0.01652575870642723
14 0.13359375 0.415625 0.0140625 0.0125
10 0.45976425848156455 0.9872234452750455 0.022893844499482084 0.023021420171816586
10 0.23607420140947005 0.9708901956137298 0.017915246071058634 0.01652575870642714
10 0.27842867535462207 0.9148958231579212 0.01471747146395277 0.014799484396167805
10 0.20524373242671667 0.9467876322938897 0.014717471463952681 0.014799484396167805
10 0.2852073682825275 0.8864842181149669 0.01471747146395277 0.014799484396167805
10 0.45238421381546684 0.7608213975590377 0.01471747146395277 0.014799484396167805
10 0.38535722560229113 0.8110947144969224 0.01471747146395277 0.014799484396167805
10 0.103125 0.99765625 0.015625 0.0046875
10 0.1391264268023642 0.9775296992317746 0.01471747146395277 0.014799484396167805
10 0.5195760219210188 0.6902765241987179 0.014717471463952591 0.014799484396167805
10 0.0639316817647629 0.9019775005658268 0.014717471463952725 0.014799484396167805
10 0.14467656762057376 0.8416331428093393 0.01471747146395277 0.014799484396167628
10 0.10223435649570325 0.8493128459978425 0.01471747146395277 0.014799484396167628
10 0.153126922459138 0.8107959006112555 0.01471747146395277 0.014799484396167805
10 0.2581098289931133 0.7320357355278215 0.014717471463952681 0.014799484396167805
10 0.28238423697483067 0.7128386782008753 0.01471747146395277 0.014799484396167805
10 0.10961236290584404 0.8247665473773236 0.01471747146395277 0.014799484396167628
10 0.3632211681159118 0.6337852640219526 0.014717471463952591 0.014799484396167805
10 0.4132960967757936 0.5960905122129303 0.01471747146395277 0.014799484396167805
10 0.5640625 0.4796875 0.009375 0.015625
10 0.0046875 0.81171875 0.009375 0.0171875
10 0.08181915674337228 0.7521855404799187 0.014717471463952725 0.014799484396167628
10 0.09502978618904238 0.7195401368164455 0.01471747146395277 0.014799484396167805
10 0.22265182609762918 0.6232273015611951 0.01471747146395277 0.014799484396167805
10 0.3284523699351574 0.5436449429001964 0.014717471463952591 0.014799484396167805
10 0.35027386600621596 0.5269144663059447 0.01471747146395277 0.014799484396167805
10 0.44395539950466195 0.45654001130841915 0.014717471463952591 0.014799484396167762
10 0.0652695115819365 0.7226584927639108 0.014717471463952725 0.014799484396167805
10 0.2793235111676517 0.5610271947092187 0.01471747146395277 0.014799484396167805
10 0.3940089034336034 0.47474445669500626 0.017915246071058634 0.016525758706427272
10 0.43683425827216754 0.44210569708406783 0.014717471463952591 0.014799484396167762
10 0.1268106331697237 0.6563064744465451 0.01471747146395277 0.014799484396167805
10 0.15588170306209986 0.6345200056542095 0.01627997146395277 0.014881371551297562
10 0.26086460959607516 0.5557598405707757 0.01471747146395277 0.014799484396167805
10 0.01016894272301765 0.6507292610812765 0.014717471463952725 0.014799484396167805
10 0.021072209472240665 0.617425438150498 0.014717471463952725 0.014799484396167805
10 0.14787661207727448 0.5219347964728124 0.01471747146395277 0.014799484396167805
10 0.18984794230873286 0.49089948043943893 0.01471747146395277 0.014799484396167805
10 0.2600727051290145 0.4388998891912947 0.01471747146395277 0.014799484396167762
10 0.2843471131107318 0.4197028318643484 0.01471747146395277 0.014799484396167762
10 0.08897249297068668 0.5484021212126133 0.01627997146395268 0.014881371551297562
10 0.07277175827216761 0.46118540422930004 0.014717471463952725 0.014799484396167805
13 0.2190129799455173 0.9858125107425921 0.016352746071058633 0.016443871551297562
13 0.2613674538906694 0.9298181382867835 0.016352746071058633 0.016443871551297562
13 0.19379681017697567 0.958298342379798 0.016352746071058542 0.016443871551297562
13 0.2988161040145039 0.878756927296364 0.019550520678164318 0.018170145861557074
13 0.11484375 0.99296875 0.0203125 0.0140625
13 0.18678483085514008 0.9415202781554466 0.016352746071058633 0.016443871551297562
13 0.29336662469266833 0.8618969759168831 0.016352746071058633 0.016443871551297562
13 0.3741478978520322 0.8007713681603956 0.016352746071058633 0.016443871551297562
13 0.04370907299725726 0.9178448400049488 0.01955052067816441 0.018170145861557074
13 0.12608923346017398 0.8558560950933314 0.016352746071058542 0.016443871551297562
13 0.048034854014503914 0.8918998156946893 0.017915246071058544 0.01652575870642714
13 0.07387176199622125 0.8726208712126132 0.016352746071058542 0.016443871551297562
13 0.1352480636916323 0.8265404093176827 0.019550520678164495 0.018170145861557074
13 0.43824259284685213 0.5791962613084192 0.016352746071058633 0.016443871551297472
13 0.4697301873463342 0.5557244617833889 0.016352746071058633 0.016443871551297562
13 0.17104432258297247 0.760758279059958 0.01955052067816441 0.018170145861557074
13 0.06397668527941955 0.7671487991863459 0.016352746071058542 0.016443871551297562
13 0.04746342742153671 0.7368405014703381 0.016352746071058587 0.016443871551297562
13 0.16214881968748837 0.6505577634561257 0.019550520678164495 0.018170145861557074
13 0.41821053680821496 0.45710989936806 0.016352746071058633 0.016443871551297517
13 0.10896816170577103 0.6712697331529723 0.016352746071058633 0.016443871551297562
24 0.2046875 0.99296875 0.01875 0.0140625
24 0.19530365219525833 0.9761442616471033 0.01471747146395277 0.014799484396167628
24 0.24694108085514008 0.9383676226829513 0.019550520678164495 0.018170145861557074
24 0.1809693244449993 0.9659846896208361 0.01471747146395277 0.014799484396167805
24 0.3546508811028091 0.8345255704443876 0.017915246071058634 0.016525758706427317
24 0.5609375 0.67734375 0.015625 0.0171875
24 0.39923994313730243 0.7807521172558843 0.01471747146395277 0.014799484396167628
24 0.4792035789931132 0.7204487030769616 0.014717471463952591 0.014799484396167805
24 0.06278225062368174 0.9768546698331322 0.01791524607105859 0.01652575870642714
24 0.030808812658175033 0.9270936872459868 0.01791524607105859 0.01652575870642714
24 0.11393383581753884 0.8658452487568045 0.01471747146395277 0.014799484396167805
24 0.19026520347638468 0.7831312460432711 0.01471747146395277 0.014799484396167805
24 0.36312912283064147 0.6524943204443876 0.014717471463952591 0.014799484396167805
24 0.4091886395798645 0.6173480365231898 0.01471747146395277 0.014799484396167805
24 0.47134619127527555 0.5712266310506944 0.014717471463952591 0.014799484396167805
24 0.5133539088102869 0.5394100650173208 0.01471747146395277 0.014799484396167805
24 0.5593770382559569 0.5050450310961228 0.014717471463952591 0.014799484396167805
24 0.1467506439230907 0.7971018928093393 0.017915246071058544 0.01652575870642714
24 0.23559912820732495 0.7300980992772029 0.017915246071058634 0.01652575870642714
24 0.1032724716733497 0.8102912895754075 0.017915246071058544 0.01652575870642714
24 0.05033156224389028 0.7756573400049488 0.014717471463952725 0.014799484396167628
24 0.03525237179718421 0.7647574615562462 0.014717471463952725 0.014799484396167805
24 0.04737138213626642 0.7555495578927731 0.014717471463952725 0.014799484396167628
24 0.18387827047327665 0.6525363432843092 0.014717471463952681 0.014799484396167805
24 0.25737358250777 0.5972479777259054 0.01471747146395277 0.014799484396167805
24 0.41083253039807416 0.48165619798857906 0.014717471463952591 0.014799484396167762
24 0.490014916253885 0.42139372738722114 0.017915246071058634 0.016525758706427272
24 0.0015625 0.775 0.003125 0.015625
24 0.03459955438600741 0.745308098711376 0.017915246071058544 0.016525758706427317
24 0.09437696877786558 0.7000907739715753 0.017915246071058544 0.016525758706427317
24 0.19207391418697037 0.6271678510862253 0.014717471463952681 0.014799484396167805
24 0.054950595742336274 0.7099504528498191 0.017915246071058544 0.01652575870642714
24 0.24231366273922833 0.5692015428547678 0.01471747146395277 0.014799484396167805
24 0.36346737882649754 0.47790375622003645 0.01471747146395277 0.014799484396167762
24 0.44453125 0.41640625 0.0140625 0.0140625
24 0.07516255004278123 0.5771822184536513 0.014717471463952681 0.014799484396167805
24 0.10423361993515741 0.5553957496613158 0.01471747146395277 0.014799484396167805
24 0.06309919768541639 0.5684623156946893 0.014717471463952725 0.014799484396167805
24 0.12451188668438036 0.5216006037997587 0.01471747146395277 0.014799484396167805
24 0.224625356700591 0.446992350181714 0.01471747146395277 0.014799484396167805
24 0.27109375 0.41328125 0.0140625 0.0078125
24 0.012994343880309466 0.5064027289691009 0.01791524607105859 0.016525758706427317
18 0.4260656546764577 0.9243040434205947 0.009884422249741042 0.011428822930778538
18 0.22871546567749368 0.9782899378118136 0.009884422249741042 0.011428822930778538
18 0.2702886896226458 0.9223365089335699 0.009884422249741042 0.011428822930778538
18 0.1328125 0.9984375 0.009375 0.003125
18 0.3069560897464802 0.8713162415207154 0.009884422249740865 0.011428822930778538
18 0.26106139288963337 0.8861909690194782 0.009884422249741042 0.011428822930778538
18 0.3273071311028091 0.8359585956591584 0.009884422249741042 0.011428822930778538
18 0.56484375 0.65625 0.0078125 0.009375
18 0.05571892142568069 0.9109806863414758 0.009884422249740999 0.011428822930778538
18 0.13653658188859738 0.8490738285849881 0.009884422249741042 0.011428822930778538
18 0.08357424772819762 0.8650982982818348 0.009884422249740999 0.011428822930778538
18 0.43815054756158195 0.5979053177308542 0.009884422249740865 0.011428822930778538
18 0.05054342390688005 0.8715054285395596 0.008249147642635134 0.00978443577564878
18 0.07367917101139591 0.7596262262555674 0.009884422249740999 0.011428822930778538
18 0.13618347911694775 0.6893270143606368 0.009884422249741042 0.011428822930778538
18 0.05634827584996014 0.7301401221171244 0.009884422249740999 0.011428822930778538
18 0.3608496470234626 0.5006418933751662 0.009884422249741042 0.011428822930778538
18 0.08718305293826537 0.687218959747224 0.009884422249740999 0.011428822930778538
18 0.35536378039807415 0.4845631919956852 0.009884422249740865 0.011428822930778492
18 0.06385471484892416 0.6861035170741703 0.009884422249740999 0.011428822930778538
18 0.00234375 0.6578125 0.0046875 0.009375
18 0.21070625186202685 0.4781161974227521 0.009884422249741042 0.011428822930778492
25 0.190625 0.996875 0.015625 0.00625
25 0.27897233085514006 0.9366889360027914 0.016352746071058633 0.016443871551297562
25 0.2356397078196108 0.9467533327688595 0.016352746071058542 0.016443871551297562
25 0.25208449917593967 0.9116004047951268 0.016352746071058633 0.016443871551297562
25 0.44931487179718416 0.7430573654468621 0.016352746071058633 0.016443871551297562
25 0.10036148738911539 0.8727912895754075 0.019550520678164495 0.018170145861557074
25 0.2090537448327135 0.7478554873368438 0.016352746071058633 0.016443871551297562
25 0.22195400517179573 0.7386066400958058 0.016352746071058633 0.016443871551297562
25 0.2180306385464072 0.7224460515611951 0.016352746071058542 0.016443871551297562
25 0.03821255190480806 0.7848652436684219 0.014717471463952725 0.014799484396167628
25 0.18679344706624387 0.8074728267759657 0.01471747146395277 0.014799484396167805
25 0.12468089888548946 0.7187655308689802 0.016352746071058633 0.016443871551297562
25 0.32705468982753355 0.523455273632891 0.016352746071058633 0.016443871551297562
25 0.053030684865134806 0.6173092514703381 0.016352746071058587 0.016443871551297562
25 0.003125 0.5390625 0.00625 0.015625
30 0.4767527053384114 0.9738636301461832 0.02609161910658777 0.0247476944820761
30 0.23836660153330452 0.9216714456137298 0.014717471463952681 0.014799484396167805
30 0.4394839534763847 0.7700702448000757 0.014717471463952591 0.014799484396167805
30 0.5671875 0.66875 0.003125 0.015625
30 0.49128620202864254 0.7120220494134886 0.014717471463952591 0.014799484396167628
30 0.12468293714144636 0.969713877205507 0.01471747146395277 0.014799484396167805
30 0.07571889826631688 0.9668245725920943 0.014717471463952725 0.014799484396167805
30 0.20238421381546684 0.773923342379798 0.01471747146395277 0.014799484396167628
30 0.56640625 0.4953125 0.0046875 0.015625
30 0.03288288896069198 0.8825624372459867 0.014717471463952681 0.014799484396167805
30 0.15886965426217295 0.7878939891458662 0.01471747146395277 0.014799484396167805
30 0.19764320988652542 0.7585849474227521 0.014717471463952681 0.014799484396167805
30 0.3034437537240537 0.6790025887617533 0.014717471463952591 0.014799484396167805
30 0.1146102320124319 0.8011243294894992 0.01471747146395277 0.014799484396167628
30 0.19681491811591184 0.6425062460432711 0.017915246071058634 0.016525758706427317
30 0.2710914801504051 0.5871769369073025 0.01471747146395277 0.014799484396167805
30 0.503125 0.4140625 0.015625 0.009375
30 0.10649597911694779 0.690882870308102 0.014717471463952681 0.014799484396167805
30 0.3149913374701686 0.5147353708739291 0.014717471463952591 0.014799484396167805
30 0.45625 0.41171875 0.015625 0.0046875
30 0.00546875 0.72890625 0.0109375 0.0140625
30 0.043704880688524364 0.7004083565132921 0.01791524607105859 0.01652575870642714
30 0.11713388027423957 0.5461469024202776 0.01471747146395277 0.014799484396167805
30 0.2383796416467791 0.4361400593631112 0.014717471463952681 0.014799484396167762
30 0.02589460421939167 0.4971538817280628 0.014717471463952681 0.014799484396167805
16 0.1703125 0.99296875 0.015625 0.0140625
16 0.15275227915972903 0.9861677148356065 0.01955052067816441 0.018170145861557074
16 0.2643126714256807 0.9000487511316537 0.016352746071058633 0.016443871551297562
16 0.3288139731210917 0.8538045149264637 0.019550520678164318 0.018170145861557074
16 0.5001153924753486 0.72324947648271 0.016352746071058633 0.016443871551297562
16 0.3338846168347855 0.8285997970386394 0.016352746071058633 0.016443871551297562
16 0.11054981658711646 0.9385014987568046 0.016352746071058542 0.016443871551297562
16 0.29532088461746575 0.7028085809598373 0.019550520678164318 0.018170145861557074
16 0.0709115818885974 0.8525130891004377 0.016352746071058587 0.016443871551297562
16 0.3624656509524041 0.5161440626424716 0.016352746071058633 0.016443871551297562
16 0.29453125 0.4140625 0.0171875 0.009375
16 0.00703125 0.609375 0.0140625 0.01875
21 0.446875 0.99453125 0.0125 0.0109375
21 0.439539611458102 0.7521424383776406 0.00824914764263518 0.00978443577564878
21 0.09099929590895202 0.9566716446183616 0.006613873035529317 0.008140048620519025
21 0.09586873242671667 0.9525197331529723 0.00824914764263518 0.00978443577564878
21 0.4487263285788285 0.5716327448000758 0.009884422249741042 0.011428822930778538
21 0.21059912820732496 0.731408293759279 0.009884422249741042 0.011428822930778538
21 0.10387824731391282 0.7136210074632319 0.009884422249741042 0.011428822930778538
21 0.10874768383167747 0.7094690959978426 0.009884422249741042 0.011428822930778538
21 0.4544027479330854 0.4497577448000757 0.009884422249741042 0.011428822930778492
21 0.31965956679200425 0.5316362658309749 0.00824914764263518 0.00978443577564878
21 0.2163933256833444 0.47314209237979804 0.00824914764263518 0.00978443577564878
21 0.17689417804070925 0.48456427125804175 0.008176373035529316 0.008221935775648781
21 0.041992639165579736 0.4861787601767653 0.00824914764263518 0.00978443577564878
21 0.046825688379791466 0.48280809871137603 0.008249147642635134 0.00978443577564878
29 0.5533730173729048 0.91841149027752 0.019696069892376045 0.021295145861557074
29 0.34855493073130556 0.9821408768668227 0.013082196856846907 0.01315509724103805
29 0.18638241646328196 0.983625891000317 0.013082196856846907 0.01315509724103805
29 0.16966795140947005 0.9743703997067442 0.013082196856846907 0.01315509724103805
29 0.3441307580672799 0.8428703369527311 0.013082196856846907 0.01315509724103805
29 0.404689422459138 0.7976120686353654 0.013082196856846907 0.01315509724103805
29 0.5242442512428542 0.7071774191557637 0.013082196856846907 0.01315509724103805
29 0.26671207940739805 0.881998113976524 0.013082196856846907 0.01315509724103805
29 0.3895010701017732 0.7890559401866628 0.013082196856846907 0.01315509724103805
29 0.5590944402418183 0.6617077888980389 0.013082196856846907 0.01315509724103805
29 0.1338246507475162 0.9240328850074231 0.011446922249741042 0.011510710085908116
29 0.11264531762057377 0.8433118294894992 0.011446922249741042 0.011510710085908293
29 0.2249141852794196 0.7587144222079815 0.013082196856846907 0.01315509724103805
29 0.4623885682397463 0.579489510403908 0.011446922249740865 0.011510710085908293
29 0.08771809222767964 0.8430595239715754 0.013082196856846817 0.01315509724103805
29 0.11920568672716163 0.819587724446545 0.013082196856846907 0.01315509724103805
29 0.254077300457066 0.7182188969932108 0.013082196856846907 0.01315509724103805
29 0.33645746091998274 0.6562301520815934 0.013082196856846907 0.01315509724103805
29 0.5157897040955571 0.520578177862191 0.013082196856846907 0.01315509724103805
29 0.14425069024181827 0.683448828584988 0.013082196856846907 0.01315509724103805
29 0.2936942262214637 0.570405516735486 0.013082196856846907 0.01315509724103805
29 0.40031240736254486 0.4900009644969224 0.013082196856846907 0.01315509724103805
29 0.260699789703699 0.5760313969932108 0.013082196856846907 0.01315509724103805
29 0.3657190835412273 0.4964899819097769 0.013082196856846907 0.01315509724103805
29 0.2325384024001461 0.5782866157855463 0.013082196856846907 0.01315509724103805
29 0.3480414319696507 0.4911816841937691 0.013082196856846907 0.01315509724103805
29 0.031519557900664096 0.6106431716421545 0.013082196856846862 0.01315509724103805
29 0.11225378928941429 0.4333979189286211 0.011446922249741042 0.011510710085908293
28 0.45766241108659844 0.8984884938955645 0.01471747146395277 0.014799484396167628
28 0.5347279869748306 0.6996139026474204 0.016352746071058633 0.016443871551297562
28 0.2764509524429274 0.8736942910457455 0.01471747146395277 0.014799484396167805
28 0.3192035326743857 0.842618031434807 0.014717471463952591 0.014799484396167805
28 0.5090195115819365 0.6994025407070612 0.014717471463952591 0.014799484396167805
28 0.3744304958661708 0.6441086103584794 0.01471747146395277 0.014799484396167805
28 0.4462905332935582 0.5904646319552055 0.01471747146395277 0.014799484396167805
28 0.021545128621609753 0.8917293973318952 0.014717471463952725 0.014799484396167805
28 0.1855241995474432 0.7677928510862253 0.01471747146395277 0.014799484396167805
28 0.3260828870986652 0.6614499185899368 0.014717471463952591 0.014799484396167805
28 0.34545147125906495 0.6471860227283799 0.01471747146395277 0.014799484396167805
28 0.5554536716305685 0.4888844425615121 0.01471747146395277 0.014799484396167805
28 0.4602546416467791 0.42451208333468643 0.01471747146395277 0.014799484396167762
28 0.010489966296666209 0.7442335996158873 0.01791524607105859 0.01652575870642714
28 0.18090097374026431 0.6160632547496985 0.014717471463952681 0.014799484396167805
28 0.3392293581483331 0.4963195635469827 0.014717471463952591 0.014799484396167805
28 0.3868877622011091 0.46031014247065505 0.017915246071058634 0.016525758706427272
28 0.055006253724053655 0.6920226464273839 0.014717471463952681 0.014799484396167628
28 0.09541508395551199 0.6610692175491402 0.01471747146395277 0.014799484396167805
28 0.1067164569910413 0.6526835074632318 0.01471747146395277 0.014799484396167805
28 0.00234375 0.63671875 0.0046875 0.0171875
28 0.040404406329087504 0.6039427922889409 0.014717471463952681 0.014799484396167805
28 0.06386117700725195 0.5855679285395595 0.014717471463952681 0.014799484396167805
28 0.20118570264781513 0.48173252035353065 0.01471747146395277 0.014799484396167717
28 0.18503416377268564 0.477123585482393 0.01471747146395277 0.014799484396167762
11 0.44452240219525835 0.963083260403908 0.019550520678164318 0.018170145861557074
11 0.20775230231909286 0.92639324513876 0.016352746071058633 0.016443871551297562
11 0.4235422380082879 0.610361052127022 0.016352746071058633 0.016443871551297562
11 0.4891351588102869 0.5406793159218319 0.019550520678164495 0.018170145861557074
11 0.0323307330458892 0.7103565665992004 0.01955052067816441 0.018170145861557074
34 0.21654510546224595 0.9384019222079815 0.017988020678164497 0.01808825870642732
34 0.5492999092245716 0.6879394182512526 0.016352746071058633 0.016443871551297562
34 0.466339705957584 0.7289163003179997 0.016352746071058633 0.016443871551297562
34 0.5472944152204277 0.5134716847595959 0.016352746071058633 0.016443871551297562
34 0.13314190819111432 0.8048291836279422 0.016352746071058633 0.016443871551297562
34 0.498983193756475 0.5300317429910534 0.014717471463952591 0.014799484396167805
34 0.0895909613342675 0.8195810803940103 0.016352746071058542 0.016443871551297562
34 0.1718684220448532 0.6594004969477822 0.017915246071058634 0.016525758706427317
34 0.4779686805219086 0.42903913105069424 0.016352746071058633 0.016443871551297517
34 0.08151309574233627 0.7085583712126132 0.016352746071058542 0.016443871551297562
34 0.2835765175777925 0.5366446703989591 0.016352746071058633 0.016443871551297562
34 0.43060352895033205 0.42528668928215174 0.016352746071058633 0.016443871551297517
34 0.09304140881028689 0.5614377097472241 0.017915246071058544 0.016525758706427317
34 0.2222623360224266 0.4642617373368438 0.016352746071058633 0.016443871551297517
34 0.11242926364885113 0.5300272574632319 0.016352746071058633 0.016443871551297562
34 0.21187064557572058 0.4531161974227521 0.017915246071058634 0.016525758706427272
15 0.2561191817647629 0.8919053804848673 0.013082196856846907 0.01315509724103805
15 0.00625 0.7671875 0.0125 0.0125
15 0.08153236642050073 0.6914118147901781 0.013082196856846862 0.01315509724103805
22 0.24439193135047815 0.7421067763464244 0.02274829528527027 0.019896420171816587
22 0.06272455438600741 0.7438341299190405 0.02274829528527027 0.019896420171816587
22 0.31150031038186354 0.5562235080290587 0.022748295285270358 0.019896420171816497
22 0.20742708643671137 0.6154524231124926 0.02274829528527027 0.019896420171816587
22 0.24475592018282638 0.4498340671650273 0.02274829528527027 0.01989642017181654
12 0.5122920990521053 0.9470621127333286 0.02609161910658777 0.0247476944820761
12 0.1625831974805286 0.959154835482393 0.01471747146395277 0.014799484396167628
12 0.09093298346017398 0.8576985560837509 0.014717471463952681 0.014799484396167805
12 0.16524593279822017 0.8015879969477823 0.01471747146395277 0.014799484396167628
12 0.1765473058337495 0.793202286861874 0.01471747146395277 0.014799484396167628
12 0.08372841315351306 0.7279258469023537 0.017915246071058544 0.01652575870642714
12 0.23395319913315843 0.6148415914752868 0.017915246071058544 0.016525758706427317
12 0.24688984677579356 0.6048114942342488 0.01471747146395277 0.014799484396167805
12 0.13575760173819235 0.5311427001362856 0.01471747146395277 0.014799484396167805
31 0.1278250537668349 0.9859154093176826 0.014717471463952681 0.014799484396167628
31 0.532439894956548 0.6818089269576799 0.01471747146395277 0.014799484396167717
31 0.08828125 0.99453125 0.0140625 0.0109375
31 0.05319754301346791 0.8479860413844298 0.014717471463952725 0.014799484396167805
31 0.08407313130769692 0.4527996941433917 0.01955052067816441 0.01817014586155703
20 0.43576814040843403 0.9167814704898163 0.016352746071058633 0.016443871551297562
20 0.46368558685099615 0.7524356874731295 0.016352746071058633 0.016443871551297562
20 0.48986075082856945 0.5585661787667021 0.014717471463952591 0.014799484396167805
20 0.46168870905795584 0.4439205026019918 0.016352746071058633 0.016443871551297517
23 0.55234375 0.99296875 0.0265625 0.0140625
23 0.49452240219525834 0.9604628714397558 0.02609161910658777 0.0247476944820761
23 0.15703125 0.9984375 0.0140625 0.003125
23 0.14140625 0.99296875 0.0140625 0.0140625
23 0.3158773254784567 0.8638346121675017 0.014717471463952591 0.014799484396167805
23 0.15206307444499928 0.9674996019907365 0.01471747146395277 0.014799484396167805
23 0.2335892103008102 0.9071143006566839 0.01471747146395277 0.014799484396167628
23 0.34834737717386766 0.8192690626424716 0.014717471463952591 0.014799484396167805
23 0.11174628949881127 0.979743974446545 0.01471747146395277 0.014799484396167805
23 0.21368558685099615 0.7655376322938897 0.01471747146395277 0.014799484396167805
23 0.27104647663574843 0.7220056382867834 0.01471747146395277 0.014799484396167628
23 0.5020525357747576 0.547795775103229 0.014717471463952591 0.014799484396167805
23 0.00864486828252753 0.9009782445729331 0.014717471463952681 0.014799484396167628
23 0.05871979694240932 0.8632834927639108 0.017915246071058544 0.016525758706427317
23 0.4253787198113229 0.5876638585494571 0.01471747146395277 0.014799484396167805
23 0.028178272335303477 0.8664427922889409 0.014717471463952725 0.014799484396167805
23 0.13234354156572586 0.7885048207830719 0.01471747146395277 0.014799484396167805
23 0.2824292404894873 0.5780099768213943 0.01471747146395277 0.014799484396167805
23 0.3397537429706867 0.535259232814288 0.014717471463952591 0.014799484396167805
23 0.12426567597379465 0.6774821116016748 0.01471747146395277 0.014799484396167805
23 0.4069455510762385 0.4647143594539682 0.014717471463952591 0.014799484396167762
23 0.4489532686112499 0.43289779342059465 0.014717471463952591 0.014799484396167805
23 0.00390625 0.75078125 0.0078125 0.0171875
23 0.09610428867024172 0.6797373303940104 0.014717471463952681 0.014799484396167805
23 0.13811200620525305 0.6479207643606368 0.017915246071058634 0.016525758706427317
23 0.16959960070473504 0.6244489648356066 0.01471747146395277 0.014799484396167805
23 0.2722023699351574 0.5465928804848674 0.01471747146395277 0.014799484396167805
23 0.3763676391655798 0.4686549089789985 0.017915246071058634 0.01652575870642723
23 0.07199470058090052 0.6786628312985215 0.014717471463952681 0.014799484396167805
23 0.15992284780925087 0.5142893928093393 0.01471747146395277 0.014799484396167805
23 0.2714104654680967 0.4297329291053864 0.01471747146395277 0.014799484396167762
23 0.020273842846852165 0.6011010753056276 0.014717471463952725 0.014799484396167805
23 0.10112789061332181 0.5384129675491401 0.014717471463952681 0.014799484396167805
23 0.13577687241635675 0.5139961437138505 0.01471747146395277 0.014799484396167805
32 0.4154513323028821 0.9848697291962434 0.024383569892376045 0.021540807326946167
10 0.4622920990521052 0.9496825016974807 0.019550520678164318 0.018170145861557074
25 0.47444749669474023 0.9396933480340074 0.016352746071058633 0.016443871551297562
25 0.4874569189444813 0.9281007507929695 0.016352746071058633 0.016443871551297562
1 0.38409432444499936 0.9553393594539683 0.013082196856846907 0.01315509724103805
4 0.3986298593911874 0.9444461250578005 0.02118579528527036 0.019814533016686654
21 0.41881608085514016 0.9293600356186786 0.016352746071058633 0.016443871551297562
10 0.2683066586053991 0.9481587025111347 0.022893844499481997 0.023021420171816586
1 0.3062261896226458 0.9204531043655855 0.013082196856846907 0.01315509724103805
5 0.3176367245688338 0.9097236442796774 0.019550520678164318 0.018170145861557074
14 0.3739830779596559 0.8210429245828307 0.016352746071058633 0.016443871551297562
26 0.4265473058337495 0.7801003420411137 0.016352746071058633 0.016443871551297562
34 0.05144449028459954 0.9860216299190405 0.02118579528527027 0.01981453301668683
1 0.0771380031048811 0.9363558225920944 0.009811647642635136 0.009866322930778538
2 0.4535357990093239 0.652432365446862 0.014717471463952591 0.014799484396167805
1 0.00546875 0.9234375 0.0109375 0.0125
25 0.018653415015539875 0.9370828409094599 0.017915246071058544 0.016525758706427317
10 0.17534652481650284 0.818983536861874 0.01955052067816441 0.018170145861557074
27 0.19962093279822019 0.7997864795349278 0.013082196856846907 0.01315509724103805
1 0.2140836931373024 0.7904557451387599 0.011446922249741042 0.011510710085908293
5 0.22623909077993756 0.7804665914752869 0.01955052067816441 0.018170145861557074
10 0.02944751985410412 0.9061227679786814 0.02118579528527027 0.019814533016686654
32 0.3364745775453713 0.6725954585040286 0.022748295285270358 0.019896420171816497
32 0.527889443756475 0.528516830621153 0.022748295285270358 0.019896420171816587
19 0.39866851654433527 0.6256928030315331 0.014717471463952591 0.014799484396167805
26 0.2889809933849714 0.6883333231579212 0.01955052067816441 0.018170145861557074
17 0.5262734398275335 0.5130146613538475 0.016352746071058633 0.016443871551297562
14 0.06449891604899718 0.8396003312985215 0.014717471463952681 0.014799484396167805
1 0.013499342227679633 0.8469491638402384 0.013082196856846817 0.01315509724103805
2 0.3906420008285695 0.5637660131174413 0.014717471463952591 0.014799484396167805
10 0.11245272663574842 0.7303171845324533 0.02118579528527036 0.019814533016686654
1 0.15122628226010093 0.7010081428093393 0.013082196856846817 0.01315509724103805
5 0.16334529259918318 0.6918002391458662 0.019550520678164495 0.018170145861557074
1 0.00546875 0.78828125 0.0109375 0.0140625
35 0.023096974154549078 0.7747466152197194 0.01955052067816441 0.018170145861557074
32 0.1273350179920773 0.6952461437138504 0.022748295285270358 0.019896420171816587
32 0.43101875186202676 0.4665701085494571 0.022748295285270358 0.019896420171816497
25 0.023225406743372277 0.7552563087972843 0.016352746071058587 0.016443871551297562
28 0.18077254115144106 0.6355535611721336 0.01471747146395277 0.014799484396167805
33 0.2518513285788285 0.5819505263464244 0.01471747146395277 0.014799484396167805
32 0.34876702398793336 0.5090685470386394 0.022748295285270358 0.019896420171816497
32 0.4734375 0.41640625 0.021875 0.0140625
27 0.06703321877786557 0.7015237991863459 0.011446922249740999 0.011510710085908293
32 0.19465525868645236 0.6052109639310955 0.021113020678164406 0.01825203301668683
26 0.3013462144346393 0.5232439116925318 0.016352746071058633 0.016443871551297562
3 0.3198458114153208 0.4607062901412343 0.016352746071058633 0.016443871551297562
10 0.040802512615393784 0.6288609051338112 0.01955052067816441 0.018170145861557074
1 0.0795760682397463 0.5995518634106971 0.013082196856846862 0.01315509724103805
5 0.09173146588238146 0.589562709747224 0.016352746071058587 0.016443871551297562
32 0.25774822580717893 0.4218761635015541 0.02274829528527027 0.019896420171816497
1 0.024693823202145037 0.5229351317280628 0.013082196856846862 0.01315509724103805
5 0.037630470844780196 0.5129050344870248 0.01955052067816441 0.018170145861557074
34 0.00546875 0.515625 0.0109375 0.015625
17 0.12355516232494353 0.4250122088427128 0.01471747146395277 0.014799484396167762
14 0.70546875 0.63359375 0.2734375 0.4484375