24 0 0 0 0.28950133437500003 0.0323583265625 0.3076057984375 0.1941199703125 0.318901 0.3268853390625 0.272900775 0.46604328281249996 0.1483331265625 0.5329393109375 0.015605859375 0.53420906875 0 0 0
5 0.94453125 0.2875 0.1109375 0.18125
5 0.8764763052594124 0.2113714541842004 0.18646585335772609 0.18612601687504088
0 0.7742603719366847 0.13684765853803693 0.16751585868872637 0.16828375244707078
3 0.6765625 0.07421875 0.18125 0.1484375
6 0.61015625 0.03046875 0.1015625 0.0609375
22 0.2796875 0.709375 0.559375 0.58125
6 0.7796875 0.9203125 0.440625 0.159375
28 0.7796875 0.86171875 0.440625 0.2765625
29 0.7796875 0.834375 0.440625 0.33125
31 0.74140625 0.76640625 0.3640625 0.4671875
6 0.71484375 0.71015625 0.3109375 0.5796875
9 0.6734375 0.696875 0.228125 0.55625
28 0.63359375 0.65859375 0.1484375 0.4796875