16 0.234375 0.28515625 0.46875 0.4078125
21 0.775 0.42421875 0.45 0.1296875
25 0.7625 0.365625 0.475 0.246875
28 0.734375 0.28359375 0.53125 0.4109375
7 0.734375 0.228125 0.53125 0.45625
14 0.734375 0.17734375 0.53125 0.3546875
7 0.734375 0.1140625 0.53125 0.228125
35 0.734375 0.06953125 0.53125 0.1390625
1 0.9375 0.82265625 0.125 0.2453125
2 0.915625 0.6890625 0.16875 0.246875
3 0.88671875 0.58203125 0.2265625 0.1859375
4 0.8640625 0.51484375 0.271875 0.0515625
6 0.7625 0.93359375 0.284375 0.1328125
7 0.7001391100009987 0.8566775363375928 0.3073097839891055 0.24992148919430762
8 0.6601448996047118 0.7180931784733199 0.30758279977412106 0.25460898919430763
9 0.60859375 0.6015625 0.2796875 0.225