3 0.3 0.359375 0.6 0.71875
1 0.60859375 0.5296875 0.0171875 0.021875
1 0.61015625 0.51796875 0.0203125 0.0234375
1 0.6276093582475912 0.44467396395609293 0.034726314514629576 0.022256808004454242
1 0.6609700794538877 0.32541488661682044 0.031464613477870176 0.020657945337363516
1 0.6790762390202769 0.26420466661363873 0.034726314514629666 0.022256808004454242
2 0.6140625 0.48984375 0.028125 0.0234375
2 0.6217400670600449 0.45803702995704737 0.031601314514629573 0.022220445337363514
2 0.7115824000007855 0.5821188726130024 0.036835618661666555 0.028524989337999785
0 0.6171875 0.471875 0.034375 0.025
8 0.6651401696046749 0.3105075019494114 0.036562216588147935 0.025399989337999786
3 0.6699548087187027 0.2940285266152296 0.03669891762490742 0.026962489337999784
3 0.6823967286526843 0.24852512261300247 0.0333005155513888 0.02380112667090888
3 0.7845148861928231 0.3341439019335031 0.036835618661666555 0.028524989337999785
9 0.6748377983511101 0.27833080128104787 0.036835618661666555 0.028524989337999785
9 0.6880609682850917 0.232818306612048 0.03656221658814811 0.025399989337999786
5 0.6928072568807397 0.21555808127786627 0.031601314514629664 0.022220445337363514
5 0.7821806981155544 0.3521581052673667 0.03669891762490742 0.026962489337999784
34 0.3 0.859375 0.6 0.28125
18 0.88203125 0.859375 0.2359375 0.28125