10 0.259375 0.3546875 0.51875 0.709375
8 0.6712320350505205 0.12451148211346866 0.05109102773541672 0.04862103847458741
2 0.9416010460684372 0.030744157063210452 0.03510235182361114 0.032450401451278844
5 0.9342970391345832 0.042217370402721596 0.03350348423243048 0.030833337748947986
2 0.891581555852083 0.09702143229095395 0.03510235182361114 0.032450401451278844
0 0.881951982713819 0.10763155007696881 0.03510235182361114 0.032450401451278844
1 0.8738667257799649 0.11907748156531453 0.03350348423243048 0.030833337748947986
7 0.865018402641701 0.1297148812024948 0.036701219414791805 0.0340674651536097
7 0.9796875 0.23203125 0.040625 0.0390625
7 0.990625 0.4890625 0.01875 0.034375
8 0.9709755022811107 0.24678830851448924 0.044659189779513754 0.04059028366526398
8 0.9859375 0.5015625 0.028125 0.03125
32 0.259375 0.8546875 0.51875 0.290625
2 0.9609375 0.9375 0.078125 0.125