28 0.325 0.159375 0.65 0.31875
4 0.946875 0.2734375 0.10625 0.090625
9 0.846875 0.28046875 0.134375 0.0765625
2 0.72421875 0.2875 0.1359375 0.0625
2 0.61953125 0.73203125 0.0609375 0.1703125
4 0.5565029049098399 0.6641181215957305 0.1593998257680484 0.18592686562705046
1 0.45346223966356297 0.5902893493526091 0.15443950725639405 0.17792336463846717
6 0.35109369701262433 0.5196174106075848 0.1577281983633867 0.1827381986308559
0 0.24161205880818942 0.45100272037968586 0.15454863466105584 0.18104836463846716
5 0.12890625 0.39921875 0.1609375 0.1609375
19 0.825 0.659375 0.35 0.68125