11 0.2796875 0 0 0 0 0.5309719046875 0.0089835625 0.5454158203125 0 0.5638407359375 0 0.6093160265625001 0.21331492500000002 0.5675587 0.2796875 0.5275040062499999 0.2796875 0.079655165625 0.2591524796875 0.0744459703125 0.2796875 0.0056793140625 0.2796875 0
30 0.5332015450215974 0.19828959259857482 0.30004159327423635 0.2720214875069682
24 0.35234375 0.28203125 0.1453125 0.2734375
29 0.4078125 0.496875 0.25625 0.225
35 0.64375 0.55390625 0.26875 0.1109375
26 0.471875 0.5828125 0.278125 0.053125
32 0.86953125 0.94140625 0.2171875 0.1171875
25 0.94453125 0.83671875 0.1109375 0.2078125
20 0.8240869970532992 0.8590867129136879 0.2249311840799308 0.1997192406302261
19 0.88515625 0.6859375 0.2296875 0.153125
22 0.7325151332618407 0.7507560624461497 0.24578919794763898 0.22327491529826116
27 0.66953125 0.65234375 0.2421875 0.0859375
31 0.475 0.6921875 0.24375 0.165625
18 0.3515625 0.76171875 0.14375 0.2359375
30 0.5401107341355214 0.807441357920277 0.2805642414506252 0.2406624031980126
15 0.37265625 0.9 0.1859375 0.2
24 0.46484375 0.9578125 0.2421875 0.084375
33 0.64453125 0.9140625 0.2265625 0.171875