31 0.709375 0.1046875 0.58125 0.209375
33 0.390625 0.859375 0.05625 0.2375
31 0.23515625 0.91328125 0.2765625 0.1734375
30 0.04765625 0.92265625 0.0953125 0.1546875
24 0.3734375 0.63515625 0.090625 0.2203125
22 0.16244129141467809 0.6854958887253154 0.2948237933640895 0.22996240937299817
16 0.3578125 0.43828125 0.121875 0.2171875
28 0.16719987472149747 0.49026520472627 0.2774908426957259 0.21726241470399826
11 0.359375 0.284375 0.11875 0.15
10 0.18203125 0.30546875 0.2703125 0.1921875
23 0.709375 0.6046875 0.58125 0.790625