28 0.25 0.159375 0.5 0.31875
23 0.75 0.159375 0.5 0.31875
24 0.5 0.31875 0.06494005625 0.31875 0.0360233875 0.3548570796875 0 0.48801983125000004 0 0.6633737515625 0.0039196640625 0.6993719687500001 0.0548268578125 0.8015578250000001 0.1583760625 0.9027274921874999 0.3473627015625 0.978439778125 0.5 0.9754933171874999 0.5 0.31875
13 0.93984375 0.696875 0.1203125 0.240625
17 0.91328125 0.47265625 0.1734375 0.2328125
23 0.7515451087155223 0.4204122014591813 0.23736113466105585 0.19252307718412753
20 0.59453125 0.40390625 0.1734375 0.1703125
33 0.7697246459241652 0.6176190881817897 0.2554762176006804 0.22038796805592079
19 0.846875 0.87734375 0.265625 0.2453125
12 0.62421875 0.7859375 0.2484375 0.246875
16 0.6125 0.55390625 0.225 0.2234375