11 0 0.3890625 0.2890625 0.3890625 0.2890625 0.32069563125 0.2551629015625 0.158390809375 0.199046628125 0.0821046703125 0.09412798125 0.023035865625 0 0.03962290625 0 0.3890625
18 0.82265625 0.19453125 0.3265625 0.3890625
30 0.14453125 0.5015625 0.2890625 0.225
33 0.17578125 0.7421875 0.2265625 0.271875
16 0.1125 0.94296875 0.225 0.1140625
30 0.9484375 0.4625 0.103125 0.146875
24 0.7296875 0.4671875 0.375 0.15625
10 0.43671875 0.50546875 0.2953125 0.2328125
29 0.7261104333702487 0.7571041257071285 0.3541215052417872 0.2829752990309348
35 0.90234375 0.93828125 0.1953125 0.1234375
26 0.7609375 0.92421875 0.36875 0.1515625
23 0.40390625 0.89140625 0.2296875 0.2171875