32 0.309375 0.35 0.61875 0.7
27 0.809375 0.35 0.38125 0.7
1 0.12421875 0.7046875 0.0171875 0.009375
1 0.2092699807331631 0.8218965405277594 0.017733069279472158 0.019550520678164318
4 0.21526156795932394 0.8401200016526298 0.02255696159934022 0.024456344499482086
1 0.27921275620169916 0.7588379224546287 0.017596676959604096 0.014863020678164317
5 0.28433216521461463 0.7738999962759463 0.020948997492717503 0.022821069892376044
2 0.49375 0.99765625 0.01875 0.0046875
1 0.4497465650563301 0.7207493792362731 0.016034176959604095 0.014790246071058544
5 0.45408472406924555 0.7357750657540377 0.020948997492717503 0.022821069892376044
2 0.61015625 0.978125 0.0171875 0.01875
5 0.57109375 0.71015625 0.0203125 0.0203125
23 0.809375 0.85 0.38125 0.3