32 0.2546875 0.26953125 0.509375 0.5390625
12 0.8908804290678394 0.49140625 0.01886817466803503 0.0203125
12 0.99140625 0.26484375 0.0171875 0.0171875
12 0.9324826426688981 0.3234375 0.01729658430895533 0.01875
12 0.9289036455957644 0.2671875 0.01729658430895533 0.01875
12 0.9423530672387374 0.23828125 0.01729658430895533 0.01875
12 0.8081588326586354 0.47578125 0.01729658430895533 0.01875
12 0.8298798174351291 0.36796875 0.01729658430895533 0.01875
12 0.8638467930382404 0.16953125 0.01729658430895533 0.01875
12 0.6150360674351291 0.36796875 0.01729658430895542 0.01875
12 0.716345079142594 0.14296875 0.01729658430895542 0.01875
12 0.5858394468254284 0.28359375 0.01729658430895542 0.01875
12 0.6871530037124332 0.0578125 0.01729658430895542 0.01875
12 0.5459184287732517 0.296875 0.01729658430895542 0.01875
29 0.8971986067609364 0.4796875 0.015706813231716587 0.0140625
29 0.9953125 0.25390625 0.009375 0.0140625
29 0.9023815313307756 0.39453125 0.014135222872636887 0.0125
29 0.9387962751824555 0.3125 0.01726931323171659 0.0140625
29 0.9352172781093216 0.25625 0.014135222872636887 0.0125
29 0.8263457512765463 0.43828125 0.014135222872636887 0.0125
29 0.8872928625164729 0.30234375 0.014135222872636887 0.0125
29 0.9007422841594458 0.2734375 0.014135222872636887 0.0125
29 0.7165531156397309 0.37578125 0.014135222872636976 0.0125
29 0.7956962358566482 0.20078125 0.014135222872636887 0.0125
29 0.6213542451282261 0.35625 0.015706813231716587 0.0140625
29 0.7226632568356911 0.13125 0.014135222872636887 0.0125
29 0.5921621696980653 0.27109375 0.015706813231716587 0.0140625
29 0.6934666362259905 0.046875 0.014135222872636976 0.0125
29 0.5870524888817102 0.209375 0.014135222872636887 0.0125
29 0.51328125 0.0359375 0.0078125 0.0125
18 0.9019406489154141 0.4703125 0.015688632513557364 0.0109375
18 0.9557519710259251 0.35234375 0.015688632513557364 0.0109375
18 0.996875 0.24765625 0.00625 0.0109375
18 0.8841627964560861 0.4375 0.015688632513557364 0.0109375
18 0.9435246817983138 0.30546875 0.015688632513557364 0.0109375
18 0.9921875 0.19453125 0.015625 0.0109375
18 0.8841269559006146 0.309375 0.015688632513557364 0.0109375
18 0.9181434075978169 0.23671875 0.015688632513557364 0.0109375
18 0.9490121333973202 0.16796875 0.015688632513557364 0.0109375
18 0.8140366488172182 0.40546875 0.015688632513557364 0.0109375
18 0.8052616125164729 0.30234375 0.015688632513557364 0.0109375
18 0.892317226683266 0.11015625 0.015688632513557364 0.0109375
18 0.9358495789462022 0.01328125 0.015688632513557364 0.0109375
18 0.6260917421031641 0.34765625 0.015688632513557364 0.0109375
18 0.679907609393215 0.22890625 0.015688632513557364 0.0109375
18 0.5968951214934635 0.26328125 0.015688632513557364 0.0109375
18 0.6507155339630541 0.14375 0.015688632513557364 0.0109375
18 0.6966325428418487 0.03984375 0.014117042154477667 0.009375
18 0.5427297962596943 0.3078125 0.015688632513557323 0.0109375
18 0.5471087449318344 0.2265625 0.015688632513557323 0.0109375
18 0.515625 0.02890625 0.0125 0.0109375
31 0.9051247362494316 0.46015625 0.01886817466803503 0.0203125
31 0.9984375 0.2375 0.003125 0.015625
31 0.9451462691323312 0.2953125 0.01729658430895533 0.01875
31 0.8536354800029157 0.31328125 0.01728749394987581 0.0171875
31 0.8440791937021703 0.21015625 0.01728749394987581 0.0171875
31 0.6285036697962612 0.3359375 0.01729658430895542 0.01875
31 0.7282320007855669 0.1140625 0.01728749394987581 0.0171875
31 0.6998166301758663 0.0296875 0.01728749394987581 0.0171875
31 0.5993115943661003 0.25078125 0.01887726502711464 0.021875
31 0.51640625 0.01953125 0.0140625 0.0171875
14 0.9106752994811481 0.44609375 0.01729658430895533 0.01875
14 0.8620423567609364 0.4796875 0.01729658430895533 0.01875
14 0.9506877420049682 0.2828125 0.01728749394987581 0.0171875
14 0.8378826940949539 0.46953125 0.01728749394987581 0.0171875
14 0.8584588145082627 0.42421875 0.01728749394987581 0.0171875
14 0.9225718323640478 0.28125 0.01729658430895533 0.01875
14 0.9110530702637994 0.246875 0.01729658430895533 0.01875
14 0.9276683985226306 0.2109375 0.01728749394987581 0.0171875
14 0.9814842658126816 0.0921875 0.01728749394987581 0.0171875
14 0.7847849651721928 0.46484375 0.01729658430895533 0.01875
14 0.8045525645082628 0.42421875 0.01729658430895533 0.01875
14 0.8172252813307755 0.39453125 0.01729658430895533 0.01875
14 0.8362161758463854 0.353125 0.01728749394987581 0.0171875
14 0.8480849167711991 0.32734375 0.01728749394987581 0.0171875
14 0.8599627480550923 0.3 0.01729658430895533 0.01875
14 0.8693928110904172 0.15625 0.01728749394987581 0.0171875
14 0.9002615368899205 0.0875 0.01729658430895533 0.01875
14 0.923213223560008 0.03671875 0.01729658430895533 0.01875
14 0.7846269256499937 0.2234375 0.01729658430895533 0.01875
14 0.6348309378484379 0.32265625 0.01729658430895542 0.01875
14 0.7345592688377437 0.10078125 0.01728749394987581 0.0171875
18 0.7266104134515494 0.12421875 0.015688632513557364 0.0109375
18 0.777260374125742 0.0125 0.015688632513557364 0.0109375
14 0.6064155672387372 0.23828125 0.01729658430895533 0.01875
14 0.706143898228043 0.01640625 0.01728749394987581 0.0171875
14 0.5672848895456402 0.25 0.01729658430895542 0.01875
14 0.5783587449318345 0.2265625 0.01729658430895542 0.01875
14 0.606070654474559 0.16328125 0.01728749394987581 0.0171875
14 0.6685939012531051 0.025 0.01728749394987581 0.0171875
14 0.5724723592950192 0.1640625 0.01728749394987581 0.0171875
14 0.521875 0.00703125 0.01875 0.0140625
10 0.9249241518422803 0.4140625 0.01729658430895533 0.01875
10 0.9494519740509872 0.3609375 0.01729658430895533 0.01875
10 0.9649320491865605 0.2515625 0.01728749394987581 0.0171875
10 0.9870933954975685 0.20234375 0.01728749394987581 0.0171875
10 0.948684880470454 0.22421875 0.01728749394987581 0.0171875
10 0.9953125 0.10859375 0.009375 0.0171875
10 0.943497931601922 0.17578125 0.01728749394987581 0.0171875
10 0.9577467839630541 0.14375 0.01728749394987581 0.0171875
10 0.8171530793389857 0.27265625 0.01728749394987581 0.0171875
10 0.8321968172387372 0.23828125 0.01728749394987581 0.0171875
10 0.8504019165748075 0.19765625 0.01729658430895533 0.01875
10 0.7110207331261736 0.38671875 0.01729658430895542 0.01875
10 0.6490797902095701 0.290625 0.01729658430895542 0.01875
10 0.6728218172387372 0.23828125 0.01728749394987581 0.0171875
10 0.7480132356602563 0.07109375 0.01728749394987581 0.0171875
10 0.7701700367917246 0.02265625 0.01728749394987581 0.0171875
10 0.6198831695998694 0.20625 0.01728749394987581 0.0171875
10 0.6444064466290367 0.15390625 0.01728749394987581 0.0171875
10 0.6527643681738138 0.06015625 0.01728749394987581 0.0171875
10 0.5787996273471959 0.15078125 0.01728749394987581 0.0171875
22 0.9336269861512356 0.3953125 0.020457945745273952 0.025
22 0.9728445431364363 0.234375 0.020457945745273952 0.025
22 0.8390230132785987 0.4078125 0.020457945745273775 0.025
22 0.8659354921031641 0.34765625 0.01887726502711473 0.021875
22 0.9347996424725065 0.19375 0.020457945745273952 0.025
22 0.7949917330279778 0.321875 0.01887726502711473 0.021875
22 0.6577780793389858 0.27265625 0.020457945745273865 0.025
22 0.755930274789672 0.053125 0.020457945745273952 0.025
22 0.6285769135497452 0.1890625 0.020457945745273865 0.025
22 0.6424763079671593 0.0828125 0.020457945745273952 0.025
25 0.9407764108192709 0.375 0.020430674668035033 0.0203125
25 0.8668162151721927 0.46484375 0.01884999394987581 0.0171875
25 0.9792036274453917 0.215625 0.01884999394987581 0.0171875
25 0.8925161728213233 0.34453125 0.01884999394987581 0.0171875
25 0.9146775191323313 0.2953125 0.01884999394987581 0.0171875
25 0.996875 0.03828125 0.00625 0.0171875
25 0.7966673416356259 0.43671875 0.020430674668035033 0.0203125
25 0.6657087540070208 0.25234375 0.01729658430895542 0.01875
25 0.7638518590986274 0.034375 0.01728749394987581 0.0171875
25 0.6357354285768599 0.1671875 0.020430674668035033 0.0203125
25 0.6622666332009284 0.03828125 0.01729658430895542 0.01875
16 0.9573917390781019 0.3390625 0.020430674668035033 0.0203125
16 0.8913440373808997 0.41171875 0.020430674668035033 0.0203125
16 0.99140625 0.18046875 0.0171875 0.0203125
16 0.9279825367917246 0.02265625 0.020430674668035033 0.0203125
16 0.6807615822658519 0.21640625 0.020430674668035033 0.0203125
16 0.7765625 0.00546875 0.021875 0.0109375
16 0.6515695068356911 0.13125 0.020430674668035033 0.0203125
23 0.9668530974893583 0.32421875 0.01729658430895533 0.01875
23 0.8865701789696434 0.4265625 0.01728749394987581 0.0171875
23 0.996875 0.16796875 0.00625 0.0171875
23 0.9542308985226307 0.2109375 0.01415340359079611 0.015625
23 0.9850996243221338 0.1421875 0.01728749394987581 0.0171875
23 0.8235525493829524 0.38125 0.01728749394987581 0.0171875
23 0.8234848925707023 0.25859375 0.01728749394987581 0.0171875
23 0.857514979806524 0.18359375 0.01728749394987581 0.0171875
23 0.9375 0.00546875 0.01875 0.0109375
23 0.7782951124182771 0.2375 0.01728749394987581 0.0171875
23 0.6902229406771083 0.2015625 0.01729658430895542 0.01875
23 0.6610308652469474 0.11640625 0.01729658430895542 0.01875
23 0.6124024677062755 0.14921875 0.01728749394987581 0.0171875
21 0.8754599621471307 0.45625 0.015688632513557364 0.0109375
21 0.99140625 0.13359375 0.0171875 0.0109375
21 0.9521734948336386 0.16171875 0.015688632513557364 0.0109375
21 0.8456775342576417 0.33828125 0.015679542154477845 0.009375
21 0.8662627450300302 0.29140625 0.015670451795397965 0.0078125
21 0.5411354800029157 0.31328125 0.015688632513557323 0.0109375
20 0.8962780188377437 0.10078125 0.01884999394987581 0.0171875
20 0.5545849016458886 0.284375 0.0188409035907962 0.015625
17 0.907060461852543 0.26171875 0.01884999394987581 0.0171875
17 0.7062514198944572 0.40078125 0.01884999394987581 0.0171875
17 0.5640826214934634 0.26328125 0.01884999394987581 0.0171875
17 0.515625 0.29921875 0.0125 0.0171875
17 0.5423667027773568 0.2359375 0.01884999394987581 0.0171875
17 0.5645189587292851 0.18828125 0.01884999394987581 0.0171875
27 0.8537076819947055 0.43515625 0.014135222872636887 0.0125
27 0.885375838512368 0.36328125 0.012572722872636888 0.0125
27 0.8988298053348807 0.33359375 0.014135222872636887 0.0125
27 0.8595945885123679 0.36328125 0.014135222872636887 0.0125
27 0.9197468142136753 0.2296875 0.014135222872636887 0.0125
27 0.976742223658204 0.1015625 0.01570681323171641 0.0140625
27 0.8100940373808998 0.41171875 0.014135222872636887 0.0125
27 0.9058030097625573 0.075 0.014135222872636887 0.0125
27 0.5728263624182771 0.2375 0.014135222872636933 0.0125
27 0.674916624125742 0.0125 0.014135222872636887 0.0125
27 0.5677257719610016 0.17421875 0.014135222872636933 0.0125
24 0.9063605042034124 0.38203125 0.01728749394987581 0.0171875
24 0.8481707543016084 0.446875 0.01729658430895533 0.01875
24 0.8734980072284746 0.390625 0.01729658430895533 0.01875
24 0.9043667330279778 0.321875 0.01728749394987581 0.0171875
24 0.9708462267814617 0.175 0.014153403590796287 0.015625
24 0.99296875 0.121875 0.0140625 0.01875
24 0.8311059741491832 0.42578125 0.01729658430895533 0.01875
24 0.8532718656397309 0.37578125 0.01729658430895533 0.01875
24 0.7870746938985622 0.33984375 0.01729658430895533 0.01875
24 0.7308110583599428 0.3421875 0.01729658430895542 0.01875
24 0.7458502510801546 0.30859375 0.01728749394987581 0.0171875
24 0.7687973925707023 0.25859375 0.01729658430895542 0.01875
24 0.5910314617543472 0.196875 0.01729658430895533 0.01875
24 0.6345592688377437 0.10078125 0.01729658430895542 0.01875
24 0.5194241064663487 0.28515625 0.01729658430895542 0.01875
30 0.8798343656397309 0.37578125 0.01728749394987581 0.0171875
30 0.814490645890352 0.46171875 0.01728749394987581 0.0171875
30 0.7529678594914109 0.29375 0.01728749394987581 0.0171875
15 0.8449775766085112 0.45859375 0.01726931323171641 0.0140625
15 0.8500786879466338 0.3875 0.018840903590796286 0.015625
32 0.996875 0.53125 0.00625 0.015625
32 0.9779683803722581 0.159375 0.020457945745273775 0.025
32 0.8778042330279778 0.321875 0.01887726502711473 0.021875
32 0.5257786455957644 0.2671875 0.01887726502711464 0.021875
28 0.9099082059006147 0.309375 0.01728749394987581 0.0171875
28 0.8216082543016083 0.446875 0.01728749394987581 0.0171875
28 0.9870302838648584 0.07890625 0.01728749394987581 0.0171875
28 0.9921875 0.065625 0.015625 0.01875
28 0.8076599046709507 0.29296875 0.01728749394987581 0.0171875
28 0.6005246364223822 0.1765625 0.01728749394987581 0.0171875
28 0.67890625 0.0046875 0.0171875 0.009375
28 0.5495070370863122 0.2171875 0.01728749394987581 0.0171875
34 0.8656082391762979 0.40390625 0.020430674668035033 0.0203125
34 0.7387508233870574 0.3203125 0.01884999394987581 0.0171875
10 0.8853253206565828 0.50625 0.022011355386194253 0.0234375
12 0.920145748251484 0.4296875 0.022011355386194253 0.0234375
10 0.9874201275435877 0.28046875 0.020430674668035033 0.0203125
27 0.8572684983496799 0.49453125 0.020430674668035033 0.0203125
34 0.876304844660688 0.4453125 0.01728749394987581 0.0171875
10 0.9277087842576417 0.33828125 0.022011355386194253 0.0234375
12 0.9601536455957642 0.2671875 0.020430674668035033 0.0203125
11 0.8323230405041577 0.48515625 0.020430674668035033 0.0203125
13 0.9660678231906656 0.190625 0.020430674668035033 0.0203125
17 0.8928252450300302 0.29140625 0.020430674668035033 0.0203125
13 0.9656320068356912 0.13125 0.020430674668035033 0.0203125
13 0.9727541604264873 0.115625 0.020430674668035033 0.0203125
11 0.8867802989901687 0.121875 0.020430674668035033 0.0203125
11 0.9184393651487517 0.0515625 0.020430674668035033 0.0203125
13 0.8400865852909141 0.225 0.01884999394987581 0.0171875
13 0.8772825791425941 0.14296875 0.020430674668035033 0.0203125
13 0.7260371999486864 0.35703125 0.020430674668035033 0.0203125
13 0.764018988979906 0.27421875 0.020430674668035033 0.0203125
33 0.7918889380448297 0.45234375 0.01728749394987581 0.0171875
33 0.7901683985226307 0.2109375 0.01728749394987581 0.0171875
11 0.7411622301993074 0.44296875 0.020430674668035033 0.0203125
18 0.7466946127128647 0.43203125 0.015688632513557364 0.0109375
23 0.7506644952264221 0.42109375 0.020430674668035033 0.0203125
16 0.7601485795353774 0.40234375 0.022011355386194253 0.0234375
24 0.7688468686647931 0.384375 0.022011355386194253 0.0234375
29 0.7823099258463854 0.353125 0.020430674668035033 0.0203125
32 0.6975485855855016 0.41953125 0.025172716822512698 0.0296875
10 0.6086951638443329 0.38359375 0.022011355386194253 0.0234375
12 0.6442968414392342 0.30703125 0.022011355386194253 0.0234375
12 0.7432348320694603 0.08671875 0.022011355386194253 0.0234375
12 0.71328125 0.00625 0.0203125 0.0125
12 0.5355940071302787 0.32578125 0.020430674668035033 0.0203125
12 0.6143189708295335 0.22265625 0.020430674668035033 0.0203125
10 0.7115712207313376 0.1578125 0.01729658430895542 0.01875
10 0.5794985432346322 0.29921875 0.01887726502711464 0.021875
10 0.680812100121637 0.0734375 0.01887726502711473 0.021875
13 0.6210689405789125 0.13671875 0.01884999394987581 0.0171875
29 0.6313570007855669 0.1140625 0.020430674668035033 0.0203125
28 0.51328125 0.31484375 0.0078125 0.0203125
29 0.5368297750842597 0.24765625 0.014135222872636933 0.0125
29 0.557419531036188 0.2 0.015706813231716587 0.0140625
13 0.5866893953993726 0.1375 0.020430674668035033 0.0203125
21 0.7546875 0.76953125 0.490625 0.4609375