21 0.2796875 0.33359375 0.559375 0.3703125
25 1 0.11861306093749999 0.6224411296875 0.09035418437500001 0.559375 0.027678959375 0.559375 0.181296403125 0.6076989609375 0.3027056390625 0.6630114296875 0.2961954875 0.64432628125 0.24925087499999998 0.65424020625 0.211811215625 0.8910610437500001 0.2248911265625 0.9682586671875001 0.3772776671875 1 0.41058359375000003 1 0.11861306093749999
30 0.4707280143410859 0.5906038730488758 0.034514702344038285 0.029048882573423463
21 0.48324780073828055 0.6039918668250985 0.04338905459579188 0.021946777594401647
21 0.41491211751568996 0.9206806141258062 0.05785207279438911 0.02926237012586892
21 0.440625 0.9890625 0.05625 0.021875
21 0.446875 0.99375 0.05625 0.0125
21 0.1621492604835746 0.8222268456549668 0.06097707279438911 0.029499168466194804
21 0.09537037553525449 0.9205683346573046 0.06097707279438911 0.02949916846619498
21 0.09919628238279969 0.9317426329976307 0.054626943244739934 0.02746307178554286
18 0.33888413633259606 0.7291074981491221 0.054626943244739934 0.02746307178554286
18 0.43663572562753955 0.9806359545826808 0.054626943244739753 0.02746307178554286
18 0.14609375 0.5234375 0.0546875 0.009375
18 0.08705272362495471 0.6330566792633643 0.05951470234403846 0.03094326929603186
18 0.2105843653562216 0.9471802240792055 0.054626943244739934 0.02746307178554268
12 0.4390625 0.52265625 0.0375 0.0078125
12 0.36460363201365953 0.8150216873612415 0.05064035009228505 0.038045374275053764
12 0.11209109885566733 0.7204741688904022 0.05240310919158375 0.04128877344521662
24 0.38700836057585963 0.8734737274031978 0.05240310919158375 0.041288773445216795
24 0.3980855629198981 0.9007466224241758 0.05582849784053181 0.04621307178554268
24 0.22886758867663454 0.7472044574824659 0.052603368290882455 0.0444137734452168
24 0.13424550354374426 0.7750199589323585 0.047515350092285046 0.03780857593472771
24 0.1463042149870814 0.8054770535384181 0.052603368290882455 0.0444137734452168
27 0.22109375 0.9890625 0.0453125 0.021875
27 0.05452652760243772 0.8412826537435553 0.04877746144333717 0.03323947510489074
23 0.5125 0.52890625 0.0375 0.0203125
23 0.2421875 0.52421875 0.05 0.0109375
23 0.337892135252862 0.7500236493938777 0.05240310919158375 0.041288773445216795
23 0.1982801202934672 0.670250871174776 0.05064035009228505 0.038045374275053764
23 0.0861107873200452 0.6547540805081199 0.05064035009228505 0.038045374275053764
23 0.1787545720191968 0.887236539016271 0.05064035009228505 0.038045374275053764
17 0.3833932048080486 0.8413240782330348 0.07145349784053164 0.047397063487172986
17 0.2546581330933936 0.7856991950349114 0.06500323874123311 0.043798466806520865
17 0.07406256785714369 0.6001966350722232 0.06500323874123311 0.043798466806520955
17 0.1293682364248811 0.7474394105920323 0.06500323874123311 0.043798466806520865
17 0.028125 0.746875 0.05625 0.04375
17 0.042578437689185476 0.7882877083076585 0.061878238741233105 0.04356166846619498
17 0.11953125 0.98125 0.0640625 0.0375
20 0.453125 0.5328125 0.05 0.028125
28 0.45401208127537895 0.5481320305174087 0.03920220234403828 0.029404080083912553
28 0.2700468938907353 0.5769520796829273 0.0538654796419344 0.03984467261537983
28 0.353676623994095 0.7900925423402633 0.0538654796419344 0.03984467261537965
28 0.15734663479143665 0.5653023394311896 0.0538654796419344 0.03984467261537983
28 0.291955478866742 0.9066987792680088 0.0538654796419344 0.03984467261537965
28 0.10189527606127821 0.6948229734545055 0.05064035009228505 0.038045374275053764
27 0.4685449506459955 0.5686696734637943 0.05064035009228505 0.038045374275053764
14 0.4826865962347737 0.6194984676549355 0.040964961443336986 0.03264747925407559
14 0.28034284623477373 0.6041657751188239 0.05240310919158375 0.041288773445216795
14 0.3054417782207466 0.6682641639160247 0.052603368290882455 0.0444137734452168
14 0.276170990125509 0.8666298863216231 0.052603368290882455 0.04441377344521662
14 0.3021012368863065 0.9315687247039055 0.052603368290882455 0.0444137734452168
10 0.1871027883997794 0.6414154761537979 0.05064035009228505 0.038045374275053764
10 0.25656059453673075 0.8153866950349112 0.05064035009228505 0.038045374275053764
10 0.04714032001661197 0.5561739479346963 0.05240310919158375 0.041288773445216795
10 0.1667459253506843 0.8575606944102114 0.0523029796419344 0.03972627344521662
10 0.0125 0.7 0.025 0.04375
10 0.04281826958287325 0.8162943091374956 0.05240310919158366 0.041288773445216795
10 0.07952533003876124 0.903818542540756 0.05240310919158375 0.04128877344521662
16 0.2484375 0.54375 0.075 0.05
33 0.2905386690291628 0.6298169705547205 0.05064035009228505 0.038045374275053764
33 0.313959689230345 0.9589008193099652 0.04927810919158375 0.04105197510489074
32 0.4196589767072737 0.9583582128810507 0.054666516039128865 0.052344672615379825
13 0.32261878624031104 0.693666905617655 0.06842862739018099 0.048722765146846925
13 0.153125 0.5390625 0.06875 0.040625
13 0.06984064697305428 0.8618794962750224 0.06374112739018098 0.04836756763635801
22 0.03125 0.53359375 0.05625 0.0296875
22 0.00703125 0.6671875 0.0140625 0.053125
32 0.17260019740679294 0.6092182827924937 0.05632914558877822 0.05402557178554286
29 0.21051930443890834 0.6913921653659172 0.056790220542635696 0.03695647095570589
29 0.2225780158822454 0.7218492599719768 0.056790220542635696 0.036956470955705714
29 0.05859825416205311 0.577256042540756 0.0583527205426357 0.03707487012586892
29 0.21158566085271496 0.9628052240792055 0.05512759099298634 0.03527557178554268
29 0.0203125 0.72265625 0.040625 0.0390625
29 0.10744887337578612 0.9634662296782828 0.055327850092285046 0.03840057178554268
31 0.26758773210594455 0.8418783400558894 0.05240310919158375 0.041288773445216795
13 0.19666276526393656 0.9119172303029828 0.06842862739018099 0.048722765146846925
27 0.7796875 0.77890625 0.440625 0.4421875