22 0.234375 0.21953125 0.46875 0.4390625
35 0.734375 0.21953125 0.53125 0.4390625
5 0.0740035639190876 0.6903001732204613 0.12123062626704133 0.16201390507947586
3 0.20233309699837906 0.6596181468115914 0.11968630698520073 0.1650843413771451
8 0.33845240417997147 0.6331151889143759 0.11966812626704133 0.1619593413771451
0 0.4421875 0.60703125 0.053125 0.1734375
29 0.91171875 0.80703125 0.1765625 0.2859375
24 0.6328125 0.84921875 0.328125 0.2859375
21 0.88046875 0.5515625 0.2390625 0.225
16 0.59140625 0.60625 0.2453125 0.25625
11 0.61015625 0.47265625 0.2828125 0.0671875