22 0.184375 0.26953125 0.36875 0.5390625
1 0.65390625 0.51328125 0.0671875 0.0515625
2 0.77421875 0.50390625 0.0921875 0.0703125
3 0.90078125 0.503125 0.0859375 0.071875
7 0.4214315096867366 0.2804762528393738 0.08361519984750014 0.17014095048646727
8 0.541507620344063 0.27242006533855 0.09451633225631947 0.16876936525911965
9 0.6638547458190283 0.26127978814615166 0.086667464665139 0.16707049756436804
0 0.7877461874984032 0.24938553449270362 0.09153680262104177 0.17496481818121906
23 0.3328125 0.75859375 0.071875 0.1984375
18 0.20582469348232682 0.7471587869283357 0.22115156743868064 0.17410352191409723
34 0.0359375 0.68984375 0.071875 0.1734375
12 0.253125 0.90859375 0.23125 0.1828125
31 0.684375 0.75390625 0.63125 0.4296875