32 0.29453125 0.359375 0.5890625 0.71875
24 0.63046875 0.1265625 0.0828125 0.253125
16 0.7078125 0.64765625 0.2375 0.1421875
11 0.61953125 0.54921875 0.0609375 0.2796875
13 0.70234375 0.43984375 0.2265625 0.2546875
15 0.8309801758213349 0.457296854551278 0.281485041638982 0.2749476453691802
17 0.7240547570967139 0.23761215790105 0.269646375692138 0.260757876034362
10 0.954117287172387 0.460548029201188 0.06894546884459274 0.24749316534054522
1 0.2421875 0.78515625 0.18125 0.1328125
2 0.4142783274270928 0.8980400332193235 0.20576554595791857 0.18975448535963507
30 0.67890625 0.8625 0.1796875 0.275
12 0.90546875 0.92734375 0.1890625 0.1453125
16 0.79375 0.84296875 0.290625 0.2484375
11 0.6765625 0.765625 0.175 0.09375