19 0.36328125 0.275 0.2921875 0.55
14 0.9866054472499094 0.46261450031376705 0.024077850092285046 0.03577681369509058
14 0.8824081030177204 0.5014545596899209 0.024077850092285046 0.03577681369509058
14 0.7421875 0.54296875 0.025 0.0140625
14 0.8422861458933202 0.3894947802325566 0.024077850092285046 0.03577681369509058
14 0.7816187561646379 0.4098561474437048 0.022415220542635693 0.03411418414544123
14 0.8277463772332976 0.21157003933185528 0.024077850092285046 0.03577681369509049
14 0.721208875692138 0.06699682141011318 0.024077850092285046 0.03577681369509049
14 0.6600105598375792 0.091314503396086 0.022415220542635693 0.03411418414544123
28 0.746858520201182 0.1367388224898473 0.020952850092285046 0.03557655459579188
29 0.9674747154485066 0.47011611968438355 0.022815738741233105 0.040364184145441226
29 0.8390784076135123 0.5230582518549266 0.022815738741233105 0.040364184145441226
29 0.9721181384920644 0.1630953616648191 0.021153109191583752 0.03870155459579187
29 0.7362714736249547 0.14290847933739262 0.022815738741233105 0.040364184145441226
29 0.91015625 0.00859375 0.0203125 0.0171875
27 0.7269465383997794 0.1442905066352885 0.019190090992986342 0.03235142504614252
13 0.78359375 0.5359375 0.0265625 0.028125
10 0.8081788610372851 0.5305295928479129 0.024077850092285046 0.03577681369509058
10 0.73125 0.5453125 0.025 0.009375
10 0.9134905174234049 0.36218250617386316 0.020852720542635695 0.034014054595791876
10 0.9818738702934672 0.15619451959209849 0.022415220542635693 0.03411418414544123
10 0.8962484484865272 0.08088244139903851 0.019190090992986342 0.03235142504614252
10 0.872480281459949 0.08946569941860298 0.025940738741233104 0.040564443244739755
10 0.8485619201088971 0.0957052074381675 0.025940738741233104 0.040564443244739755
10 0.8225501326319684 0.10600115978220592 0.029165868290882458 0.04232720234403846
10 0.7137654179494287 0.14670410780730775 0.024077850092285046 0.03577681369509049
10 0.91953125 0.00703125 0.0234375 0.0140625
10 0.7925634415466968 0.042028297351419754 0.024077850092285046 0.03577681369509049
34 0.99140625 0.14453125 0.0171875 0.0453125
4 0.9827015923772624 0.3404891764396437 0.026140997840531633 0.04368944324473993
4 0.9552310271410125 0.16888428671096162 0.026140997840531633 0.04368944324473976
4 0.9207756839885576 0.18207470157807132 0.02427810919158375 0.03890181369509049
4 0.89375 0.01328125 0.021875 0.0265625
2 0.9890625 0.3359375 0.021875 0.040625
2 0.9330754248892591 0.17814866518087674 0.02427810919158375 0.03890181369509049
2 0.87265625 0.01796875 0.0234375 0.0359375
25 0.965263768503139 0.33768435148578624 0.025940738741233104 0.040564443244739935
25 0.9057316748892591 0.17990093229973986 0.02614099784053181 0.04368944324473976
25 0.84296875 0.01875 0.0265625 0.0375
22 0.9502896105758596 0.34884189698227946 0.0319904796419344 0.037839961443337164
22 0.8916388965116289 0.19257091302140844 0.03365310919158375 0.03950259099298643
22 0.8301938494739762 0.029418873385011368 0.031890350092285046 0.03627746144333708
22 0.7710889597452941 0.049680111046510246 0.0319904796419344 0.03783996144333708
18 0.856498840217794 0.3909373642857127 0.018028109191583753 0.03850129549649317
18 0.923796961747879 0.3638754141011426 0.018028109191583753 0.03850129549649317
18 0.8035438209394627 0.4092355837486143 0.018028109191583753 0.03850129549649317
18 0.8473777567829469 0.21188091996123876 0.01822836829088228 0.041626295496493174
18 0.7225594270487273 0.14927839528423642 0.018028109191583753 0.03850129549649317
18 0.8020385710963461 0.042990020053523814 0.018028109191583753 0.03850129549649317
18 0.734640320016612 0.06848947023809396 0.016165220542635694 0.033713665946843906
18 0.6825666802879299 0.08830012492617083 0.018028109191583753 0.03850129549649317
20 0.7958815152639366 0.412079981496861 0.02301599784053181 0.04348918414544123
20 0.8396153215577715 0.21316281770948536 0.026140997840531633 0.04368944324473985
20 0.6757857541620531 0.09265695789959283 0.02614099784053181 0.04368944324473976
21 0.99375 0.465625 0.0125 0.040625
21 0.753125 0.54296875 0.01875 0.0140625
21 0.851811340217794 0.3912377529346607 0.01822836829088246 0.041626295496493174
21 0.7308341995662613 0.07030229411221725 0.019991127390180986 0.04485142504614252
15 0.97866253932263 0.47332146283683835 0.023116127390180985 0.04505168414544123
24 0.9513688540974548 0.4758549799557015 0.024077850092285046 0.03577681369509058
24 0.8760103038205994 0.37713568014027155 0.022415220542635693 0.03411418414544123
24 0.7928323542543382 0.11967243600036767 0.024077850092285046 0.03577681369509049
24 0.7542519131690668 0.05625028609265277 0.024077850092285046 0.03577681369509049
23 0.9368254927464026 0.48149371067736996 0.022415220542635693 0.03411418414544123
23 0.8954890939184219 0.4974784585179016 0.024077850092285046 0.03577681369509058
23 0.79453125 0.53359375 0.0203125 0.0328125
22 0.8928473503968268 0.37056550509412906 0.0319904796419344 0.03783996144333699
23 0.805082030380215 0.11496514960317313 0.022415220542635693 0.03411418414544114
19 0.9210200200442985 0.49192007094868784 0.02301599784053181 0.04348918414544123
30 0.9077387700442985 0.49277117212070715 0.022415220542635693 0.03411418414544123
30 0.7568145111018835 0.13296298041712676 0.025540220542635696 0.034314443244739846
1 0.8635777598652657 0.5136436790605374 0.02301599784053181 0.04348918414544123
0 0.8496654541897397 0.5168885950073813 0.026140997840531633 0.04368944324473993
17 0.82890625 0.52890625 0.0265625 0.0421875
17 0.8867430405592478 0.09168953347175908 0.02614099784053181 0.04368944324473976
17 0.862143558757845 0.09954160626614827 0.026140997840531633 0.04368944324473976
17 0.8384755212809163 0.10968736428571271 0.027903756939830337 0.04691457279438911
18 0.7640625 0.540625 0.021875 0.01875
31 0.9288151287744568 0.35649371067736996 0.022415220542635693 0.03411418414544123
31 0.8087193676725736 0.03707068708010186 0.022415220542635693 0.03411418414544114
11 0.8655734515688461 0.38564908698781686 0.02614099784053181 0.04368944324473993
21 0.810374811840164 0.4056600007751923 0.02301599784053181 0.04348918414544123
21 0.8549399329088235 0.20747402221299213 0.023015997840531634 0.04348918414544114
11 0.7438150609173133 0.06476369294019801 0.027903756939830337 0.04691457279438911
21 0.6901789211886312 0.08467447717792424 0.021153109191583752 0.03870155459579187
10 0.7715581315522341 0.1304492496954582 0.029165868290882458 0.04232720234403846
17 0.9102108189368778 0.07841877545219464 0.029165868290882458 0.04232720234403846
5 0.8578125 0.02109375 0.025 0.0421875
34 0.9875 0.23203125 0.025 0.0421875
24 0.9753618568752319 0.23819549121446837 0.029165868290882458 0.04232720234403846
30 0.9592559955241798 0.2439343514857863 0.029366127390180984 0.04545220234403846
27 0.940125263722777 0.2514359708564028 0.029366127390180984 0.04545220234403846
14 0.9270943375969004 0.256193322028422 0.031128886489479514 0.048677331893687815
16 0.9073325501199717 0.26608875617386313 0.03112888648947969 0.048677331893687635
24 0.8910764944444456 0.2694838664451811 0.029366127390180984 0.04545220234403846
18 0.8788268183185689 0.2741911528423756 0.018028109191583753 0.03850129549649317
23 0.8673583921926923 0.27884837446474553 0.029165868290882458 0.04232720234403846
16 0.8529652251661142 0.2868308551864141 0.029366127390180984 0.04545220234403846
29 0.8314907433647114 0.2944826688815046 0.029366127390181164 0.04545220234403846
24 0.8152847524640101 0.29865902915282244 0.037479016039128864 0.05064035009228505
10 0.7930790854374321 0.3071421576227376 0.029165868290882458 0.04232720234403846
30 0.778685918410854 0.3151246383444062 0.029165868290882458 0.04232720234403846
28 0.7631610479605033 0.31768843384089934 0.029366127390180984 0.04545220234403846
29 0.7511116309339252 0.3255207202380939 0.025940738741233104 0.040564443244739935
27 0.7355867604835746 0.3280845157345871 0.025940738741233104 0.040564443244739935
10 0.7234872786821718 0.3351355521317817 0.029165868290882458 0.04232720234403846
21 0.7097251673311199 0.3407242180786255 0.025940738741233104 0.040564443244739935
10 0.6881004912052432 0.34603228177371614 0.025940738741233104 0.040564443244739935
18 0.6997691764304185 0.34450006015134615 0.021153109191583752 0.03870155459579187
29 0.666676074178665 0.3544653454688066 0.029366127390180984 0.04545220234403846
24 0.651351462827613 0.36015414096529985 0.03425388648947951 0.048877590992986344
24 0.6352456014765611 0.3658930012366177 0.032491127390180986 0.04565246144333699
29 0.6078715730989309 0.37941408313030556 0.025940738741233017 0.040564443244739935
10 0.5939092026485803 0.38187774907714933 0.029366127390180984 0.04545220234403846
20 0.5795160356220023 0.38986022979881785 0.026140997840531633 0.04368944324473993
14 0.5655536651716515 0.39232389574566184 0.027903756939830337 0.046914572794389285
25 0.5463228038205995 0.3982630151162783 0.026140997840531633 0.04368944324473976
18 0.5351047015688462 0.4068264867386482 0.01822836829088237 0.041626295496493174
12 0.5266611458933201 0.4097209492617194 0.029366127390180984 0.04545220234403846
29 0.5171875 0.4140625 0.015625 0.04375
31 0.0625 0.6859375 0.125 0.271875
19 0.215625 0.63046875 0.378125 0.1609375
25 0.4 0.66484375 0.21875 0.2296875
22 0.06875 0.86796875 0.1375 0.2640625
28 0.40078125 0.8875 0.2171875 0.225
30 0.7546875 0.775 0.490625 0.45