8 0.184375 0.23984375 0.36875 0.4796875
11 0.46953125 0.2359375 0.2015625 0.3375
20 0.790625 0.06171875 0.3375 0.1234375
23 0.51875 0.4296875 0.3 0.1
18 0.665625 0.35625 0.28125 0.246875
34 0.8025198871081265 0.15530251913233126 0.26341769237293705 0.25148172852997774
13 0.9328125 0.0953125 0.134375 0.190625
12 0.75625 0.43125 0.303125 0.096875
15 0.92734375 0.2671875 0.1453125 0.29375
33 0.94765625 0.40859375 0.1046875 0.1421875
20 0.184375 0.73984375 0.36875 0.5203125
0 0.684375 0.73984375 0.63125 0.5203125