7 0.24453125 0.175 0.4890625 0.35
1 0.8828879680559207 0.075 0.029522479254075584 0.0390625
0 0.9152977263542905 0.059375 0.030966580083912554 0.0375
6 0.9621368375570898 0.03828125 0.030966580083912554 0.0375
2 0.9318932305034755 0.0515625 0.032765878424238795 0.040625
2 0.8996018713752687 0.06875 0.032765878424238615 0.040625
11 0 0.35 0 0.6819751859375 0.005954375 0.6864324484375001 0.0346732734375 0.6531637453125001 0.12309131250000001 0.6782756828125001 0.07765187812499999 0.835944875 0.14843154375 0.9665146390625001 0.2205134453125 1 0.36876881250000004 1 0.448895909375 0.9860575749999999 0.4890625 0.9666415265625 0.4890625 0.3701744984375 0.4781262453125 0.35 0 0.35
4 0.790625 0.36171875 0.040625 0.0234375
4 0.7765625 0.36640625 0.040625 0.0328125
6 0.6579686331981234 0.43828125 0.04465057178554286 0.053125
6 0.49609375 0.3734375 0.0140625 0.046875
2 0.6295835240699168 0.45546875 0.04296967261537965 0.0515625
2 0.599754314111873 0.47421875 0.04296967261537965 0.0515625
0 0.6146689190908948 0.46484375 0.04296967261537983 0.0515625
1 0.5855617595477696 0.4828125 0.041288773445216795 0.05
8 0.515625 0.3609375 0.040625 0.021875
5 0.50625 0.36640625 0.034375 0.0328125