11 0.509375 0.132670965625 0.4507970109375 0.079296415625 0.41987204375 0.06307436562499999 0.2776693125 0.41831412187500006 0.20512015 0.344438128125 0.10149038125000001 0.29903280312499997 0.00231259375 0.309692046875 0 0.3116961203125 0 0.5 0.3516392640625 0.5 0.48601831874999996 0.19627575 0.509375 0.20159816406250003 0.509375 0.132670965625
5 0.8555382820208015 0.28335009326185023 0.23692960344286257 0.3166966503300923
6 0.7228051383740709 0.20709180669245236 0.22350202050323809 0.28904054203601814
7 0.6046875 0.15078125 0.190625 0.3015625
0 0.68515625 0.45390625 0.2515625 0.0921875
6 0.421875 0.746875 0.175 0.3125
7 0.31015625 0.6625 0.2578125 0.325
8 0.17421875 0.60546875 0.2640625 0.2109375
9 0.078125 0.56328125 0.15625 0.1265625
0 0.40625 0.97890625 0.20625 0.0421875
6 0.95703125 0.71953125 0.0859375 0.4390625
17 0.878125 0.6671875 0.24375 0.334375
17 0.64609375 0.6078125 0.2734375 0.215625
30 0.821875 0.95 0.29375 0.1
6 0.66328125 0.90625 0.3078125 0.1875
5 0.58203125 0.8640625 0.1453125 0.271875