16 0.309375 0.159375 0.61875 0.31875
25 0.61875 0.31875 0.9676100765625 0.31875 0.9650930499999999 0.307512365625 0.9237360499999999 0.216995509375 0.85855364375 0.1356267625 0.75742195 0.0777336796875 0.6387172578125 0.103967265625 0.61875 0.1247088984375 0.61875 0.31875
18 0.12292010246142668 0.3594194302583094 0.01891659997176518 0.03018760517284953
18 0.1815292630130053 0.3346072983632826 0.017081084186749605 0.025454641066226812
18 0.3093357445971538 0.3328666051063425 0.017081084186749605 0.025454641066226812
18 0.36640625 0.321875 0.0171875 0.00625
18 0.12143871537560998 0.6151920571387712 0.01533657366340586 0.022284176959604097
18 0.2099250917263215 0.5811102253228867 0.013683068401734033 0.02067621285298138
18 0.2838862364928845 0.5520652344940868 0.015336573663405772 0.022284176959604097
22 0.040288883960870644 0.44046719028743925 0.036013094710093264 0.02912521034569897
22 0.24167010246142678 0.36287470236163316 0.03766659997176518 0.03073317445232169
22 0.1627616653897274 0.6015758380175836 0.034359589448421435 0.027517246239076344
23 0.13680059193808303 0.35670360721791355 0.026456084186749607 0.02572742570596289
23 0.12417876557325407 0.40781146615168673 0.028018584186749608 0.025772889812585565
30 0.08196117349399668 0.37928564937949705 0.028018584186749608 0.025772889812585565
29 0.11303686824644225 0.363811413565262 0.02516659997176518 0.03036946159934022
29 0.00703125 0.66171875 0.0140625 0.0234375
29 0.36961861014217295 0.5912163141984003 0.021768584186749606 0.025591033386094964
29 0.4131488022637827 0.5753245412371466 0.021768584186749606 0.025591033386094787
29 0.5130354101986427 0.5361149402209323 0.021768584186749606 0.025591033386094787
29 0.6015217865493543 0.5020331084050478 0.021768584186749606 0.025591033386094874
14 0.19710876038216937 0.33428068942950945 0.028018584186749608 0.025772889812585565
14 0.06547859976000363 0.43106109804671355 0.028018584186749608 0.025772889812585565
14 0.26764106826055967 0.35349134217421874 0.028018584186749608 0.025772889812585565
14 0.017092120594929483 0.6581715158351176 0.02480257892507769 0.024119461599340218
14 0.23226282331047 0.5763007048689157 0.024802578925077867 0.024119461599340218
14 0.3115562101845253 0.5450710884132951 0.02480257892507769 0.024119461599340218
14 0.3253981732822352 0.6086478551063425 0.02314907366340595 0.022511497492717504
14 0.43447777069375154 0.5665860387298641 0.023058068401734032 0.020948997492717593
14 0.5269158996752991 0.5333991171805363 0.021586573663405773 0.022466033386094784
28 0.019309255049910323 0.4016403710079671 0.026547089448421435 0.027289925705962937
28 0.321875 0.33125 0.025 0.025
28 0.03161735217907804 0.6531346748480331 0.02314907366340586 0.02251149749271768
28 0.44982975490873595 0.562353179796091 0.02002407366340577 0.02242056927947216
28 0.5909483075960417 0.507964859658689 0.021586573663405773 0.022466033386094784
10 0.1058837918816133 0.4150783968722146 0.026547089448421435 0.027289925705962937
10 0.19133617349399668 0.3824681368430847 0.028018584186749608 0.025772889812585565
10 0.056025817978211025 0.643705850553996 0.02314907366340586 0.022511497492717504
10 0.13384771011393815 0.6139932699917527 0.02480257892507769 0.024119461599340218
10 0.47736322070786896 0.5530152837152993 0.021586573663405773 0.022466033386094784
10 0.5000726786144941 0.5411972453146394 0.023149073663405774 0.022511497492717504
10 0.5764685786427292 0.5137829506457735 0.023149073663405774 0.022511497492717504
14 0.23515625 0.32578125 0.0296875 0.0140625
16 0.01015625 0.45625 0.0203125 0.03125
16 0.3515625 0.32890625 0.03125 0.0203125
16 0.0722045548240314 0.6402769736735341 0.02672909997176518 0.030414925705962936
28 0.10025614718563744 0.3720187186589692 0.024984589448421433 0.02724446159934022
24 0.03764973137238701 0.39515469028743927 0.026547089448421435 0.027289925705962937
24 0.08728352325400031 0.6313566147397609 0.024802578925077777 0.024119461599340218
24 0.18496288908136815 0.5944225675636126 0.024711573663405862 0.02255696159934022
17 0.29646401827467717 0.3395114102000497 0.03150760523343692 0.03211381802583091
17 0.38322608383381385 0.5838129911580043 0.024984589448421347 0.02724446159934022
13 0.14394523400322293 0.3990274995377816 0.03150760523343692 0.03211381802583091
13 0.5404323681052678 0.5244332941401405 0.024984589448421347 0.02724446159934022
12 0.17386795243319186 0.3905390496169239 0.029763094710093262 0.02894335391920828
12 0.4635737364928845 0.5572936067556952 0.02002407366340577 0.022420569279472245
27 0.00390625 0.41015625 0.0078125 0.0234375
27 0.2515625 0.32109375 0.021875 0.0046875
19 0.06261193401734041 0.3818423480467135 0.02516659997176518 0.03036946159934022
11 0.16796729195220045 0.3427918714036785 0.03307010523343692 0.03215928213245363
11 0.21484375 0.3296875 0.0328125 0.021875
11 0.20073210224966517 0.5839624406831507 0.02672909997176518 0.030414925705962936
21 0.20338114718563743 0.37501934969606615 0.017081084186749605 0.025454641066226812
21 0.2110116366622937 0.3721216702291795 0.017081084186749605 0.025454641066226812
21 0.21746457594130594 0.5766500458560002 0.017081084186749605 0.025454641066226812
21 0.3367073996047118 0.6019575859060126 0.015336573663405772 0.022284176959604097
21 0.34282089171220403 0.5997956923325033 0.015336573663405772 0.022284176959604097
21 0.48780019176867384 0.544739782461658 0.017081084186749605 0.025454641066226812
20 0.2945507207078689 0.5476959832404455 0.021768584186749606 0.025591033386094787
10 0.40101282331047 0.5812108283841652 0.026456084186749607 0.025727425705962936
15 0.5632783339044009 0.5149590057394807 0.023331084186749607 0.025636497492717503
32 0.2762333602127601 0.5144061101209074 0.03932010523343692 0.03234113855894431
17 0.3006418260118931 0.5049772858268703 0.03150760523343692 0.03211381802583091
10 0.318891297072698 0.4969291051063425 0.029763094710093262 0.028943353919208194
29 0.3380585260260106 0.491247406439126 0.028018584186749608 0.025772889812585652
31 0.1109562416839692 0.6226863083924125 0.023058068401734032 0.02094899749271768
21 0.2747842522779001 0.5564799498543508 0.024984589448421347 0.02724446159934022
32 0.3055862022214303 0.6166505717202476 0.03775760523343692 0.032295674452321774
20 0.3249486651779659 0.8285739102000497 0.09443181043863902 0.09477895407749273
18 0.3676066020379037 0.8110969051854848 0.056112763083592476 0.0796253155185486
21 0.39279631783703667 0.801690812944759 0.056112763083592476 0.0796253155185486
21 0.41872178100533375 0.7915262027573446 0.056112763083592476 0.0796253155185486
34 0.499979486281123 0.7806318183550353 0.10251732622365459 0.09969377461060631
24 0.5627756178935064 0.7473623287798766 0.09379477360693614 0.08384145407749273
30 0.60234375 0.721875 0.0328125 0.08125
8 0.809375 0.659375 0.38125 0.68125