19 0.3046875 0.125 0.609375 0.25
21 0.6440047390396562 0.3045525446637901 0.06425341477265238 0.014294873360319826
17 0.6486319634721108 0.21125624604327112 0.06436250892845372 0.020544873360319828
15 0.6445502098186628 0.3358025446637901 0.06118296185055305 0.017256099050060314
11 0.64507631533855 0.27634565750866036 0.06436250892845372 0.020544873360319828
18 0.6437671854689336 0.20134565750866038 0.061128414772652385 0.014131099050060315
18 0.63671875 0.35 0.0546875 0.015625
29 0.6420370900953163 0.23662473824135502 0.06118296185055305 0.017256099050060314
29 0.6425592414752881 0.22174004466379013 0.05646818831160268 0.015447937584671046
10 0.6343570036501527 0.2894188675945687 0.04714773538950343 0.01808161465389251
14 0.6296875 0.3125 0.040625 0.01875
30 0.6367456180984935 0.24706759328430916 0.04246023538950343 0.01783595318850324
24 0.6362234667185217 0.26195228686187405 0.0440772824674041 0.021042840343632997
28 0.6397382045436572 0.19451912539648478 0.047093188311602675 0.014956614653892508
32 0.63203125 0.36875 0.0453125 0.021875
14 0.63203125 0.325 0.0453125 0.01875
27 0.609375 0.3796875 0.32359460625 0.3796875 0.4654793875 0.3993616203125 0.4886541765625 0.44223050312499995 0.48111310312500005 0.5864740390625001 0.2490295765625 0.6503545234375 0.1216222140625 0.656617865625 0.09264472812499999 0.5626913953125 0.06769556875 0.553762165625 0.049064678125 0.910128546875 0.0749010234375 0.9020879484375002 0.08647042499999999 0.8428416562500001 0.1221018 0.8094944187500002 0.609375 0.6918808703125 0.609375 0.3796875
12 0.91640625 0.53046875 0.1671875 0.3015625
20 0.71015625 0.5015625 0.2015625 0.24375
34 0.696875 0.7328125 0.175 0.278125
19 0.690625 0.8953125 0.1625 0.209375
27 0.94375 0.8765625 0.1125 0.246875
14 0.8495588583559656 0.7171665728192369 0.19914225243233669 0.4085096200809595