14 0.76953125 0.325 0.4609375 0.45
1 0.29280052907652737 0.5624406879012703 0.014003711404351905 0.017405688311602673
0 0.2889406716309251 0.7768889715864904 0.014140412441111038 0.018968188311602675
1 0.2029156972670826 0.7387247240221224 0.01386701036759259 0.015843188311602675
1 0.04127485970819365 0.7546246392018119 0.013867010367592414 0.015843188311602762
1 0.8409352327051849 0.7128501964259824 0.01019520622055552 0.009538641233702095
1 0.7723028098964811 0.677329707790068 0.011894407257314832 0.011128414772652384
1 0.8645073081530548 0.9020354273512587 0.01175770622055552 0.009565914772652385
5 0.8680130169655085 0.9153575876596843 0.015429510367592592 0.01587046185055314
1 0.7306907998117126 0.7366677516215578 0.010331907257314832 0.011101141233702006
1 0.7565382747412028 0.9251126428552598 0.01175770622055552 0.009565914772652385
5 0.7601123340720363 0.9392160531636854 0.015429510367592592 0.01587046185055314
2 0.6643337764846293 0.7004069232940691 0.015429510367592592 0.015870461850553054
1 0.6806320112160644 0.7529552248361966 0.011894407257314832 0.011128414772652384
1 0.6861103231387957 0.7709921586835724 0.011894407257314832 0.011128414772652384
1 0.6082197689917588 0.7633921185055306 0.010058505183796296 0.007976141233702095
1 0.6317234939212492 0.9517960994308071 0.01175770622055552 0.009565914772652385
5 0.6360788032520824 0.9659131465087079 0.013730309330833324 0.014280688311602674
3 0.54296875 0.72734375 0.0078125 0.0140625
1 0.54140625 0.971875 0.0046875 0.009375
5 0.54453125 0.9859375 0.0109375 0.015625