10 0.31484375 0.225 0.6296875 0.45
31 0.81484375 0.225 0.3703125 0.45
14 0.14765625 0.63984375 0.2953125 0.3796875
28 0.17265625 0.86484375 0.3453125 0.2703125
12 0.739093437114305 0.93412736262732 0.02869368506293446 0.02843408267027243
12 0.9921875 0.9015625 0.015625 0.01875
12 0.885463564713351 0.7021586526098208 0.018489890871793334 0.017387494668999894
12 0.9458556904382972 0.7498507179344575 0.020170790041956366 0.018968176002545432
12 0.9469338609790846 0.6944183306015483 0.020170790041956366 0.018968176002545432
12 0.932540396871856 0.6680467346037757 0.020170790041956366 0.018968176002545432
12 0.996875 0.590625 0.00625 0.01875
29 0.7602338086900663 0.9744705519573656 0.02509508838228234 0.022147720003181347
29 0.7101881097296847 0.8829466706317743 0.02509508838228234 0.022147720003181704
29 0.6714700744616133 0.8170494979710468 0.02509508838228234 0.022147720003181704
29 0.7319931773660426 0.8218091759627744 0.015009693361304245 0.01266363200190881
29 0.7286197236317762 0.814823379296638 0.016690592531467274 0.014244313335454529
29 0.8676920337949572 0.9263864932765935 0.016690592531467274 0.01424431333545435
29 0.989650466783299 0.8929643712603671 0.016690592531467274 0.014244313335454705
29 0.8792019093194107 0.6920842186107754 0.016690592531467274 0.01424431333545435
29 0.9794009736317764 0.8119052752625942 0.015009693361304245 0.012663632001908986
29 0.9388719846294384 0.7390041246021848 0.018371491701630306 0.015824994668999892
29 0.9398317560000627 0.6851342372692757 0.015009693361304245 0.012663632001908986
29 0.98933392591615 0.7220251625955033 0.015009693361304245 0.012663632001908986
29 0.9748812622238401 0.6964348165977304 0.015009693361304245 0.012663632001908986
18 0.6482432941679193 0.9484540393061831 0.014891294191141168 0.01110113200190881
18 0.6640817817203646 0.9248529073042742 0.013328794191141169 0.011082950668363623
18 0.646115799566504 0.7705108526416375 0.021496491701630215 0.015861357336090797
18 0.63515625 0.7421875 0.0109375 0.015625
18 0.7360294819301461 0.830348381962138 0.014891294191141213 0.01110113200190881
18 0.8319805993567225 0.862015457948775 0.014891294191141213 0.01110113200190881
18 0.9839332630490325 0.8860058465945488 0.014891294191141213 0.01110113200190881
18 0.9272590557902813 0.7789478719366847 0.018134693361304244 0.012699994668999893
18 0.8757100564149812 0.6866609219446389 0.014891294191141213 0.011101132001908987
18 0.8200655528904963 0.5866160159532294 0.014891294191141213 0.011101132001909163
18 0.99609375 0.84765625 0.0078125 0.0109375
18 0.935498530895172 0.7320183279360484 0.014891294191141213 0.011101132001908987
18 0.8805168782005239 0.6335268312778661 0.018134693361304154 0.012699994668999893
18 0.8078125 0.45234375 0.015625 0.0046875
18 0.9919853292354981 0.7282387999284123 0.014891294191141213 0.011101132001908987
18 0.955551844382345 0.6630956052673667 0.014891294191141213 0.011101132001908987
18 0.9212253111888661 0.6010501386060028 0.014891294191141213 0.011101132001908987
18 0.9734991288252239 0.5395581079328667 0.014891294191141213 0.011101132001908987
18 0.92421875 0.453125 0.0140625 0.00625
31 0.9808558072401737 0.8751137999284124 0.020170790041956366 0.018968176002545432
31 0.8726326006061225 0.6757688752785025 0.015246491701630217 0.015788632001908987
31 0.9330839259161502 0.7226796906031392 0.020170790041956366 0.018968176002545432
14 0.709375 0.99765625 0.015625 0.0046875
14 0.7734375 0.99140625 0.028125 0.0171875
14 0.6862779356644124 0.8379523439688196 0.02701278589277143 0.026853401336727246
14 0.6546620053753628 0.7813392646403649 0.02701278589277143 0.02685340133672707
14 0.7238613686527544 0.8055120139640473 0.018489890871793247 0.017387494668999894
14 0.6993475433427265 0.7581830279678651 0.018489890871793247 0.017387494668999894
14 0.90546875 0.9921875 0.0203125 0.015625
14 0.8808189958275932 0.9488700206079118 0.020170790041956366 0.018968176002545432
14 0.8739536891888975 0.936460927275639 0.020170790041956276 0.01896817600254508
14 0.8225230889837605 0.8426114772835932 0.020170790041956366 0.018968176002545432
14 0.9756713997716411 0.8611240252625942 0.020170790041956366 0.018968176002545432
14 0.8664301447972635 0.664913191279457 0.018489890871793247 0.017387494668999894
14 0.9268814701072913 0.7118240066040938 0.018489890871793334 0.017387494668999894
14 0.9530771172028618 0.706055264600594 0.020170790041956366 0.018968176002545432
14 0.9634351993613668 0.6723706079328668 0.020170790041956366 0.018968176002545432
14 0.9456090819347904 0.6397944652689576 0.018489890871793334 0.017387494668999894
14 0.8865319250909576 0.5335450126114116 0.018489890871793334 0.017387494668999894
14 0.99453125 0.57890625 0.0109375 0.0171875
14 0.9642192172075064 0.5178103772676849 0.020170790041956366 0.018968176002545432
14 0.9394685935571525 0.47360639127150284 0.018489890871793334 0.017387494668999894
10 0.68046875 0.996875 0.0171875 0.00625
10 0.6546825483171042 0.9561847233052287 0.020170790041956276 0.01896817600254508
10 0.6952716595199033 0.9767875772995016 0.018489890871793247 0.017387494668999894
10 0.670580235454631 0.9318023413033195 0.018489890871793247 0.017387494668999894
10 0.7294583279860982 0.9170671319621381 0.02701278589277143 0.026853401336727246
10 0.8222602120094141 0.9799932986155477 0.018489890871793334 0.017387494668999894
10 0.9598338348345754 0.8332081105983669 0.020170790041956366 0.01896817600254508
10 0.9336983099394661 0.7866785559357302 0.020170790041956366 0.018968176002545432
10 0.8506517794452794 0.6362160266152296 0.018489890871793247 0.017387494668999894
10 0.8266232062098442 0.5927841999522749 0.018489890871793247 0.017387494668999894
10 0.7826615638881583 0.5136785026257291 0.018489890871793334 0.017387494668999894
10 0.9117659555851443 0.6846802512730937 0.018489890871793247 0.017387494668999894
10 0.8870745315198718 0.6396950152769116 0.018489890871793334 0.017387494668999894
10 0.9256158906480787 0.6564188912715029 0.018489890871793334 0.017387494668999894
10 0.8687048850490011 0.5524859166136389 0.018489890871793334 0.017387494668999894
10 0.9284458153380509 0.6087717319382755 0.018489890871793334 0.017387494668999894
10 0.9126082504009853 0.5808558172740482 0.018489890871793247 0.017387494668999894
22 0.67109375 0.9859375 0.0265625 0.028125
22 0.685458951636452 0.9620710966343197 0.022088487552445368 0.023673857336090974
22 0.9508615765362057 0.8177012892664122 0.023769386722608487 0.025254538669636162
22 0.8424015715618282 0.6214813646165023 0.0237693867226084 0.025254538669636162
22 0.9035157477016931 0.6699455892743664 0.02376938672260831 0.025254538669636162
22 0.9374180736364206 0.6242785532702302 0.022088487552445458 0.023673857336090797
25 0.6638916049557999 0.9685665446371832 0.020170790041956276 0.018968176002545432
25 0.6782859916784083 0.9434210939688196 0.018489890871793247 0.017387494668999894
25 0.720900466783299 0.8960915606301836 0.03025618506293446 0.02845226400381797
25 0.6740524680326988 0.7108631326384558 0.020170790041956276 0.018968176002545255
25 0.6664651109790846 0.6976818799729558 0.020170790041956276 0.018968176002545255
25 0.9421261165781619 0.7990694679344574 0.020170790041956366 0.018968176002545432
25 0.83426976284854 0.6051842026177751 0.020170790041956276 0.018968176002545432
25 0.8954431385734862 0.6528671772756389 0.020170790041956276 0.018968176002545432
25 0.9878180474919116 0.7626319812619577 0.020170790041956366 0.018968176002545432
25 0.9607236738415577 0.718455267266094 0.020170790041956366 0.018968176002545432
25 0.8612960493660113 0.4854438672820024 0.020170790041956276 0.018968176002545432
16 0.6467283383590604 0.9375438113065012 0.020170790041956276 0.018968176002545432
16 0.6618447754965873 0.913170519971365 0.020170790041956276 0.01896817600254508
16 0.9242407995665041 0.7672745752705483 0.020170790041956366 0.018968176002545432
16 0.8177693470816374 0.5757148786203203 0.020170790041956366 0.018968176002545432
16 0.990625 0.8265625 0.01875 0.01875
16 0.8782798719767466 0.6218444439449571 0.020170790041956276 0.018968176002545255
16 0.8250392406527229 0.46947396928709306 0.020170790041956366 0.018968176002545432
16 0.9328125 0.45859375 0.01875 0.0171875
23 0.63828125 0.921875 0.0171875 0.01875
23 0.6534169688578915 0.9007796079726376 0.018489890871793247 0.017387494668999894
23 0.634375 0.72734375 0.009375 0.0265625
23 0.9135284425128896 0.7541296852721391 0.020170790041956276 0.018968176002545432
23 0.8101819900280232 0.5625336259548203 0.018489890871793247 0.017387494668999894
23 0.99453125 0.8390625 0.0109375 0.015625
23 0.8698520653380509 0.6094535319462298 0.018489890871793334 0.017387494668999894
23 0.9194726344243014 0.6447819572724574 0.015246491701630305 0.015788632001908987
23 0.8851461012308223 0.5827364906110934 0.018489890871793247 0.017387494668999894
23 0.83828125 0.453125 0.0171875 0.00625
12 0.69921875 0.990625 0.0203125 0.01875
21 0.8779847966667189 0.5742336472788206 0.014772895020978182 0.009538632001908987
21 0.9185147082844367 0.5956177512730937 0.014891294191141213 0.011101132001908987
20 0.8271630447926193 0.8534853426161841 0.018371491701630306 0.015824994668999892
20 0.9687999734312835 0.5294654926002759 0.020170790041956366 0.018968176002545432
17 0.6632790661632435 0.8015335859723194 0.031818685062934414 0.028470445337363516
17 0.9678975564149812 0.6855882232654575 0.020170790041956366 0.018968176002545432
17 0.851246543142234 0.47385238661682044 0.020170790041956276 0.018968176002545432
27 0.6937468935478637 0.8526960966343197 0.023414189212119307 0.020567038669636162
27 0.6422570937576452 0.7596278966422739 0.023414189212119307 0.020567038669636162
27 0.7185585620140585 0.7930847392982289 0.016690592531467187 0.01424431333545435
27 0.99375 0.78046875 0.0125 0.0140625
27 0.9791534425128896 0.7533660692632305 0.015009693361304245 0.012663632001908986
27 0.8315493497809298 0.4865705626193659 0.013328794191141214 0.011082950668363623
27 0.9545221406480786 0.6560825366009121 0.015009693361304245 0.012663632001908986
27 0.8920715300699793 0.5428472872772299 0.013328794191141214 0.011082950668363623
27 0.958075960983729 0.5061734432686393 0.015009693361304245 0.012663632001909165
24 0.755108600806615 0.9596995272915475 0.02869368506293437 0.02843408267027243
24 0.9747610178229174 0.8010314099300032 0.015246491701630305 0.015788632001908987
24 0.9744542871189493 0.7432734539306396 0.018489890871793334 0.017387494668999894
24 0.9009244665828063 0.6114336552753208 0.015246491701630217 0.015788632001908987
24 0.8755109921026156 0.5656762599459115 0.018489890871793334 0.017387494668999894
24 0.8446171122284845 0.5098353399506841 0.018489890871793247 0.017387494668999894
24 0.8460621356737011 0.45986261195100225 0.015246491701630305 0.015788632001908987
30 0.701997101431315 0.8674307586330471 0.02701278589277143 0.026853401336727246
30 0.9953125 0.78984375 0.009375 0.0171875
30 0.8377518055897886 0.4974262466184113 0.015246491701630217 0.015788632001908987
30 0.81484375 0.4578125 0.0140625 0.015625
32 0.7446940869091678 0.8396142939608655 0.02365098755244537 0.02369203866963616
32 0.8883471532961259 0.9628325232734118 0.02365098755244537 0.02369203866963616
32 0.8933963091142736 0.5974711526098208 0.02376938672260831 0.025254538669636162
32 0.99453125 0.7390625 0.0109375 0.021875
28 0.9668669300653351 0.7300922012651395 0.018489890871793334 0.017387494668999894
28 0.8796666184522618 0.5211359192791389 0.018489890871793334 0.017387494668999894
28 0.8741862130583214 0.5110523946133206 0.018489890871793334 0.017387494668999894
22 0.828125 0.9921875 0.025 0.015625
34 0.8175610566154738 0.9699006832829568 0.020170790041956366 0.01896817600254508
34 0.8516600176224248 0.5199006832829569 0.020170790041956276 0.018968176002545255
6 0.8026347962425117 0.9505603372851841 0.020170790041956366 0.01896817600254508
2 0.78968543296512 0.9257330599538658 0.020170790041956276 0.01896817600254508
2 0.773788668442973 0.8985983952896384 0.020170790041956276 0.01896817600254508
2 0.74921875 0.45859375 0.0203125 0.0171875
0 0.7820388763264242 0.9133330572883658 0.020170790041956276 0.01896817600254508
0 0.7669825613893587 0.8854080519573657 0.020170790041956366 0.01896817600254508
0 0.74296875 0.45234375 0.0203125 0.0046875
29 0.7490972443777006 0.8536131592934563 0.020170790041956366 0.01896817600254508
32 0.705916852056015 0.7744983713001379 0.02713118506293446 0.028415901336727244
11 0.6900792871189493 0.7465824566359105 0.020170790041956276 0.018968176002545432
10 0.6792368755012317 0.724852907304274 0.021970088382282336 0.0221113573360908
29 0.8958161111795772 0.9775762759389119 0.020170790041956276 0.018968176002545432
1 0.8470961138788695 0.8891592132797751 0.021614890871793246 0.017423857336090975
21 0.8375202043357444 0.8713177326145933 0.020170790041956276 0.018968176002545432
10 0.9953125 0.915625 0.009375 0.025
12 0.9649590427180268 0.847979135264185 0.021970088382282427 0.022111357336090976
10 0.8915476213520467 0.7145768366088664 0.020170790041956366 0.018968176002545432
12 0.8564398381585677 0.6525404606142751 0.021970088382282336 0.0221113573360908
22 0.7892308726014466 0.5299938459580019 0.025331886722608398 0.025272720003181703
34 0.7772995576643811 0.5020324779599109 0.020170790041956366 0.018968176002545432
6 0.7638173981212558 0.48423645062859266 0.020170790041956276 0.018968176002545432
10 0.9519397470769931 0.762268901933503 0.021970088382282427 0.0221113573360908
12 0.9168911634685954 0.6994512759389119 0.021970088382282427 0.0221113573360908
13 0.9060496744662576 0.626204679941139 0.020170790041956276 0.018968176002545432
13 0.8609399292401424 0.5416484139481387 0.020170790041956276 0.018968176002545432
17 0.9822910205222097 0.7119598192632305 0.020170790041956366 0.018968176002545432
13 0.9033991937622895 0.5684739959420936 0.020170790041956276 0.018968176002545432
13 0.8958118367086751 0.5552927432765935 0.020170790041956366 0.018968176002545432
11 0.9790979333893273 0.548079132598685 0.020170790041956366 0.018968176002545432
11 0.9439309506107667 0.4868240066040938 0.020170790041956366 0.018968176002545432
13 0.98828125 0.56640625 0.0234375 0.0203125