22 0.25 0.3015625 0.5 0.375
3 0.95703125 0.240625 0.0859375 0.178125
3 0.8536674390077786 0.18068515136217958 0.13376698770335976 0.17024834160399785
5 0.7307384782353901 0.12809734470436976 0.1322317587805987 0.17486306699689216
2 0.60703125 0.07890625 0.1296875 0.1578125
0 0.52578125 0.04921875 0.0515625 0.0984375
6 0.46484375 0.74453125 0.0703125 0.1671875
9 0.3582958516737612 0.7317747322128104 0.1322135780624393 0.17173806699689215
0 0.22782710167376105 0.7256980525194714 0.1322499394987581 0.17798806699689199
8 0.08870551433974364 0.7090648624870501 0.13063289734428024 0.16854029238978613
2 0.7375 0.74453125 0.475 0.5109375