21 0.23984375 0.284375 0.4796875 0.56875
28 0.73984375 0.284375 0.5203125 0.56875
4 0.4059185535529288 0.9157589518022444 0.014717471463952591 0.015045845792955603
1 0.2646920860179174 0.8958502794099698 0.01784247146395259 0.015264367080279052
0 0.06370532071643646 0.8213358705113484 0.01940497146395277 0.015373627723940863
1 0.12069587530733168 0.7491605857303716 0.01627997146395277 0.015155106436617416
1 0.14683022807898122 0.5866552318916443 0.016279971463952592 0.015155106436617327
13 0.5703125 0.8703125 0.18125 0.259375
32 0.59296875 0.7078125 0.2265625 0.278125
14 0.8375 0.671875 0.325 0.20625
35 0.8796875 0.80625 0.240625 0.3875