10 0.2296875 0.159375 0.459375 0.31875
18 0.7296875 0.159375 0.540625 0.31875
11 0 0.31875 0 0.8308307140625001 0.0028357046875 0.828033415625 0.056089539062500006 0.6650859828125 0.15552175937499998 0.9171133906249999 0.16132311875 0.9861652218749999 0.173300034375 1 0.193995540625 1 0.2191023515625 0.9780865140625 0.3144723046875 0.78896759375 0.2935881546875 0.7648438875 0.23824553124999998 0.8131475078125 0.22780345624999998 0.8010856546875 0.0375078640625 0.31875 0 0.31875
1 0.8974055961240278 0.4083880031048811 0.024019381458888843 0.02609161910658786
4 0.8875584706490628 0.42214228805106924 0.027217116641249994 0.029362168320799586
9 0.8571085576550349 0.4579727801931863 0.02721711664125017 0.029362168320799586
0 0.8441909835668404 0.47421636435358605 0.027180749050069508 0.027799668320799588
0 0.8366148729095141 0.4847364873891154 0.027180749050069508 0.027799668320799588
9 0.68046875 0.321875 0.0265625 0.00625
0 0.6671875 0.33046875 0.028125 0.0234375
0 0.658795731382639 0.3381633560814185 0.027217116641249994 0.029362168320799586