30 0.309375 0.365625 0.61875 0.634375
10 0.99453125 0.528125 0.0109375 0.025
10 0.99453125 0.57734375 0.0109375 0.0234375
27 0.9116085980140509 0.3965387822601009 0.024712957576345305 0.016716619106587772
24 0.99609375 0.278125 0.0078125 0.03125
24 0.99609375 0.40703125 0.0078125 0.0265625
24 0.9580852431628625 0.4659758329220548 0.028730777879787082 0.027799668320799498
11 0.9617999166505028 0.3918662448327135 0.031600686364518 0.024820217535011225
23 0.99609375 0.340625 0.0078125 0.025
23 0.99609375 0.4765625 0.0078125 0.028125
23 0.99453125 0.60546875 0.0109375 0.0265625
33 0.9114809233184626 0.3599655814743127 0.028475686364518006 0.024674668320799585
29 0.99609375 0.42890625 0.0078125 0.0171875
29 0.99609375 0.49609375 0.0078125 0.0203125
29 0.9138566242268482 0.378533644956548 0.031218049091614387 0.020132717535011224
29 0.62109375 0.1390625 0.0046875 0.009375
29 0.62109375 0.1875 0.0046875 0.009375
14 0.99609375 0.45 0.0078125 0.025
14 0.9574154345283503 0.4169754067433723 0.028475686364518006 0.0246746683207995
14 0.9571607298269427 0.5345075091007372 0.028475686364518006 0.0246746683207995
14 0.9114492302859848 0.4175597576529951 0.028475686364518006 0.0246746683207995
14 0.9084360584653343 0.4830755957423364 0.028730777879787082 0.027799668320799498
14 0.6834506156020344 0.08340104321835569 0.013392820303441733 0.011519696856846862
14 0.62109375 0.12890625 0.0046875 0.0140625
14 0.62109375 0.16484375 0.0046875 0.0140625
22 0.9576229864949026 0.5002416710113959 0.02844373545613248 0.043351893713693815
22 0.9103970422544767 0.4495182330458892 0.0313136439408634 0.04037244292790554
32 0.996875 0.31015625 0.00625 0.0390625
32 0.62109375 0.15 0.0046875 0.01875
20 0.62109375 0.33828125 0.0046875 0.0109375
18 0.99609375 0.51171875 0.0078125 0.0109375
18 0.621875 0.33125 0.00625 0.00625
28 0.6203125 0.1953125 0.003125 0.009375
28 0.6203125 0.36171875 0.003125 0.0109375
25 0.9921875 0.38125 0.015625 0.025
25 0.6807402037833234 0.09753631782546153 0.01989791181871081 0.014935795285270271
12 0.9570009752850149 0.4411213821362665 0.028475686364518006 0.0246746683207995
13 0.9953125 0.63125 0.009375 0.028125
14 0.9150203825617979 0.3356740568672068 0.031600686364518 0.02482021753501131
34 0.9131236874032883 0.520992972706807 0.031855777879787085 0.027945217535011224
24 0.912262818008232 0.5506076980997012 0.03549096091032524 0.03434076674922295
30 0.9118005613402722 0.5848735361890423 0.035235869395056164 0.03121576674922295
28 0.8493313518070729 0.2632404387940762 0.028093049091614385 0.019987168320799588
10 0.8489806654425548 0.28660516418697035 0.028475686364518006 0.024674668320799585
27 0.8490923646839506 0.31383975227631156 0.028093049091614475 0.019987168320799588
10 0.8484865868041634 0.34032947766920574 0.028475686364518006 0.024674668320799585
17 0.848598286045559 0.36756406575854694 0.028475686364518006 0.0246746683207995
27 0.8476896192258783 0.4072986538478881 0.028093049091614475 0.019987168320799498
24 0.847020068467274 0.43456962924078224 0.028475686364518006 0.0246746683207995
11 0.8461591990722177 0.4641843546336764 0.028475686364518006 0.0246746683207995
11 0.8465259898288824 0.4882939427230177 0.028093049091614475 0.019987168320799498
24 0.8454897772515672 0.5295910308123588 0.028730777879787082 0.027799668320799498
17 0.8458885189166174 0.5723778442945943 0.028475686364518006 0.0246746683207995
10 0.8452827410368304 0.5988675696874883 0.028475686364518006 0.0246746683207995
16 0.8453306673994089 0.6268834077768296 0.028475686364518006 0.0246746683207995
10 0.8438798666408044 0.6541907704732767 0.028475686364518006 0.0246746683207995
23 0.84296875 0.6796875 0.0296875 0.01875
28 0.6867509587842934 0.07157313130769691 0.018080320303441776 0.01173802067816443
14 0.7542258880218096 0.19840315095240402 0.019897911818710767 0.014935795285270271
33 0.7539229990819161 0.21164801364885114 0.019897911818710767 0.01493579528527036
29 0.7536201101420226 0.2248928763452982 0.020025457576345395 0.01649829528527036
27 0.7542260169597635 0.23653885173819234 0.019897911818710767 0.01493579528527036
14 0.7532056508986872 0.24903885173819235 0.020025457576345395 0.01649829528527036
22 0.7534289204435247 0.2653723271310865 0.020663186364518006 0.02431079528527036
14 0.7536521899883619 0.2817058025239806 0.020025457576345395 0.01649829528527027
34 0.7534768468061029 0.29338816522042765 0.020025457576345395 0.01649829528527027
24 0.7531101849873922 0.30741427791687476 0.020280549091614475 0.01962329528527027
30 0.7533972274110468 0.3229665033097689 0.020280549091614475 0.01962329528527027
2 0.6870218968158014 0.039651043218355685 0.02002545757634535 0.016498295285270293
3 0.6868465536335423 0.05133340591480275 0.01989791181871081 0.014935795285270292
2 0.6863046775705264 0.11517758209348519 0.02002545757634535 0.01649829528527027
0 0.6859380157518156 0.12920369478993227 0.01989791181871081 0.014935795285270271
1 0.6857626725695566 0.14088605748637933 0.01989791181871081 0.014935795285270271
7 0.685459783629663 0.1541309201828264 0.02002545757634535 0.01649829528527027
1 0.62421875 0.08359375 0.0109375 0.0171875
27 0.6234375 0.115625 0.009375 0.015625
7 0.62421875 0.29140625 0.0109375 0.0203125
21 0.621875 0.32265625 0.00625 0.0140625
20 0.309375 0.86328125 0.61875 0.2734375
2 0.821875 0.753125 0.253125 0.128125