31 0.4796875 0.054248771875000004 0.0429781890625 0.269605015625 0 0.19874608437500002 0 0.28705722968749997 0.0038568140624999996 0.3 0.2494799546875 0.3 0.4796875 0.1832467734375 0.4796875 0.054248771875000004
1 0.73984375 0.15 0.5203125 0.3
26 0.03046875 0.93359375 0.0609375 0.1328125
13 0.0921875 0.7859375 0.184375 0.240625
15 0.08515625 0.55078125 0.1703125 0.2328125
17 0.25859375 0.9078125 0.2359375 0.184375
22 0.3828125 0.859375 0.19375 0.2625
34 0.01953125 0.46875 0.0390625 0.2
35 0.128125 0.953125 0.240625 0.09375
20 0.24174263710372573 0.6914320986333112 0.221236497584104 0.23133569892376152
11 0.26417497286911895 0.48387430975818174 0.24343023304023648 0.27439649420903167
23 0.4125 0.56875 0.134375 0.2625
29 0.40234375 0.36640625 0.1546875 0.1328125
0 0.647369594390207 0.376562615796819 0.13443838606495556 0.12144696856846857
0 0.7033808651429924 0.5069992865988179 0.13443838606495556 0.12144696856846862
1 0.7653072960474987 0.6322219185256873 0.12965529121570665 0.10098891935425698
2 0.8170774769520047 0.7569715155063687 0.13405574879205204 0.11675946856846871
3 0.8620077264929629 0.8790498767550737 0.13405574879205204 0.11675946856846871
5 0.91953125 0.96953125 0.1234375 0.0609375