13 0.3125 0.28671875 0.434375 0.5640625
6 0.8125 0.30859375 0.375 0.5203125
18 0.3359375 0.58984375 0.015625 0.0421875
15 0.4137051373822723 0.6042327215864904 0.022851001809022265 0.04879205600635448
18 0.28828125 0.5859375 0.0140625 0.034375
20 0.32421875 0.58984375 0.0234375 0.0421875
18 0.4307698066495778 0.6068764805149442 0.014956614653892687 0.047093188311602675
29 0.23671875 0.5828125 0.0203125 0.028125
23 0.1984375 0.57890625 0.03125 0.0203125
29 0.2578125 0.5859375 0.021875 0.034375
29 0.16171875 0.57578125 0.0203125 0.0140625
17 0.275 0.5859375 0.025 0.034375
29 0.44142070160662356 0.6125361452875966 0.020960953188503238 0.042514782467404186
23 0.30181929104574545 0.5905502767820658 0.021950243102595125 0.0316045560063543
24 0.396312919494448 0.6078389626580366 0.026965291723114147 0.03793637662320535
28 0.48077312867584504 0.6226066205308302 0.022195904567984214 0.0362920560063543
24 0.2203125 0.58203125 0.025 0.0265625
23 0.34906610527009685 0.5991946197200513 0.02540279172311415 0.03790910308425506
10 0.4637084594085398 0.6199628616023765 0.02540279172311415 0.037909103084255234
14 0.125 0.575 0.028125 0.0125
23 0.14453125 0.575 0.0234375 0.0125
12 0.5055684107880207 0.6269492471540357 0.022195904567984214 0.0362920560063543
24 0.51875 0.62890625 0.021875 0.0390625
16 0.3672838387617533 0.6096781521874555 0.030827276119281776 0.052053423701106286
18 0.22802326492646366 0.6408718307598255 0.016519114653892684 0.047120461850553144
17 0.03504787087392898 0.6077887751605081 0.024249727498762842 0.045694329545304765
17 0.21412453923672317 0.6375013689092724 0.024249727498762752 0.045694329545304765
17 0.34500936906490665 0.6616809829505762 0.024249727498762752 0.045694329545304765
29 0.19611484565915838 0.6379689732113436 0.020960953188503238 0.042514782467404186
29 0.2843994176854257 0.6543673149315129 0.021124727498762753 0.04563978246740419
28 0.1114908621675017 0.62632631533855 0.023922178878243817 0.03944432954530477
31 0.07037121721045585 0.620134816556366 0.02540279172311406 0.037909103084255234
22 0.1564348699694178 0.6341484979681098 0.034859678878243726 0.039635244317957154
10 0.05268907225341 0.614352420858437 0.023922178878243727 0.03944432954530477
23 0.24085413557325008 0.6496974058409034 0.022195904567984214 0.0362920560063543
10 0.361746489711693 0.6705747418790299 0.027292840343633173 0.04418637662320535
14 0.01015625 0.6078125 0.0203125 0.040625
24 0.12925489427967732 0.6305462110364789 0.02696529172311397 0.03793637662320552
14 0.17962670850402856 0.6392451010523649 0.02696529172311406 0.03793637662320535
24 0.29895656264247156 0.6600951635515411 0.028691566033373483 0.041088650162155814
27 0.3795105218238687 0.6747946375769588 0.019070904567984215 0.03623750892845372
14 0.39114738466873894 0.6765616891190863 0.023922178878243727 0.03944432954530477
14 0.08665463647776121 0.6227649387153444 0.02540279172311406 0.037909103084255234
28 0.32531434475464727 0.664465063713697 0.022195904567984214 0.0362920560063543
16 0.25907186906490665 0.6601809383083074 0.029346663274411534 0.05358865016215582
18 0.028618649933886874 0.9095149163942102 0.009614017412854548 0.034511367694751625
21 0.020065843511451752 0.9085836619299833 0.018825243102595035 0.03155000892845372
28 0.05855513342554346 0.9202030004037418 0.013892081637205855 0.026780688311602675
20 0.03787081920119224 0.9120223076279123 0.015945904567984302 0.03618296185055314
14 0.04848077058067322 0.9184632224005647 0.013728307326946344 0.023655688311602675
11 0.7453125 0.74296875 0.43125 0.3484375