1 0.209375 0.284375 0.41875 0.409375
6 0.209375 0.74453125 0.41875 0.5109375
0 0.4234375 0.8484375 0.009375 0.05
1 0.7094051457770312 0.9559135581530548 0.027168277879787085 0.028749716588147935
1 0.750301341684447 0.9152782877006935 0.027168277879787085 0.02874971658814811
8 0.7186048025947722 0.9450833648919901 0.030548369395056164 0.03214811866166656
3 0.7293669594125132 0.9343898726676845 0.030548369395056164 0.03214811866166656
3 0.7596285442598225 0.9060105944396287 0.030548369395056164 0.03214811866166656
9 0.7409741391090714 0.9245459809617584 0.030548369395056164 0.03214811866166656
9 0.7712357239563807 0.8961667027337029 0.030548369395056164 0.03214811866166656
5 0.7834328350164872 0.8840474115461564 0.030548369395056164 0.03214811866166656