12 0.11838903593750001 0 0.014397564062500002 0.044335521875 0 0.059332971874999994 0 0.17373998906250002 0.0658494921875 0.09373779531250001 0.2003084875 0.06811867031249999 0.29631854375 0.0939947078125 0.4788664234375 0.24716744531249998 0.5255822359375 0.347280046875 0.538585221875 0.4481774859375 0.517286925 0.5161400734375 0.456597175 0.5890625 0.57911886875 0.5890625 0.6190138609375 0.547505253125 0.6618066078125 0.4228199703125 0.6537358890625 0.282452096875 0.5782395203124999 0.1436538921875 0.44694741406249994 0.028643534375 0.382840140625 0 0.11838903593750001 0
7 0.8265625 0.11328125 0.275 0.2265625
33 0.76484375 0.16484375 0.1515625 0.3296875
4 0.95234375 0.378125 0.0953125 0.384375
4 0.89453125 0.4453125 0.2109375 0.2875
3 0.84453125 0.50546875 0.3109375 0.1671875
5 0.55234375 0.62734375 0.2734375 0.0765625
6 0.475 0.659375 0.275 0.140625
7 0.39453125 0.69453125 0.2765625 0.2109375
8 0.31640625 0.7265625 0.2921875 0.275
33 0.84453125 0.79453125 0.3109375 0.4109375