21 0.16484375 0.23828125 0.3296875 0.4609375
12 0.48125 0.0046875 0.025 0.009375
12 0.41819220299788923 0.09363791394474275 0.024802578925077735 0.025350686364518003
24 0.47810552929213107 0.07576462985603775 0.024802578925077735 0.025350686364518003
24 0.4506028845961552 0.11669264773388521 0.024802578925077735 0.025350686364518003
25 0.4479020898013573 0.055244964703347096 0.031234589448421436 0.028985869395056162
27 0.46093343984370955 0.10105167227969244 0.023058068401734032 0.022098140606883553
27 0.58359375 0.01015625 0.0234375 0.0203125
10 0.45951442398810693 0.031074012127971562 0.03132559471009326 0.030548369395056164
17 0.40574541090451444 0.10518132076248374 0.02958108418674956 0.027295823637421536
17 0.38046875 0.14765625 0.0234375 0.0265625
17 0.51796875 0.01015625 0.0296875 0.0203125
18 0.4052834083442656 0.18050018515657004 0.022785052616718503 0.017410640606883555
32 0.439354571456093 0.13461360030926076 0.029854099971765136 0.031983323637421714
14 0.5012468976797477 0.042330247584103996 0.029672089448421434 0.02885832363742171
14 0.39137282678835195 0.20369856909549372 0.026456084186749607 0.027040732122152633
30 0.4355008003388184 0.06600712152108805 0.024802578925077735 0.025350686364518003
30 0.46869273193708433 0.08912562818904783 0.024802578925077735 0.025350686364518003
23 0.4276960056146077 0.07871441561173267 0.024802578925077735 0.025350686364518003
23 0.42741601357770265 0.15090828000581896 0.024802578925077735 0.025350686364518003
28 0.37421875 0.16796875 0.0109375 0.0265625
20 0.46796875 0.0125 0.0328125 0.025
20 0.5067989476656302 0.027869134857007614 0.028018584186749608 0.027168277879787085
20 0.39766062414339864 0.19008247924721466 0.027836573663405882 0.024043277879787085
29 0.3876555635635852 0.13274834030732113 0.03297909997176514 0.03223841515269079
18 0.37578125 0.15703125 0.0140625 0.0203125
18 0.5120779818664972 0.018095522129911234 0.02278505261671846 0.017410640606883465
18 0.4045021583442656 0.1804364122777528 0.024438557878390332 0.01910068636451818
34 0.4906433266471776 0.06265872303829681 0.031234589448421436 0.028985869395056162
17 0.41134369254513264 0.170790345308291 0.02958108418674956 0.027295823637421536
16 0.590625 0.0046875 0.034375 0.009375
23 0.6811857556851948 0.17397821562143098 0.07395271046687402 0.06823955909355402
30 0.6691183951900861 0.20596166819680645 0.06081567363517104 0.056281693032477875
29 0.6499210741575161 0.22558864198400935 0.06375866311182729 0.053411784547746775
28 0.6366552347090947 0.25119454880175035 0.06237817363517095 0.05640923879011232
28 0.7457733584995575 0.37235168486670595 0.05916216837349921 0.054591647274843245
28 0.8086212399707666 0.2636620821415493 0.0769867052052021 0.0669321506088231
14 0.7981618821064936 0.29499183047455924 0.05916216837349921 0.054591647274843245
14 0.7817710426580721 0.3203426457770312 0.05916216837349921 0.054591647274843245
13 0.7577497137329944 0.3419307322913305 0.07367969468185845 0.06355205909355419
15 0.9476844689946663 0.35586504184392653 0.06715667889684288 0.058354376063016036
27 0.9391516321770809 0.38107233593457107 0.05245714206513998 0.046268964244305086
30 0.9253320558828391 0.40270821987349475 0.05585515785015538 0.051211555759574166
18 0.9048907532661203 0.4167388979030632 0.060178636803468064 0.04534419303247787
29 0.8983754427568942 0.43426123775134223 0.060542657850155376 0.05159419303247788
7 0.184375 0.734375 0.36875 0.53125
4 0.425 0.56015625 0.1125 0.1828125
5 0.415625 0.62421875 0.09375 0.3078125
6 0.4 0.7359375 0.0625 0.315625
9 0.759375 0.54921875 0.325 0.1609375
0 0.7109375 0.6 0.309375 0.2625