2 0.3296875 0.28984375 0.659375 0.5796875
1 0.9514955812778663 0.04342804058178364 0.011046588001272718 0.009565914772652385
5 0.9544660399427298 0.05676383765968431 0.015806813335454438 0.015897735389503433
2 0.9444530512412769 0.31289110673440773 0.012663632001908986 0.014280688311602674
1 0.84332854527373 0.07201491639421018 0.011046588001272718 0.009565914772652385
5 0.846289913271821 0.08613196347211086 0.015806813335454528 0.015897735389503433
3 0.8213786305697317 0.34668763392680607 0.011082950668363623 0.012690914772652384
1 0.7187007152689575 0.10500292004765814 0.011046588001272672 0.009565914772652385
5 0.7232245832670485 0.11914724066450919 0.012663632001908986 0.014280688311602674
2 0.7281007978994591 0.3716273583592608 0.012663632001908986 0.014280688311602674
35 0.36015625 0.80546875 0.5984375 0.3890625
33 0.8296875 0.78984375 0.340625 0.4203125