34 0.275 0.31953125 0.55 0.6390625
0 0.775 0.31953125 0.45 0.6390625
8 0.44453125 0.93984375 0.1859375 0.1203125
7 0.3638747277444108 0.892808029004119 0.1901533430895542 0.20072053788306973
7 0.2680168061996337 0.7923931297407533 0.19329652380771342 0.20406405917039336
4 0.17265625 0.72109375 0.2140625 0.1640625
3 0.08828125 0.67109375 0.1765625 0.0640625
11 0.6390625 0.7171875 0.175 0.15625
34 0.7529412520431034 0.8212118984301867 0.1524533551898024 0.16372328243518836
20 0.86171875 0.9265625 0.1734375 0.146875
33 0.91328125 0.6921875 0.1734375 0.10625
24 0.97578125 0.7796875 0.0484375 0.1875