8 0.28984375 0.3046875 0.5796875 0.609375
18 0.8984375 0.10703125 0.203125 0.2140625
17 0.76171875 0.1109375 0.3140625 0.221875
16 0.63671875 0.11171875 0.1140625 0.2140625
22 0.69140625 0.30546875 0.2234375 0.2640625
23 0.86953125 0.29921875 0.2609375 0.2609375
24 0.9640625 0.275 0.071875 0.23125
28 0.77890625 0.4890625 0.3171875 0.240625
29 0.91328125 0.465625 0.1734375 0.265625
13 0.28984375 0.8046875 0.5796875 0.390625
1 0.9484375 0.6515625 0.103125 0.084375
6 0.62421875 0.84453125 0.0890625 0.2359375
7 0.6836096798648423 0.873867287034688 0.1781286904615192 0.21287136760421674
8 0.8046875 0.8921875 0.190625 0.215625
9 0.91875 0.90546875 0.1625 0.1890625