23 0.3 0.28984375 0.6 0.5796875
3 0.886334307595742 0.412247100429947 0.021970594849248924 0.021970594849248924
1 0.9739626269810998 0.17544898891079858 0.020153003333979846 0.018718049091614473
7 0.9696417887998108 0.18995789906251942 0.021970594849248924 0.021970594849248924
7 0.8806422880509046 0.4292273063393024 0.021970594849248924 0.021970594849248924
2 0.8748227227484329 0.44464501224865777 0.021970594849248924 0.021970594849248924
6 0.7543668304745592 0.4238059669500652 0.021970594849248924 0.021970594849248924
2 0.761159995917114 0.10237750603973997 0.021970594849248924 0.021970594849248924
0 0.7553404306146422 0.11779521194909537 0.021970594849248924 0.02197059484924897
1 0.7501745695545357 0.13158664497963352 0.01833541181871077 0.015465503333979846
3 0.7442912313732466 0.14622310088898888 0.021970594849248924 0.021970594849248924
9 0.5140625 0.58828125 0.025 0.0171875
5 0.5058190495506564 0.6090110458783208 0.023405549091614474 0.02053564060688351
8 0.49999948424818436 0.6244287517876762 0.025223140606883732 0.023788186364518026
1 0.45422421182840916 0.7477066261837022 0.021715503333980025 0.018845594849248925
3 0.4489945778894855 0.7607168092142402 0.025223140606883375 0.023788186364518005
2 0.438790401526907 0.7898621752753165 0.025223140606883375 0.023788186364518005
2 0.4272150438007805 0.8214788370940275 0.025223140606883555 0.023788186364518005
0 0.4329708362244352 0.8052798811846721 0.025223140606883375 0.023788186364518005
0 0.4213954784983086 0.8368965430033828 0.025223140606883555 0.023788186364518005
1 0.42890625 0.58359375 0.0234375 0.0078125
2 0.3689563915249674 0.7436565970959671 0.025223140606883555 0.023788186364518005
1 0.3644442347072264 0.755821757247688 0.023405549091614474 0.020535640606883555
5 0.28244416198788863 0.9748584128574809 0.025223140606883375 0.023788186364518005
8 0.27421875 0.9890625 0.0265625 0.021875
0 0.1515625 0.58671875 0.025 0.0140625
1 0.14768781409452386 0.5957764328613603 0.021715503333980025 0.01884559484924895
5 0.14252195303441742 0.6095678658918984 0.025223140606883375 0.023788186364518026
1 0.0640625 0.58671875 0.01875 0.0140625
30 0.8 0.78984375 0.4 0.4203125