25 0.5 0 0.389557653125 0 0.325577084375 0.092514628125 0.2924037828125 0.0695728859375 0.21433844999999999 0.05481639218749999 0.13118904375 0.07577523593749999 0.0903896328125 0.1064065 0.00321101875 0.232465040625 0 0.2502706328125 0 0.3754231140625 0.015552304687499999 0.42734880468750003 0.194688128125 0.5512342046875001 0.2018185109375 0.5267418765625 0.17986821875 0.5017538234375001 0.5 0.0388496453125 0.5 0
10 0.6125 0.50546875 0.225 0.1265625
16 0.546875 0.2109375 0.09375 0.325
15 0.6900737133339587 0.38906761958795083 0.34175762100965307 0.32497016451263916
20 0.8375 0.19296875 0.325 0.3421875
21 0.628125 0.09140625 0.25625 0.1828125
17 0.25 0.784375 0.5 0.43125
12 0.6265625 0.89765625 0.253125 0.2046875
27 0.87421875 0.88203125 0.2515625 0.2359375
29 0.67734375 0.6015625 0.2796875 0.065625
30 0.89140625 0.70234375 0.2171875 0.2671875