32 0.209375 0.225 0.41875 0.45
27 0.709375 0.225 0.58125 0.45
13 0.38046875 0.8625 0.0765625 0.18125
15 0.3828125 0.66953125 0.071875 0.1890625
17 0.26171875 0.96796875 0.1515625 0.0640625
20 0.27398253566905684 0.7887349643738247 0.14308991701630233 0.16159802768032883
11 0.24698509563174492 0.6208272227767816 0.1760692829929864 0.22680653361182798
22 0.15078125 0.93515625 0.1515625 0.1296875
25 0.0390625 0.940625 0.078125 0.11875
23 0.08382039957114835 0.7287245888981235 0.161674896270378 0.20129719764227297
29 0.1 0.5171875 0.15625 0.134375
1 0.709375 0.6171875 0.58125 0.334375