5 0.2546875 0.259375 0.509375 0.51875
5 0.6390625 0.0484375 0.18125 0.096875
2 0.7197719133165229 0.1100977217521856 0.1739471672787225 0.17062884629715871
0 0.7985190534643645 0.20169000602895934 0.17732725879399175 0.17397236758448215
1 0.8762936249757542 0.2956806706275639 0.1739471672787225 0.17062884629715871
5 0.934375 0.3859375 0.13125 0.159375
0 0.9765625 0.46171875 0.046875 0.1140625
17 0.19453125 0.68203125 0.3890625 0.3265625
11 0.2265625 0.746875 0.453125 0.45625
3 0.2546875 0.75234375 0.509375 0.4671875
11 0.2546875 0.759375 0.509375 0.48125
15 0.2546875 0.759375 0.509375 0.48125
27 0.28984375 0.77890625 0.4390625 0.4421875
27 0.32890625 0.84140625 0.3609375 0.3171875
1 0.38203125 0.87890625 0.2546875 0.2421875
35 0.7546875 0.759375 0.490625 0.48125