35 0.2 0.284375 0.4 0.56875
25 0.89019244375 0 0.9364399484374999 0.057772551562499996 0.91715449375 0.0937371453125 0.7318579953125 0.2759835828125 0.564856959375 0.195484865625 0.4837019234375 0.1835224921875 0.4 0.20189744843750002 0.4 0.5356964296875 0.4654952921875 0.56875 0.636165325 0.56875 0.6571397187500001 0.52963578125 1 0.1988427109375 1 0.0220826390625 0.9511615499999999 0 0.89019244375 0
0 0.1421875 0.784375 0.284375 0.43125
17 0.5208392077543292 0.92734375 0.023404649011264312 0.021875
17 0.7013243832486971 0.93828125 0.023295388367602497 0.0203125
17 0.6620105109726379 0.91953125 0.023295388367602497 0.0203125
17 0.5569677318916442 0.86875 0.024857888367602544 0.0203125
17 0.8037495327641644 0.76953125 0.014936585149293791 0.0125
17 0.7974666817754287 0.74765625 0.014936585149293791 0.0125
17 0.8572783603718896 0.6296875 0.014936585149293791 0.0125
17 0.8025251583944183 0.5859375 0.013264824505632156 0.0109375
27 0.4625 0.9953125 0.015625 0.009375
27 0.47469082743249835 0.928125 0.01671760643661733 0.015625
27 0.4078125 0.8953125 0.015625 0.015625
27 0.584382537707843 0.87890625 0.01493658514929388 0.0125
27 0.839928061340955 0.9671875 0.011702324505631977 0.0109375
27 0.9355461999606589 0.8734375 0.011702324505632156 0.0109375
27 0.9459263250867099 0.83671875 0.011702324505632156 0.0109375
27 0.8235157295458556 0.77734375 0.011702324505632156 0.0109375
27 0.7320437775683843 0.73359375 0.011702324505632156 0.0109375
27 0.5277383258430145 0.61640625 0.011702324505632156 0.0109375
27 0.8913420039352724 0.6453125 0.011702324505631977 0.0109375
27 0.962905647498655 0.6609375 0.011702324505632156 0.0109375
27 0.9402329720042871 0.65 0.011702324505632156 0.0109375
27 0.8320651929232936 0.59921875 0.011702324505632156 0.0109375
27 0.99375 0.5703125 0.009375 0.003125
14 0.51640625 0.99453125 0.0234375 0.0109375
14 0.5918511942606759 0.984375 0.02307686708027905 0.0171875
14 0.40234375 0.88828125 0.0046875 0.0171875
14 0.66640625 0.99296875 0.0234375 0.0140625
14 0.6154361597318007 0.97109375 0.02307686708027905 0.0171875
14 0.5036352822599613 0.91640625 0.02474862772394082 0.01875
14 0.4597978009493947 0.8953125 0.021514367080279095 0.0171875
14 0.40390625 0.86484375 0.0078125 0.0171875
14 0.6448612158001008 0.9078125 0.02151436708027905 0.0171875
14 0.46722217087966544 0.82265625 0.023076867080279097 0.0171875
14 0.8512643990881388 0.97265625 0.014936585149293791 0.0125
14 0.8029033087430649 0.94921875 0.01649908514929379 0.0125
14 0.9528815294099697 0.971875 0.014936585149293791 0.0125
14 0.905973678421234 0.95 0.014936585149293791 0.0125
14 0.893910720995881 0.94375 0.014936585149293791 0.0125
14 0.7828364632022108 0.88984375 0.014936585149293791 0.0125
14 0.74270812595923 0.7375 0.01649908514929388 0.0125
14 0.7018317536831707 0.71875 0.013264824505632156 0.0109375
14 0.5854526368549933 0.6625 0.01493658514929388 0.0125
14 0.45997167163597014 0.60234375 0.01649908514929388 0.0125
14 0.99765625 0.8453125 0.0046875 0.0125
14 0.9790119766958642 0.8328125 0.014936585149293791 0.0125
14 0.9131738092472681 0.80234375 0.014936585149293791 0.0125
14 0.8580546205113484 0.775 0.013264824505632156 0.0109375
14 0.7862942349937374 0.73984375 0.01649908514929379 0.0125
14 0.670641737843729 0.684375 0.01649908514929388 0.0125
14 0.6199915278204859 0.66015625 0.01493658514929388 0.0125
14 0.5179644880958305 0.6109375 0.01493658514929388 0.0125
14 0.48244760517610963 0.59375 0.01493658514929388 0.0125
14 0.9018970916824562 0.65078125 0.01649908514929379 0.0125
14 0.8202536077739996 0.61171875 0.01649908514929379 0.0125
14 0.9295686236134415 0.64609375 0.014936585149293791 0.0125
14 0.8925985013373824 0.62734375 0.014936585149293791 0.0125
14 0.8222913551761095 0.59375 0.013264824505632156 0.0109375
10 0.4114206490881389 0.97265625 0.021514367080279085 0.0171875
10 0.7755924097318007 0.97109375 0.02151436708027905 0.0171875
10 0.6002424844895342 0.88671875 0.02151436708027905 0.0171875
10 0.5020124341212172 0.8390625 0.02307686708027905 0.0171875
10 0.40625 0.78984375 0.0125 0.0171875
10 0.99140625 0.9 0.0171875 0.0125
10 0.9460684367191072 0.85703125 0.014936585149293791 0.0125
10 0.9376057266958642 0.8328125 0.013264824505632156 0.0109375
10 0.7652715408099361 0.75 0.013264824505632156 0.0109375
10 0.8340708172930397 0.7828125 0.013264824505632156 0.0109375
10 0.6209695197747142 0.6796875 0.01493658514929388 0.0125
10 0.5158721103718897 0.6296875 0.01493658514929388 0.0125
10 0.694041033016266 0.69609375 0.01493658514929388 0.0125
10 0.6018424613606255 0.6515625 0.01493658514929388 0.0125
10 0.5059015306704775 0.6046875 0.01493658514929388 0.0125
10 0.9517660517056994 0.675 0.014936585149293791 0.0125
10 0.9275855065331624 0.66328125 0.014936585149293791 0.0125
10 0.8434561609923084 0.60390625 0.013264824505632156 0.0109375
10 0.7912980812908961 0.57890625 0.014936585149293791 0.0125
13 0.5728116171571537 0.97734375 0.02496714901126431 0.021875
13 0.964889492535306 0.8671875 0.016717606436617415 0.015625
13 0.9239256389486803 0.82734375 0.018280106436617417 0.015625
13 0.9267446363507901 0.809375 0.016608345792955604 0.0140625
13 0.8451011524423336 0.7703125 0.016608345792955604 0.0140625
13 0.5760447858662576 0.640625 0.018280106436617326 0.015625
13 0.76484375 0.571875 0.0171875 0.00625
24 0.478125 0.99765625 0.025 0.0046875
24 0.5609889603522192 0.9453125 0.02474862772394082 0.01875
24 0.8096014229733524 0.9875 0.02307686708027905 0.0171875
24 0.9747729549043376 0.9828125 0.014936585149293791 0.0125
24 0.9785695802824899 0.87265625 0.01649908514929379 0.0125
24 0.8650640911782531 0.79765625 0.01649908514929379 0.0125
24 0.6526894133380969 0.6953125 0.01649908514929388 0.0125
24 0.5355290465099193 0.6390625 0.01493658514929388 0.0125
24 0.8187407482352892 0.75625 0.01649908514929379 0.0125
24 0.7363706446486635 0.71640625 0.01649908514929388 0.0125
24 0.8444887832683674 0.62265625 0.014936585149293791 0.0125
24 0.7968543126014627 0.6 0.014936585149293791 0.0125
24 0.73203125 0.571875 0.0140625 0.00625
24 0.9741327246021771 0.66796875 0.01649908514929379 0.0125
18 0.8737731836170142 0.9859375 0.008577324505632155 0.0109375
18 0.8031107583747478 0.9015625 0.008577324505632155 0.0109375
18 0.99765625 0.90546875 0.0046875 0.0109375
18 0.9550610244662913 0.8625 0.008577324505632155 0.0109375
18 0.9148784208796655 0.82265625 0.008577324505632155 0.0109375
18 0.4765036077739997 0.61171875 0.008577324505632155 0.0109375
18 0.9614802692705112 0.8265625 0.008577324505632155 0.0109375
18 0.8919543731092384 0.79296875 0.008577324505632155 0.0109375
18 0.6470785517056994 0.675 0.008577324505632155 0.0109375
18 0.5594035890845662 0.6328125 0.008577324505632155 0.0109375
18 0.7673142780725875 0.58671875 0.008577324505632155 0.0109375
25 0.42807218956909887 0.8015625 0.026638909654926036 0.0234375
25 0.947663787707843 0.87890625 0.016608345792955604 0.0140625
25 0.9907417983515046 0.87734375 0.016608345792955604 0.0140625
25 0.9717240005810777 0.84765625 0.016608345792955604 0.0140625
25 0.7689810488557078 0.73046875 0.016608345792955604 0.0140625
25 0.99609375 0.67890625 0.0078125 0.0140625
25 0.987867442671192 0.67265625 0.014936585149293791 0.0125
25 0.989850559751471 0.65546875 0.016608345792955604 0.0140625
30 0.545779223593771 0.96171875 0.021514367080279095 0.0171875
30 0.7574433432719402 0.9625 0.02151436708027905 0.0171875
30 0.5193802505810777 0.84765625 0.023076867080279097 0.0171875
30 0.9876717926515216 0.98828125 0.013264824505632156 0.0109375
30 0.9844589473627691 0.85546875 0.014936585149293791 0.0125
30 0.7773891285571201 0.75546875 0.013264824505632156 0.0109375
30 0.6398452059127437 0.6890625 0.013264824505632156 0.0109375
30 0.48566008648667613 0.61484375 0.01493658514929388 0.0125
30 0.7243076872233104 0.71015625 0.013264824505632156 0.0109375
30 0.9047160890845662 0.6328125 0.014936585149293791 0.0125
16 0.9581531734775556 0.840625 0.016608345792955604 0.0140625
16 0.8939321363507903 0.809375 0.018280106436617417 0.015625
16 0.7162930914303548 0.72421875 0.016608345792955604 0.0140625
16 0.8853601656838854 0.78671875 0.016608345792955604 0.0140625
16 0.9141239400733021 0.6546875 0.018170845792955602 0.0140625
21 0.40898369996065903 0.8734375 0.011920845792955614 0.0140625
21 0.7875461065134919 0.97890625 0.011920845792955603 0.0140625
21 0.4133923305345915 0.79921875 0.011920845792955614 0.0140625
21 0.77708312595923 0.7375 0.008577324505632155 0.0109375
21 0.996875 0.66171875 0.00625 0.0109375
29 0.5760676571339106 0.953125 0.01671760643661737 0.015625
29 0.5367537848578514 0.934375 0.016826867080279095 0.0171875
29 0.4279140164205195 0.88203125 0.016826867080279084 0.0171875
29 0.82421875 0.99375 0.0171875 0.0125
29 0.67948758807616 0.9265625 0.01682686708027905 0.0171875
29 0.5729915696388282 0.87421875 0.016826867080279095 0.0171875
29 0.8685775852261685 0.98203125 0.011702324505632156 0.0109375
29 0.8610382368353229 0.978125 0.011702324505632156 0.0109375
29 0.964108606513492 0.97890625 0.011702324505632156 0.0109375
29 0.8832463726050352 0.93984375 0.01003056386197052 0.009375
29 0.8763457986036063 0.80390625 0.01181158514929379 0.0125
29 0.81441388115501 0.7734375 0.010139824505632156 0.0109375
29 0.692003285614156 0.7140625 0.013264824505632156 0.0109375
29 0.5460841342571032 0.64453125 0.013264824505632156 0.0109375
29 0.47058138970498486 0.60703125 0.013264824505632156 0.0109375
29 0.9539409208796655 0.82265625 0.010139824505632156 0.0109375
29 0.8284599556606423 0.7625 0.01181158514929379 0.0125
29 0.6547271607402069 0.67734375 0.011702324505632156 0.0109375
29 0.9872283043035894 0.69296875 0.013264824505632156 0.0109375
29 0.7431337329000505 0.575 0.011702324505632156 0.0109375
29 0.9544211581423168 0.659375 0.01003056386197052 0.009375
29 0.8705431848775218 0.61875 0.01003056386197052 0.009375
28 0.62578125 0.99609375 0.0203125 0.0078125
28 0.5276301571339106 0.953125 0.02151436708027905 0.0171875
28 0.6494998032951832 0.98671875 0.02151436708027905 0.0171875
28 0.632022726191661 0.9796875 0.019951867080279052 0.0171875
28 0.5980137129501093 0.96328125 0.02151436708027905 0.0171875
28 0.7715001254550269 0.884375 0.01493658514929388 0.0125
28 0.6813935675451412 0.709375 0.01493658514929388 0.0125
28 0.5718271794296402 0.65625 0.01493658514929388 0.0125
28 0.5597095916824563 0.65078125 0.01493658514929388 0.0125
28 0.4992855439120293 0.62109375 0.01493658514929388 0.0125
28 0.9457295831324816 0.8171875 0.014936585149293791 0.0125
28 0.901110851821915 0.79609375 0.014936585149293791 0.0125
28 0.7061039904416191 0.70234375 0.01493658514929388 0.0125
28 0.4945651929232936 0.59921875 0.013264824505632156 0.0109375
28 0.8331524455211836 0.6171875 0.013264824505632156 0.0109375
28 0.7583216903254035 0.58125 0.01493658514929388 0.0125
28 0.8812621635901984 0.621875 0.013264824505632156 0.0109375
28 0.8616052274521688 0.6125 0.013264824505632156 0.0109375
11 0.7891685906740501 0.94453125 0.018170845792955602 0.0140625
11 0.7823929748542787 0.59453125 0.018170845792955602 0.0140625
34 0.6656428814071116 0.7 0.01493658514929388 0.0125
34 0.7492694823958473 0.721875 0.01493658514929388 0.0125
15 0.5040123406740501 0.94453125 0.018498627723940862 0.01875
15 0.9667304979831876 0.8296875 0.01181158514929379 0.0125
22 0.4431405426515215 0.98828125 0.031217149011264288 0.021875
22 0.4474399125817922 0.915625 0.031217149011264288 0.021875
22 0.635124854924008 0.6671875 0.021405106436617416 0.015625
22 0.9668993788092216 0.68203125 0.019733345792955603 0.0140625
12 0.7211998406740501 0.94453125 0.024748627723940864 0.01875
12 0.6081253123493611 0.6734375 0.01649908514929388 0.0125
12 0.5967343442803463 0.66875 0.01649908514929388 0.0125
12 0.5391292939120292 0.62109375 0.01493658514929388 0.0125
31 0.6819234452690821 0.690625 0.01493658514929388 0.0125
20 0.60625 0.99140625 0.021875 0.0171875
20 0.48219160701769503 0.83203125 0.023404649011264288 0.021875
20 0.793282290305733 0.896875 0.014936585149293791 0.0125
20 0.7531539530627522 0.74453125 0.015045845792955603 0.0140625
24 0.49060540453602053 0.93515625 0.023076867080279097 0.0171875
24 0.4240952477310861 0.903125 0.023076867080279083 0.0171875
23 0.684375 0.99765625 0.021875 0.0046875
23 0.4763297370874243 0.9046875 0.023076867080279097 0.0171875
23 0.7385676571339106 0.953125 0.02151436708027905 0.0171875
23 0.9051045831324815 0.8171875 0.013264824505632156 0.0109375
23 0.9895124341212173 0.8390625 0.013264824505632156 0.0109375
23 0.8708988279367015 0.78125 0.014936585149293791 0.0125
23 0.5905607539352724 0.6453125 0.01493658514929388 0.0125
23 0.5511376210155514 0.628125 0.01493658514929388 0.0125
23 0.9953125 0.69609375 0.009375 0.0109375
23 0.9397030942803463 0.66875 0.014936585149293791 0.0125
23 0.778125 0.5734375 0.0125 0.009375
33 0.44237535416770346 0.8875 0.021514367080279095 0.0171875
14 0.6167744206275639 0.89609375 0.0248578883676025 0.0203125
26 0.539146447362769 0.85546875 0.02496714901126431 0.021875
27 0.45214347409797406 0.81484375 0.015045845792955603 0.0140625
29 0.89921875 0.99453125 0.0203125 0.0109375
32 0.8860000320078598 0.98984375 0.019733345792955603 0.0140625
32 0.8178727448810944 0.95859375 0.026311127723940685 0.01875
10 0.7695116545360206 0.93515625 0.019951867080279052 0.0171875
25 0.75761258807616 0.9265625 0.016608345792955604 0.0140625
25 0.7440417609726379 0.91953125 0.016608345792955604 0.0140625
26 0.99453125 0.99375 0.0109375 0.0125
29 0.9346232023064476 0.96484375 0.016717606436617415 0.015625
32 0.9203803858465871 0.95625 0.019733345792955603 0.0140625
0 0.8310882929036231 0.91484375 0.02151436708027905 0.0171875
21 0.8114313567655935 0.90546875 0.014936585149293791 0.0125
10 0.9596174844895342 0.88671875 0.01995186708027923 0.0171875
1 0.9081860244662913 0.8625 0.018280106436617417 0.015625
14 0.8453525247183927 0.7890625 0.016608345792955604 0.0140625
26 0.7910692163043039 0.7609375 0.016608345792955604 0.0140625
1 0.9864252749704943 0.715625 0.018280106436617417 0.015625
32 0.8724116874754119 0.63671875 0.021405106436617416 0.015625
19 0.8066827806704776 0.6046875 0.013483345792955603 0.0140625
26 0.9183415465099193 0.6390625 0.018170845792955602 0.0140625