25 0 0.3890625 0.449515765625 0.3890625 0.4672998640625 0.32513010468750003 0.4530404828125 0.22048805 0.3613983625 0.152111634375 0.298367446875 0.1475356046875 0.2596760765625 0.1656684265625 0.24535506875 0.158015521875 0.278330359375 0.11742370937499999 0.1637623046875 0.056200479687500006 0.1479968734375 0.06718011562500001 0 0.24998574687500003 0 0.3890625
6 0.734375 0.19453125 0.53125 0.3890625
1 0.16953125 0.48359375 0.2109375 0.1890625
2 0.26640625 0.5125 0.2359375 0.246875
3 0.3625 0.5625 0.2125 0.271875
4 0.409375 0.615625 0.11875 0.325
6 0.0296875 0.7109375 0.059375 0.2875
7 0.08515625 0.76796875 0.1703125 0.2890625
8 0.15639465947969908 0.8332322191602038 0.25938497972108276 0.29201582493918143
9 0.271875 0.87734375 0.246875 0.2453125
0 0.36484375 0.89453125 0.2078125 0.2109375
20 0.734375 0.69453125 0.53125 0.6109375