16 0.18984375 0.1796875 0.3796875 0.359375
14 0.9005170588116684 0.2740567154932779 0.009179510367592769 0.015852320533113407
14 0.8588675095656036 0.3492984078922882 0.015292809330833278 0.014471676959604097
14 0.8477816210172235 0.18207981565156253 0.020663814514629664 0.022420569279472245
14 0.8449873946271307 0.0715060285045439 0.02378881451462931 0.02251149749271768
14 0.8625 0.00859375 0.021875 0.0171875
14 0.7123239917051405 0.30524819418137705 0.02406221658814811 0.025636497492717326
14 0.7428501132415292 0.19682192874197071 0.020663814514629664 0.022420569279472245
14 0.7611599073037976 0.13005196588898932 0.020663814514629664 0.022420569279472245
14 0.796875 0.00625 0.025 0.0125
14 0.680622806785418 0.13317461738005748 0.015292809330833278 0.014471676959604097
14 0.6965498946271309 0.07582511863369863 0.017128711404351904 0.017642141066226812
14 0.55 0.35546875 0.015625 0.0078125
14 0.5994124715356033 0.18852735860456882 0.015292809330833278 0.014471676959604097
14 0.6145583093773161 0.13120059191152134 0.015292809330833278 0.014471676959604097
14 0.618981969226529 0.11626591369827599 0.015292809330833278 0.014471676959604097
14 0.4358107183780572 0.3483606628403463 0.017128711404351904 0.017642141066226812
14 0.44289048652134416 0.3208805205204781 0.017128711404351904 0.017642141066226812
14 0.4765805642782885 0.20301105892113788 0.015292809330833278 0.014471676959604097
14 0.509421041516853 0.08594557937510902 0.012167809330833279 0.014380748746358663
14 0.40582042200671464 0.34377846291948855 0.015292809330833278 0.014471676959604097
14 0.4675172140427327 0.1284656999873647 0.015292809330833278 0.014471676959604097
14 0.43391390212000125 0.14736646417312968 0.015292809330833278 0.014471676959604097
14 0.3943237218184271 0.11890649505194215 0.012167809330833279 0.014380748746358663
14 0.41916647987694555 0.03090638987909262 0.017128711404351727 0.017642141066226812
14 0.40078125 0.00703125 0.0171875 0.0140625
27 0.9048040176241219 0.26068453728003255 0.007070206220555519 0.009556856426490689
27 0.8630861178596776 0.33670747967904296 0.01175770622055552 0.009693248746359018
27 0.8656055251169924 0.32572451557242027 0.011894407257315009 0.011255748746359017
27 0.7757323808191683 0.3197676837565357 0.01855451036759259 0.01612510517284953
27 0.7901947134770848 0.2702534170634882 0.018554510367592415 0.01612510517284953
27 0.8403586832227792 0.08878445671778934 0.01855451036759277 0.01612510517284953
27 0.6849781161162513 0.11902118916681204 0.01175770622055552 0.009693248746358662
27 0.4393847777088905 0.33422996668041216 0.015019407257314831 0.011346676959604096
27 0.48015462360912176 0.1888803627612039 0.015019407257314654 0.011346676959604096
27 0.5137763508476864 0.07179215116186359 0.011894407257314655 0.011255748746358662
27 0.5170086575866215 0.06156770500192969 0.01175770622055552 0.009693248746358662
27 0.47088622181842715 0.11667875382743062 0.01175770622055552 0.009693248746358662
27 0.47347397959412163 0.10491453972080808 0.01175770622055552 0.009693248746358662
27 0.43820086093245497 0.13399428595988425 0.01175770622055552 0.009693248746358662
27 0.39789778114926044 0.10477579889200808 0.01175770622055552 0.009693248746358662
22 0.7804560029212049 0.06091552098269659 0.02488242280870363 0.03501149749271768
22 0.44850549948083496 0.3012356102539215 0.0192380155513888 0.023937605172849173
22 0.49587665989569574 0.13387461401484516 0.016113015551388797 0.023846676959604095
22 0.45390448190319577 0.17717598462710082 0.016113015551388797 0.023846676959604095
22 0.3875 0.31640625 0.015625 0.0234375
22 0.4054170467006493 0.08117917451882865 0.01740211347787035 0.02076714106622681
34 0.8765625 0.35234375 0.009375 0.0140625
34 0.868513077520603 0.0965371207452697 0.027187216588148287 0.025727425705962936
34 0.622705125635372 0.33201293415224703 0.018554510367592415 0.016125105172849173
34 0.4161324968889367 0.3060738744396865 0.01855451036759259 0.016125105172849173
34 0.4525580124403256 0.2816361640939874 0.02039041244111104 0.019295569279472246
34 0.40209868265713117 0.25271319371915857 0.01855451036759259 0.01612510517284953
34 0.38828125 0.05 0.0171875 0.015625
22 0.8874805251169924 0.32508801807970256 0.009726314514629663 0.022102320533113583
24 0.8923142880764832 0.30546583986645715 0.009179510367592769 0.015852320533113584
24 0.8773214409984735 0.07602003226546757 0.02093721658814829 0.025545569279472248
24 0.76328125 0.35390625 0.0203125 0.0109375
24 0.5924694044290755 0.2144450009244368 0.017128711404351904 0.017642141066226812
24 0.5005053713000475 0.11659618580159972 0.017128711404351904 0.017642141066226812
24 0.4684461440614829 0.2336389332943173 0.017128711404351904 0.017642141066226812
24 0.43705944302472377 0.23611071542677084 0.014003711404351905 0.01755121285298138
24 0.4586698943443069 0.15833505641385548 0.017128711404351904 0.017642141066226812
24 0.384375 0.3359375 0.009375 0.01875
24 0.47578125 0.0046875 0.0171875 0.009375
24 0.39368802624828814 0.037102565585055466 0.015292809330833278 0.014471676959604097
28 0.8958883474073165 0.29133514370652325 0.007343608294073789 0.012681856426490867
28 0.8546875 0.35703125 0.015625 0.0046875
28 0.8627224073037976 0.12709679895851506 0.020663814514629664 0.022420569279472245
28 0.7486701777561589 0.17483326847541408 0.020663814514629664 0.022420569279472245
28 0.5584375740802331 0.336220712523777 0.016992010367592413 0.016079641066226814
28 0.6273508352962975 0.09186530727178521 0.015292809330833278 0.014471676959604097
28 0.47208855391069593 0.21872698713438332 0.015292809330833278 0.014471676959604097
28 0.5058469821860196 0.1000762755350431 0.017128711404351904 0.017642141066226812
28 0.46309355419351983 0.14340037820061013 0.015292809330833278 0.014471676959604097
19 0.49223425004648275 0.14878656017477915 0.019433505183796385 0.008358069279472247
19 0.4495491725723625 0.19132941284034616 0.02113270622055552 0.009966033386094785
19 0.47209599024453813 0.013781074360544033 0.02113270622055552 0.009966033386094964
30 0.8138864917051405 0.30229302725090273 0.020663814514629664 0.022420569279472245
30 0.8832098560314826 0.05325012199891095 0.020663814514629664 0.022420569279472245
30 0.7701173678596775 0.3394125940230925 0.020663814514629664 0.02242056927947189
18 0.8298429738446774 0.25351454645123256 0.02269520622055552 0.01001149749271768
18 0.8559734127704178 0.04391222591811923 0.02439440725731501 0.01161946159934022
18 0.6803904865213443 0.31396997631383067 0.02269520622055552 0.010011497492717325
18 0.6918255639954645 0.27233640578071716 0.024394407257314833 0.01161946159934022
18 0.7100670075393533 0.2063476929277357 0.02269520622055552 0.01001149749271768
18 0.7440988378881956 0.08457198132839547 0.02269520622055552 0.01001149749271768
18 0.6740508865686123 0.1637570276466141 0.016308505183796385 0.008267141066226813
18 0.421708553627872 0.2957812321198183 0.016308505183796295 0.008267141066226813
21 0.827460267624122 0.2629350105578553 0.02269520622055552 0.010011497492717503
21 0.8553986313848162 0.16627295922507174 0.02269520622055552 0.010011497492717503
21 0.7967152814320844 0.017583058129715036 0.02269520622055552 0.01001149749271768
21 0.6819235922235201 0.3053534942605193 0.02269520622055552 0.010011497492717325
21 0.7409348816676401 0.09401517748832955 0.02269520622055552 0.010011497492717503
21 0.416738089631622 0.31696591033306376 0.016308505183796295 0.008267141066226813
13 0.809588553910696 0.20890674010388413 0.02718721658814811 0.02572742570596276
13 0.8344996624875938 0.1201253849310346 0.026913814514629663 0.02260242570596276
13 0.686552303627872 0.28807506604727384 0.026913814514629663 0.02260242570596276
13 0.41616861899097335 0.04735810398571534 0.02039041244111104 0.019295569279472246
23 0.8005067883593071 0.23254882858368617 0.020663814514629664 0.022420569279472245
23 0.8254862474545845 0.14298622341083664 0.020663814514629487 0.022420569279472245
23 0.85819002365639 0.027483243864807782 0.020663814514629664 0.022420569279472245
23 0.693192574363057 0.25671140578071727 0.020663814514629664 0.022420569279472245
23 0.7123519689437051 0.18913746087442435 0.020663814514629664 0.022420569279472245
23 0.7611195340239826 0.014722482582036811 0.020663814514629664 0.022420569279472245
23 0.40086837332629777 0.26677569371915855 0.015292809330833278 0.014471676959604097
23 0.3859375 0.06484375 0.0125 0.0171875
23 0.3973987866158807 0.021409369425121484 0.012167809330833279 0.014380748746358663
16 0.6968739404328256 0.23244719167409453 0.02718721658814811 0.025727425705962936
16 0.4264445717711589 0.26836928595988424 0.02039041244111104 0.019295569279472246
23 0.79765625 0.353125 0.0203125 0.0125
25 0.8049414271905109 0.3243726157307048 0.026913814514629663 0.02260242570596276
25 0.7868912221012512 0.0318956107161398 0.026913814514629663 0.02260242570596276
25 0.7184843917524087 0.15467153266117908 0.02718721658814811 0.02572742570596276
25 0.4095995328926868 0.32730401675955445 0.01855451036759259 0.01612510517284953
25 0.39039020310949235 0.29747176425227195 0.02039041244111104 0.019295569279472246
11 0.8229682572565293 0.2786509387711006 0.027187216588148287 0.025727425705962936
11 0.7868550999992145 0.2906113811701109 0.02718721658814811 0.025727425705963113
11 0.7400866982085199 0.21950091079528206 0.02718721658814811 0.02572742570596276
11 0.66875 0.34921875 0.03125 0.0203125
11 0.7372241213000476 0.10970837364826362 0.02718721658814811 0.02572742570596276
11 0.7026044049947233 0.060063726313830654 0.02039041244111104 0.019295569279472246
12 0.8319912342122701 0.23786681439792118 0.020937216588147935 0.025545569279472248
12 0.89765625 0.0046875 0.0234375 0.009375
12 0.7462470982557882 0.06892424927508412 0.02093721658814811 0.025545569279472248
17 0.8442369559842143 0.20478152975818514 0.026913814514629663 0.022602425705962936
17 0.7094922261537516 0.3287084262346884 0.0270505155513888 0.024164925705962757
17 0.42890625 0.003125 0.0171875 0.00625
25 0.8538456933075477 0.1483951374383171 0.026913814514629663 0.02260242570596276
10 0.8922622272850473 0.02103701557242026 0.020663814514629664 0.022420569279472245
10 0.794755074363057 0.25375623885024295 0.020663814514629664 0.022420569279472245
10 0.8197345334583346 0.16419363367739342 0.02406221658814811 0.025636497492717503
10 0.7725266342595383 0.08919964535587592 0.023788814514629664 0.022511497492717504
10 0.7536002684725936 0.03831910695521614 0.023788814514629664 0.022511497492717504
10 0.6206935663045388 0.3460981662055584 0.015292809330833278 0.014471676959604097
10 0.53125 0.00703125 0.015625 0.0140625
10 0.3955951129587053 0.28251435398571534 0.015292809330833278 0.014471676959604097
10 0.40933285862338076 0.06314222835889467 0.015292809330833278 0.014471676959604097
10 0.384375 0.08125 0.009375 0.01875
29 0.7023830637126405 0.34761755060786753 0.024941211404351904 0.017869461599340043
29 0.7555059381237512 0.15904914410223467 0.024941211404351904 0.01786946159934022
29 0.6747343917524088 0.1559445276466141 0.015019407257314654 0.011346676959604096
29 0.6786795979729643 0.14647859943336874 0.014882706220555519 0.009784176959604096
29 0.5573439657861592 0.348720712523777 0.015019407257314654 0.011346676959604096
29 0.5981821622047698 0.20258985860456882 0.015019407257314654 0.011346676959604096
29 0.6254759770022235 0.10438803932509658 0.014882706220555519 0.009784176959604096
29 0.4353212857674089 0.2470709474800822 0.01814440725731483 0.01143760517284953
29 0.4254943923180566 0.01201999755922456 0.014882706220555519 0.009784176959604096
15 0.853454005513103 0.05489519002474186 0.02664041244111104 0.019477425705962937
15 0.4296563376053717 0.16930966033306377 0.01814440725731483 0.01143760517284953
15 0.43288864434430685 0.15908521417312968 0.01814440725731483 0.01143760517284953
15 0.39006615730379757 0.14084969121187604 0.01814440725731483 0.01143760517284953
15 0.3932984640427327 0.13062524505194206 0.014882706220555519 0.009784176959604096
33 0.7668432707816679 0.10962580562243263 0.020663814514629664 0.022420569279472245
30 0.6728418266721313 0.32899558274032137 0.020663814514629664 0.022420569279472245
30 0.7272927552302791 0.13415444418137704 0.020663814514629664 0.022420569279472245
22 0.61640625 0.35546875 0.0203125 0.0078125
2 0.6333493911867609 0.30832538156582245 0.02052711347787035 0.02085806927947189
29 0.665135216351807 0.19440763407310477 0.02039041244111104 0.019295569279472246
32 0.6681330772377791 0.17795591996648213 0.0192380155513888 0.02393760517284953
32 0.6916477811492605 0.09622854684694407 0.022773118661666557 0.028716033386094963
10 0.7093424205461123 0.03648983399396251 0.02039041244111104 0.019295569279472246
25 0.7102015829872232 0.017762566047273866 0.01855451036759259 0.01612510517284953
25 0.7140625 0.0046875 0.01875 0.009375
3 0.5779681155506033 0.2733115355641729 0.02039041244111104 0.019295569279472246
26 0.5841299326571312 0.2474166252976162 0.020663814514629664 0.022420569279472245
30 0.5881140950982422 0.22859842913768222 0.015292809330833278 0.014471676959604097
29 0.6083575360502328 0.16644777012476678 0.02039041244111104 0.019295569279472246
32 0.6099979484913438 0.14769777012476676 0.0192380155513888 0.02393760517284953
3 0.6480043793585659 0.025027148258869758 0.02039041244111104 0.019295569279472246
22 0.463475680065233 0.25482361150756266 0.02093721658814811 0.025545569279472248
22 0.5281019824688437 0.02384038446881629 0.02093721658814811 0.025545569279472248
27 0.40234375 0.35390625 0.0203125 0.0109375
23 0.42351506140356643 0.28403975006650695 0.015292809330833278 0.014471676959604097
12 0.38359375 0.35078125 0.0078125 0.0171875
11 0.42172696894370515 0.1975937847062431 0.015292809330833278 0.014471676959604097
30 0.4247248298296773 0.18114207059962037 0.017128711404351727 0.017642141066226812
12 0.4488840827043994 0.10095446542677085 0.020663814514629664 0.022420569279472245
14 0.45344444359037156 0.08445728721352559 0.02039041244111104 0.019295569279472246
24 0.45807315499472334 0.06717885900028016 0.020663814514629664 0.022420569279472245
11 0.38515625 0.16875 0.0109375 0.01875
30 0.3859375 0.15078125 0.0125 0.0140625
17 0.0515625 0.653125 0.103125 0.48125
16 0.16489864490995476 0.6419071082088574 0.2801903882190732 0.4414219365265156
24 0.30546875 0.53046875 0.1484375 0.3046875
21 0.12890625 0.44609375 0.2578125 0.1734375
11 0.15859375 0.90859375 0.2828125 0.1828125
33 0.6515625 0.6796875 0.54375 0.640625