34 0.275 0.2390625 0.55 0.478125
0 0.775 0.259375 0.45 0.51875
0 0.22265625 0.58671875 0.1765625 0.1359375
0 0.16250255543444644 0.7860763170423455 0.18190974282842376 0.15415221057599665
5 0.08359375 0.9390625 0.1671875 0.121875
31 0.9265625 0.8734375 0.146875 0.253125
32 0.94140625 0.65390625 0.1171875 0.2703125
15 0.82009925670824 0.7677712237563997 0.1994990361123346 0.21049311416679295
21 0.63359375 0.9296875 0.1671875 0.140625
20 0.6795759496293311 0.8162546964326449 0.18431054573098143 0.22290221057599666
14 0.665625 0.6265625 0.175 0.215625
17 0.6 0.6 0.1 0.1625
19 0.83828125 0.59921875 0.1859375 0.1609375