11 0.0051274781249999995 0 0 0.0188683078125 0 0.5279391203125 0.0808199046875 0.55 0.187511775 0.55 0.207563734375 0.5020091156250001 0.2734133296875 0.218705109375 0.21870276875 0.1810871421875 0.21707369999999998 0.15641685156250001 0.24740597968750003 0.16381552500000002 0.293259996875 0.14263636875000002 0.3304744484375 0 0.0051274781249999995 0
9 0.3890625 0.45078125 0.040625 0.0953125
0 0.4843925227096394 0.47017610425433815 0.07445760818516849 0.09336807063492074
3 0.5960156778603904 0.497747996603914 0.07627519970043757 0.0965932001845701
8 0.70625 0.509375 0.078125 0.08125
3 0.81953125 0.52421875 0.0734375 0.0515625
2 0.92890625 0.5375 0.0671875 0.025
2 0.2 0.775 0.3375 0.45
25 0.92734375 0.62265625 0.1453125 0.1453125
21 0.8609375 0.87890625 0.278125 0.2421875
10 0.88828125 0.7359375 0.2234375 0.21875
29 0.7578125 0.6171875 0.228125 0.134375
12 0.46796875 0.7796875 0.1984375 0.259375
20 0.6614972855865171 0.7205544409283879 0.3205987687959314 0.23348763263196837
17 0.5328125 0.64765625 0.328125 0.1953125