14 0.46875 0 0.4361734421875 0 0.38167611562500003 0.10898335625 0.2759655125 0.20304685312499998 0.1561699953125 0.24473319531249998 0.145930584375 0.268193009375 0.3601392765625 0.28529830624999997 0.46875 0.036457110937499995 0.46875 0
6 0.734375 0.14453125 0.53125 0.2890625
2 0.2775836396887996 0.5059528851886348 0.025223140606883375 0.023513909654926037
0 0.27402820499127145 0.5206327442231422 0.025350686364518184 0.025076409654925948
1 0.27047277029374345 0.5353126032576496 0.023278003333980023 0.01871714901126431
7 0.2669173355962153 0.549992462292157 0.027040732122152633 0.02674817029858776
3 0.3644134442404258 0.3470256354407364 0.026530549091614473 0.02049817029858776
4 0.3214931363548197 0.5263089438548251 0.028730777879787082 0.028419930942249483
6 0.3176188372632053 0.5448950528893326 0.028730777879787082 0.028419930942249483
9 0.3130270610504081 0.5626452816020091 0.025350686364518003 0.025076409654926034
5 0.306171283170621 0.5888799996710239 0.025350686364518184 0.025076409654925948
10 0.7081320090838558 0.49831607576613984 0.26186123970819625 0.31504511783658373
13 0.603125 0.84765625 0.26875 0.3046875
35 0.86328125 0.72421875 0.2734375 0.5296875
28 0.89609375 0.465625 0.2078125 0.296875