5 0.19453125 0.2296875 0.3890625 0.459375
30 0.765625 0.121875 0.46875 0.24375
13 0.52265625 0.23515625 0.2671875 0.4171875
17 0.89140625 0.39609375 0.2171875 0.1265625
24 0.96953125 0.26640625 0.0609375 0.2921875
0 0.19453125 0.7296875 0.3890625 0.540625
3 0.42578125 0.59453125 0.0734375 0.1109375
8 0.531403856004583 0.5669979296146185 0.09796733415618064 0.1162809230620141
3 0.6478289430105552 0.5353141313619798 0.08997299620027785 0.10828658510611114
2 0.76171875 0.5078125 0.0859375 0.096875
2 0.8984375 0.5 0.090625 0.08125