16 0.21484375 0.2796875 0.4296875 0.559375
2 0.8261506937191585 0.4428538744281255 0.019204641066226814 0.016061411094166544
2 0.7723701273426802 0.3298077073500352 0.019204641066226814 0.01606141109416672
2 0.7275326519532864 0.23182349581902822 0.019204641066226814 0.01606141109416672
9 0.8087131411327337 0.4510475809251394 0.02081260517284953 0.017660278685347208
9 0.7565178068095669 0.3372565314382296 0.02081260517284953 0.017660278685347208
9 0.7108763493668617 0.2400353861116324 0.024028533386094963 0.020858013867708358
1 0.8129172563347131 0.5215055512898616 0.01286371285298138 0.012790940729444422
2 0.7962609537482883 0.5297174415824657 0.024028533386094963 0.020858013867708358
1 0.7603869528903585 0.3654906342117713 0.01286371285298138 0.012790940729444422
0 0.7445346323572452 0.3729394582999658 0.024028533386094963 0.020858013867708358
5 0.4764642454476535 0.2627234312301391 0.024028533386094876 0.020858013867708358
2 0.21484375 0.7796875 0.4296875 0.440625
28 0.71484375 0.7796875 0.5703125 0.440625