14 0.55 0.0496284234375 0.4189386078125 0.0607919265625 0.41219914218750003 0.2003926296875 0.3390223484375 0.26845015 0.1973826890625 0.2070784890625 0.2309696203125 0.1703240015625 0.35257495625 0.1574553015625 0.379753853125 0.1036721625 0.20809954687499999 0.0150432390625 0.14368775312499998 0.0013860609374999999 0.11569864218749999 0.032014799999999996 0.14133078906250002 0.1001294125 0.0797547453125 0.1675126390625 0 0.1252776203125 0 0.386762221875 0.01184434375 0.38607376718749997 0.06262985 0.3425192359375 0.24547979999999997 0.418896665625 0.2719221609375 0.510165678125 0.55 0.2058625609375 0.55 0.0496284234375
10 0.2171875 0.98828125 0.153125 0.0234375
24 0.33828125 0.940625 0.1546875 0.11875
17 0.4568288591152839 0.840393263261328 0.1548180540475858 0.155836126022532
26 0.50078125 0.71640625 0.0984375 0.1453125
35 0.41647385402690135 0.7594100362225817 0.15473616689245623 0.154273626022532
21 0.39140625 0.67109375 0.1484375 0.1234375
27 0.31219578980255014 0.7485514410788621 0.13672979534115867 0.13814852084968265
30 0.2484375 0.92890625 0.15 0.1421875
14 0.12421875 0.928125 0.1578125 0.14375
18 0.126233956356322 0.8182548726573197 0.16139560266810493 0.16226798244902269
33 0.3140625 0.659375 0.14375 0.1
11 0.2296875 0.671875 0.18125 0.125
16 0.08957716135384759 0.7264250738318186 0.16295810266810493 0.16231344655564542
28 0.140625 0.66015625 0.16875 0.1015625
32 0.23104760911528394 0.8338236998543508 0.14651423111680745 0.1462338054894186
20 0.775 0.8046875 0.45 0.390625