26 0.2 0.3 0.4 0.6
17 0.57734375 0.5921875 0.0171875 0.015625
17 0.6581928163897337 0.34161710344286256 0.027040732122152633 0.025873019237293703
17 0.6803391412351033 0.25981403193598346 0.027040732122152543 0.025873019237293703
17 0.6388215788075693 0.1711136304847046 0.027040732122152543 0.025873019237293703
17 0.717870963205535 0.28060024708959314 0.027040732122152633 0.025873019237293703
17 0.99609375 0.45390625 0.0078125 0.0171875
17 0.955737625024246 0.30292914799271775 0.016900457576345396 0.016170637023308565
17 0.8946894572864814 0.022686087285611833 0.016900457576345396 0.016170637023308565
27 0.4982115227581311 0.4622321598887993 0.011830320303441732 0.011319445916316085
27 0.5230042286674864 0.4701091472749276 0.011830320303441689 0.011319445916316085
27 0.5804021404861973 0.48613594055883846 0.016900457576345396 0.016170637023308388
27 0.5541748671483381 0.3652505216843644 0.016900457576345396 0.016170637023308565
27 0.7577138106398579 0.5491964796663981 0.020153003333980023 0.017842264427970277
27 0.6072206345671435 0.2229836653310949 0.016900457576345396 0.016170637023308565
27 0.6033947775899231 0.023420174949741756 0.016900457576345396 0.016170637023308565
27 0.7671375106301594 0.2924479718618497 0.01014027454580706 0.00970238221398514
27 0.7492326624469307 0.2544296166897066 0.011830320303441865 0.011319445916316085
27 0.9334002394183323 0.3060442243089204 0.011830320303441865 0.011319445916316085
27 0.9005403288075694 0.18025305062512303 0.011830320303441689 0.011319445916316085
27 0.9803549877513422 0.29911466723001146 0.011830320303441689 0.011319445916316085
14 0.5039193888192074 0.47489585099579196 0.01546550333397989 0.01767857332097762
14 0.4668820323010287 0.3933631088003402 0.018718049091614432 0.01935020072563933
14 0.41583010214542854 0.2832961388374072 0.015465503333979846 0.01767857332097762
14 0.5278670718497455 0.4819643065307547 0.013775457576345396 0.01606150961864685
14 0.6210109071560967 0.5732465601589517 0.023915732122152634 0.02576389183263217
14 0.566004929575872 0.45291421279135696 0.020535640606883555 0.022529764427970278
14 0.66171875 0.59375 0.0234375 0.0125
14 0.6336385818516852 0.5370734471822605 0.023788186364518005 0.024201391832632167
14 0.611843459122649 0.48957096460545557 0.023915732122152634 0.02576389183263217
14 0.5466494095719927 0.349407266875041 0.023788186364518005 0.02420139183263199
14 0.72421875 0.59609375 0.0203125 0.0078125
14 0.78203125 0.596875 0.0203125 0.00625
14 0.7645217910950205 0.5657937026245559 0.020535640606883378 0.022529764427970278
14 0.5703108238065995 0.14301342313564325 0.020535640606883555 0.022529764427970278
14 0.6693220218400471 0.2298264315731638 0.020535640606883555 0.022529764427970278
14 0.5812327351662684 0.03822671941477891 0.023788186364518005 0.02420139183263199
14 0.8525479495797514 0.5657515518062493 0.020535640606883378 0.022529764427970278
14 0.7625772985118863 0.3701910259455337 0.020535640606883555 0.022529764427970278
14 0.6944655430518745 0.22291423266162286 0.023788186364518005 0.02420139183263199
14 0.6518478662302541 0.13028029935917865 0.023788186364518005 0.024201391832631813
14 0.6110477809239029 0.04082592975906518 0.020535640606883464 0.022529764427970278
14 0.7719365809336012 0.3035218811176768 0.013647911818710768 0.014499009618646853
14 0.712195305928752 0.17289687449425487 0.013775457576345218 0.01606150961864685
14 0.9426149691245888 0.5525372783926044 0.013775457576345218 0.01606150961864685
14 0.9238013251837254 0.5129291413692958 0.013775457576345396 0.01606150961864685
14 0.9180934591226491 0.5002654502623033 0.013775457576345218 0.01606150961864685
14 0.8479090206320992 0.3466840932760616 0.013775457576345396 0.01606150961864685
14 0.824296306387794 0.2960020469969259 0.013775457576345218 0.01606150961864685
14 0.817615871690266 0.2809673240387679 0.013775457576345218 0.01606150961864685
14 0.7474952060785333 0.12816721705252618 0.013775457576345218 0.01606150961864685
14 0.9398893554794086 0.31873519726707844 0.015465503333979846 0.01767857332097762
14 0.9011619532035955 0.23558539136929574 0.015465503333979846 0.01767857332097762
14 0.8518000688056298 0.12713548510869357 0.018718049091614473 0.01935020072563933
14 0.8263059901672382 0.07249262512722705 0.018718049091614473 0.01935020072563951
14 0.79609375 0.00703125 0.0140625 0.0140625
14 0.9053393991110111 0.1913269598809501 0.015465503333980024 0.01767857332097762
14 0.99609375 0.340625 0.0078125 0.015625
14 0.9756196903267178 0.2888220079741844 0.013775457576345396 0.01606150961864685
14 0.9901766557789708 0.22856655425332004 0.01690045757634522 0.016170637023308565
14 0.936143246835198 0.11060523873689068 0.013775457576345218 0.01606150961864685
14 0.99609375 0.1109375 0.0078125 0.015625
10 0.5314223776093197 0.5350620246795893 0.015465503333979846 0.01767857332097762
10 0.5534249233669543 0.5373884165122214 0.013775457576345396 0.01606150961864685
10 0.5380876104803782 0.33041173021455217 0.023788186364518005 0.02420139183263199
10 0.49644250229520975 0.24014882876327331 0.023788186364518005 0.02420139183263199
10 0.4641404432016557 0.16890874582364876 0.021970594849248924 0.021021828130301047
10 0.7153986359442694 0.5843328822988031 0.023788186364518005 0.024201391832632167
10 0.6534097215404847 0.3211954760382009 0.023788186364518005 0.02420139183263199
10 0.5436528578953045 0.08365578130301125 0.023788186364518005 0.02420139183263199
10 0.834375 0.5890625 0.025 0.021875
10 0.8067094200329743 0.5290947999921507 0.023788186364518005 0.024201391832632167
10 0.6598514269907982 0.20924111306150942 0.020535640606883555 0.022529764427970278
10 0.5671875 0.0109375 0.025 0.021875
10 0.7123703912351033 0.26093258783376594 0.020535640606883555 0.022529764427970278
10 0.9673285713907035 0.3781201209508758 0.013775457576345218 0.01606150961864685
10 0.93245975062822 0.2468056335647475 0.013775457576345396 0.01606150961864685
10 0.9698480513868242 0.2753770668671917 0.01690045757634522 0.016170637023308388
10 0.9720804889592902 0.18820444908117687 0.013775457576345218 0.01606150961864685
10 0.8859375 0.0046875 0.0125 0.009375
13 0.50994611927437 0.4914657921027844 0.018718049091614473 0.01935020072563951
13 0.5649682012467413 0.5642782987262063 0.016900457576345396 0.016170637023308388
13 0.7037756097314722 0.5660094682336526 0.027040732122152633 0.025873019237293703
13 0.5 0.00390625 0.028125 0.0078125
13 0.7352175730576935 0.3785838793035783 0.027040732122152633 0.025873019237293703
13 0.6017842222893908 0.08958088828925295 0.027040732122152543 0.025873019237293703
13 0.7793022839680187 0.41284231741534594 0.027040732122152633 0.025873019237293703
13 0.5875 0.00546875 0.028125 0.0109375
13 0.9458523130557538 0.33452388837407093 0.018718049091614473 0.01935020072563951
13 0.9425043013868242 0.2744222020764018 0.01690045757634522 0.016170637023308565
13 0.9560885692646716 0.24996783909971035 0.01690045757634522 0.016170637023308565
13 0.9413249544115434 0.12636664799271777 0.018718049091614473 0.01935020072563951
24 0.4450869095719927 0.3458606262235353 0.01546550333397989 0.01767857332097762
24 0.5983707615482434 0.5249355457309814 0.024043277879787085 0.02732639183263217
24 0.5110627248744646 0.3333631154237621 0.020790732122152544 0.025654764427970277
24 0.4260824627464931 0.1512202488188737 0.020790732122152544 0.025654764427970277
24 0.5750611941197395 0.4111632224100038 0.023788186364518005 0.02420139183263199
24 0.4290482239563807 0.09211806733052796 0.02053564060688351 0.022529764427970278
24 0.6242804598715551 0.2601934886520726 0.020535640606883555 0.022529764427970278
24 0.5862705347169247 0.17628971460545548 0.020790732122152634 0.025654764427970277
24 0.7830967057886692 0.478412753713015 0.024043277879787085 0.02732639183263217
24 0.7736261109394202 0.4578274352013608 0.020535640606883378 0.022529764427970278
24 0.7264644553296272 0.3572445926430894 0.024043277879787085 0.02732639183263199
24 0.6134710213810053 0.10868555235440347 0.020790732122152544 0.025654764427970277
24 0.8282177582142636 0.5158234736759482 0.024043277879787085 0.02732639183263217
24 0.7713304162399525 0.3915303126060225 0.020790732122152634 0.025654764427970277
24 0.6754605804745593 0.18096234563831431 0.020535640606883555 0.022529764427970278
24 0.754940528508007 0.2670933077966991 0.013647911818710768 0.014499009618646853
24 0.7254286295661737 0.20140382041057087 0.013647911818710768 0.014499009618646853
24 0.8582884112389827 0.3688591936388813 0.013775457576345396 0.01606150961864685
24 0.8802756262321939 0.1896726906436564 0.015465503333979846 0.01767857332097762
24 0.9848668866931755 0.3639311353788461 0.013775457576345218 0.01606150961864685
24 0.9630079910853221 0.3156474028020412 0.013775457576345218 0.01606150961864685
24 0.9509706345671436 0.23498767984388325 0.013775457576345218 0.01606150961864685
24 0.996875 0.25078125 0.00625 0.0140625
23 0.5578125 0.59375 0.015625 0.0125
23 0.518970303971898 0.5065823606144388 0.015465503333979846 0.01767857332097762
23 0.5723661130654522 0.5785590535355298 0.013775457576345396 0.01606150961864685
23 0.5411003954871672 0.5104712524470708 0.013775457576345396 0.01606150961864685
23 0.62890625 0.590625 0.0203125 0.01875
23 0.5199914436606976 0.290049625042409 0.020535640606883555 0.022529764427970278
23 0.41873260622831443 0.07072421696770821 0.023788186364518005 0.02420139183263199
23 0.40546875 0.0328125 0.0109375 0.021875
23 0.560967774714985 0.12399060462398896 0.023788186364518005 0.02420139183263199
23 0.8430773547305025 0.545166233294595 0.020535640606883378 0.022529764427970278
23 0.7446086774498402 0.3313914207733905 0.023788186364518005 0.02420139183263199
23 0.7188119677474629 0.18715034745241282 0.013647911818710768 0.014499009618646853
23 0.99375 0.4390625 0.0125 0.015625
23 0.9540952477532819 0.3496131750345598 0.013775457576345218 0.01606150961864685
23 0.803474525922933 0.02183786069925677 0.013775457576345218 0.01606150961864685
23 0.950683463205535 0.2887302387368907 0.015465503333980024 0.01767857332097762
23 0.9194177456272501 0.2206424376484315 0.013775457576345218 0.01606150961864685
23 0.9359197194144528 0.2033011702252364 0.013775457576345218 0.01606150961864685
23 0.9836237668390773 0.215094331295162 0.013775457576345218 0.01606150961864685
23 0.9304353807741217 0.09794154762989801 0.015465503333979846 0.01767857332097762
13 0.5477647257925485 0.5730258161494015 0.020535640606883555 0.022529764427970278
28 0.5381028123068478 0.5500967476377472 0.018718049091614473 0.019350200725639154
30 0.5255869657906088 0.5208358335725967 0.013775457576345396 0.01606150961864685
30 0.5476532844270607 0.5239434754052287 0.013775457576345396 0.01606150961864685
30 0.5880551438201771 0.5035416953681618 0.023788186364518005 0.024201391832632167
30 0.5481638542714604 0.4156771076192139 0.023788186364518005 0.02420139183263199
30 0.47354726517208745 0.18871281433530304 0.023788186364518005 0.02420139183263199
30 0.6149374107799407 0.24117067014041832 0.020535640606883555 0.022529764427970278
30 0.5115421174382021 0.014759448363386695 0.020535640606883555 0.022529764427970278
30 0.59446605880369 0.0667336653310949 0.020535640606883555 0.022529764427970278
30 0.8187471633650146 0.4952381551642938 0.020535640606883378 0.022529764427970278
30 0.6299889706224009 0.08199656678237374 0.020535640606883555 0.022529764427970278
30 0.8628160277591009 0.5006721888295578 0.013647911818710768 0.014499009618646853
30 0.8640600501788762 0.3823041347458739 0.013775457576345218 0.01606150961864685
30 0.9607119095719927 0.3638666479927178 0.013775457576345396 0.01606150961864685
30 0.9251893845671436 0.23408737875542407 0.013775457576345218 0.01606150961864685
30 0.9494403433514369 0.13989343465320667 0.013775457576345218 0.01606150961864685
28 0.4934124524546893 0.4511582506329722 0.01546550333397989 0.01767857332097762
28 0.5599778123068477 0.5508606394703793 0.016900457576345396 0.016170637023308388
28 0.5183327041216793 0.46059773801910053 0.013775457576345396 0.01606150961864685
28 0.5745029557886692 0.47112849945184576 0.023788186364518005 0.024201391832632167
28 0.538820805179846 0.3966542891075596 0.023788186364518005 0.02420139183263199
28 0.4346442618381075 0.1702157854793625 0.023788186364518005 0.02420139183263199
28 0.5939386109394202 0.4515526094333122 0.023788186364518005 0.024201391832632167
28 0.5265930325908929 0.04644595798203355 0.020535640606883555 0.022529764427970278
28 0.7523892265414546 0.35035967558271397 0.023788186364518005 0.02420139183263199
28 0.6386145425928326 0.10177335344286256 0.021970594849248924 0.021021828130301047
28 0.9084953185157655 0.4781176317506489 0.013775457576345396 0.01606150961864685
28 0.8080815039621998 0.2596007555271136 0.013775457576345218 0.01606150961864685
28 0.7417235671386397 0.1147222759455337 0.01690045757634522 0.016170637023308565
28 0.9286649419937077 0.2957515650530932 0.013775457576345396 0.01606150961864685
28 0.8205343512273446 0.059047684020234484 0.01690045757634522 0.016170637023308565
28 0.9374501395681133 0.26022329282057466 0.013775457576345396 0.01606150961864685
28 0.8957412585041276 0.16917914136929585 0.013775457576345218 0.01606150961864685
28 0.9581296882006859 0.16045147131369547 0.013647911818710768 0.014499009618646853
28 0.9200559901672382 0.07576644726707835 0.013775457576345396 0.01606150961864685
32 0.47375378563500864 0.41074158175849823 0.022480777879787084 0.027271828130301046
11 0.45870287048231795 0.3790550721398514 0.018718049091614432 0.01935020072563951
11 0.4078125 0.26796875 0.015625 0.0203125
11 0.658193461079503 0.15075649046617112 0.027040732122152633 0.025873019237293703
11 0.8937640413848845 0.22130463655997232 0.018718049091614473 0.01935020072563951
11 0.8435571341081015 0.11204619844820476 0.01690045757634522 0.016170637023308565
11 0.9845641266912357 0.3125050446346732 0.016900457576345396 0.016170637023308565
15 0.45208620866360716 0.36480159918169336 0.01690045757634535 0.016170637023308565
15 0.7588945759326314 0.2773586852013608 0.016645366061076316 0.013045637023308566
15 0.8872111524449909 0.20783241360181437 0.016645366061076316 0.013045637023308566
15 0.9921875 0.3296875 0.015625 0.0125
21 0.449232275633069 0.358469753628197 0.014827774545807238 0.009866073320977619
21 0.4553075771405794 0.1561359273119945 0.019642820303441777 0.011592264427970279
21 0.41015625 0.05625 0.0203125 0.0125
21 0.5347562189554109 0.07010171279135698 0.019642820303441777 0.011592264427970279
21 0.7544138542714605 0.42287951632688686 0.01639027454580706 0.009920637023308565
21 0.5848519427426137 0.05393356496827524 0.016390274545807236 0.009920637023308565
21 0.8843572194144528 0.20150056804831812 0.01482777454580706 0.009866073320977619
21 0.9649376686558485 0.17704869427185344 0.013137728788172608 0.008249009618646852
32 0.4374976791168301 0.329236121414212 0.01728309484924897 0.020858137023308566
32 0.40703125 0.0984375 0.0140625 0.03125
32 0.6726060027542518 0.3654911130615094 0.027550915152690703 0.0321230192372937
32 0.7027241953276876 0.3050000463639537 0.024425915152690703 0.032013891832631994
32 0.7899689748744646 0.3431027362898199 0.015720594849248926 0.02080357332097762
32 0.9311992370024361 0.5272098961786191 0.017283094849248927 0.02085813702330839
32 0.8317579910853221 0.31106405180624935 0.017283094849248927 0.020858137023308566
32 0.8726226228982139 0.172266935834333 0.017283094849248927 0.020858137023308566
32 0.9435089498696154 0.21992567503455981 0.017283094849248927 0.020858137023308566
32 0.9096765995603547 0.05359134690425869 0.015465503333980024 0.01767857332097762
32 0.4235468783582258 0.30148314364673057 0.022608323637421622 0.028834328130301047
13 0.403125 0.24375 0.00625 0.01875
18 0.5243281283582257 0.3050025024470707 0.019642820303441687 0.011592264427970279
18 0.4514173025947722 0.14665179990733276 0.021332866061076317 0.013209328130301045
18 0.40859375 0.0484375 0.0171875 0.0125
18 0.5464270425928326 0.09855409500534211 0.01808032030344169 0.011537700725639333
18 0.6926636691148904 0.28673119600113406 0.021332866061076317 0.013209328130301045
18 0.86640625 0.5984375 0.0203125 0.003125
18 0.7963621092724302 0.4500521407363237 0.021332866061076317 0.013209328130301401
18 0.7828261545710229 0.33194698148049645 0.014827774545807238 0.009866073320977619
18 0.7418985235070371 0.24093011188038319 0.01482777454580706 0.009866073320977619
18 0.756375869564234 0.15106900371301507 0.014827774545807238 0.009866073320977619
18 0.8143003266815374 0.04948171106207653 0.014827774545807238 0.009866073320977619
18 0.996875 0.35 0.00625 0.009375
18 0.9735632406262802 0.19682548093234226 0.01482777454580706 0.009866073320977619
18 0.9024700063780957 0.04165434209493526 0.014827774545807238 0.009866073320977619
16 0.5220958197237136 0.3540029976377473 0.027040732122152633 0.025873019237293703
16 0.5136458488114487 0.26957343393541644 0.027168277879787085 0.027435519237293704
16 0.7941298006379182 0.49905263592700033 0.027040732122152633 0.025873019237293703
16 0.765654243211354 0.4365154303920374 0.027040732122152633 0.025873019237293703
16 0.8117174606204612 0.03692714735974563 0.018718049091614473 0.01935020072563942
13 0.5337662565472735 0.4969717476377472 0.016900457576345396 0.016170637023308388
34 0.6055616371522173 0.4698760234984629 0.027040732122152543 0.025873019237293703
34 0.4445615247149851 0.1199256088003402 0.027040732122152543 0.025873019237293703
34 0.6359034860843523 0.27851690271722324 0.023788186364518005 0.02420139183263199
12 0.6068687877610406 0.5431498323914703 0.023788186364518005 0.024201391832632167
12 0.5617003247246835 0.3810937764936878 0.020663186364518006 0.02409226442797028
12 0.717711337601561 0.3359053059826006 0.020535640606883555 0.022529764427970278
12 0.6512896278991838 0.1902455764010206 0.020535640606883464 0.022529764427970278
19 0.5549080618478058 0.43149308057737185 0.024712957576345396 0.016443455534962938
19 0.9678070613887637 0.32672131205786836 0.016390274545807236 0.009920637023308565
29 0.5313591204823179 0.38159228429823616 0.023278003333979846 0.01795139183263199
29 0.5020385401769365 0.31824654691210785 0.020153003333979846 0.017842264427970277
29 0.6492634529137312 0.5757912068009071 0.020153003333979846 0.017842264427970277
29 0.5819967203325367 0.42932294536816185 0.023278003333979846 0.017951391832631815
29 0.5298446757828502 0.31532244355406325 0.020153003333979846 0.017842264427970277
29 0.44837205092778226 0.13797620435383653 0.02015300333397989 0.017842264427970277
29 0.6436042868429566 0.3060516256753812 0.020153003333979846 0.017842264427970277
29 0.5771825771405794 0.1603918960938012 0.020153003333979846 0.017842264427970277
29 0.5526610671386397 0.10812006796350015 0.020153003333979846 0.017842264427970277
29 0.518413870772182 0.032137921321544735 0.020153003333979846 0.017842264427970277
29 0.8260970198831931 0.5757341870154594 0.020153003333980023 0.017842264427970277
29 0.6886458488114486 0.2756845685964723 0.020153003333979846 0.017842264427970277
29 0.86328125 0.59296875 0.0203125 0.0140625
29 0.8586384529137312 0.5831027429132419 0.020153003333979846 0.017842264427970277
29 0.8112217057886693 0.4793949003549704 0.020153003333979846 0.017842264427970277
29 0.7923442889689886 0.4390055133316618 0.01833541181871077 0.014662700725639155
29 0.731757991085322 0.30757197485707455 0.020153003333980023 0.017842264427970277
29 0.6815510838085392 0.19831353674530688 0.020153003333979846 0.017842264427970277
29 0.7806896986616675 0.3248611677781657 0.015082866061076316 0.01299107332097762
29 0.7768631969946775 0.31615829037350396 0.015082866061076316 0.01299107332097762
29 0.9362533988211471 0.5414088054344465 0.015082866061076316 0.01299107332097762
29 0.9116043430615728 0.4875744773041452 0.015082866061076316 0.01299107332097762
29 0.8519268409355408 0.35773072068072337 0.015082866061076316 0.01299107332097762
29 0.8113180742656414 0.2706201010806099 0.015082866061076316 0.01299107332097762
29 0.9905747527542517 0.3765948264858386 0.015082866061076316 0.01299107332097762
29 0.99296875 0.2390625 0.0140625 0.0125
29 0.9788246965356355 0.2040204220393349 0.014955320303441688 0.01142857332097762
29 0.9535857094125131 0.1525025620578683 0.015082866061076316 0.01299107332097762
29 0.92485506047068 0.08684035652290553 0.014955320303441866 0.01142857332097762
29 0.8995523004687402 0.034541246541438975 0.015082866061076316 0.012991073320977709
20 0.4500778142637018 0.20658979509800934 0.027040732122152543 0.025873019237293703
20 0.6172802582142636 0.5084573738612826 0.027040732122152633 0.025873019237293703
20 0.7517043450184268 0.141557594457188 0.01690045757634522 0.016170637023308565
20 0.9617964353257479 0.26263153020670293 0.016900457576345396 0.016170637023308565
18 0.413231776381975 0.12740080290255767 0.019642820303441732 0.011592264427970279
25 0.5980848795661737 0.1969568786706061 0.023788186364518005 0.02420139183263199
25 0.6220171028943347 0.06068456197305032 0.027040732122152543 0.025873019237293703
17 0.6399841767009341 0.557549638289253 0.027040732122152633 0.025873019237293703
26 0.48529783714251906 0.20859872840045357 0.027040732122152543 0.025873019237293703
31 0.7731473630654522 0.5855704892850448 0.020535640606883378 0.022529764427970278
10 0.7431730785177052 0.523759970047751 0.028858323637421534 0.029052582939624472
28 0.7318848921531872 0.49999508783376606 0.027168277879787085 0.027435519237293704
28 0.7214417286674865 0.4770387374709463 0.027168277879787085 0.027435519237293704
30 0.7109985651817857 0.45408238710812654 0.028985869395056162 0.03061508293962447
22 0.6977014686655468 0.42479419119181056 0.03105855242559432 0.03691964664195542
14 0.6854407136645769 0.39865827712666 0.023788186364518005 0.02420139183263199
14 0.819942743670396 0.5576017459084668 0.023788186364518182 0.024201391832632167
14 0.7508584195739324 0.40795392077339054 0.020535640606883378 0.022529764427970278
22 0.6248867535031577 0.13401293456838861 0.02624350666795978 0.035193455534962934
31 0.7038085921434889 0.24193705117327716 0.020535640606883555 0.022529764427970278
3 0.903125 0.5921875 0.01875 0.015625
10 0.8944643826102896 0.5734474899180171 0.018845594849248925 0.020912700725639156
22 0.8866200606398579 0.5536979851086936 0.020535640606883378 0.022529764427969924
10 0.8679339624566289 0.515652348085385 0.018718049091614473 0.019350200725639154
16 0.8584793430615727 0.4857193114248961 0.01690045757634522 0.016170637023308388
29 0.7968407282084445 0.36048120924797794 0.018718049091614473 0.01935020072563951
25 0.7371632260824127 0.2306374526245559 0.018718049091614473 0.01935020072563951
17 0.7305465642637018 0.21638397966639794 0.016900457576345396 0.016170637023308565
27 0.9485141538221168 0.567544719499597 0.018718049091614473 0.01935020072563951
26 0.8708680306340387 0.39890135770403184 0.023788186364518005 0.02420139183263199
29 0.8369396986616675 0.32682546106207644 0.016900457576345396 0.016170637023308565
4 0.7781072194144528 0.1977902362898199 0.018718049091614473 0.01935020072563951
4 0.7705817618381074 0.18194698148049646 0.018718049091614473 0.01935020072563951
21 0.7610473941100413 0.16058041296884226 0.016900457576345396 0.016170637023308388
13 0.9837346924527497 0.41686516242068805 0.020535640606883555 0.022529764427970278
28 0.9732277560882316 0.3931275620578683 0.018718049091614473 0.01935020072563951
32 0.9089425022952098 0.2545536461786192 0.022608323637421535 0.028834328130301047
32 0.8587355950184268 0.14529520806685153 0.022608323637421535 0.028834328130301047
13 0.8322051748647663 0.08750006623421953 0.018718049091614473 0.01935020072563951
16 0.9953125 0.39375 0.009375 0.015625
13 0.9111748109297219 0.2055531509879427 0.01690045757634522 0.016170637023308565
27 0.2 0.8 0.4 0.4
18 1 0.7927611578125 0.63096735625 0.925698134375 0.5532800890624999 0.9446454375 0.5167941625 0.9216365875000001 0.48088489531250006 0.8622677953125001 0.4438223078125 0.8756188843749999 0.5009550328125 1 0.7257808859375 1 1 0.9012177906249998 1 0.7927611578125