19 0.16953125 0.31484375 0.3390625 0.6296875
35 0.425 0.25859375 0.171875 0.5171875
12 0.48125 0.278125 0.284375 0.55625
2 0.5546875 0.296875 0.409375 0.59375
31 0.65546875 0.31484375 0.4296875 0.6296875
14 0.76015625 0.31484375 0.4234375 0.6296875
13 0.85078125 0.31484375 0.2984375 0.6296875
25 0.89453125 0.31484375 0.2109375 0.6296875
18 0.3390625 0.6435240046875 0.247896028125 0.6678005953125 0.2594188984375 0.705917184375 0.190885328125 0.7308714265624999 0.108085384375 0.8180498703125 0.034805492187499995 0.8327745171875 0.049044465625 0.8634633062500001 0 0.8944448484375 0 0.9914500296875 0.2200217421875 0.86007679375 0.285180740625 0.7747225609375 0.3390625 0.7502340046875 0.3390625 0.6435240046875
8 0.40546875 0.665625 0.1328125 0.071875
8 0.515625 0.68203125 0.159375 0.1046875
3 0.64140625 0.70234375 0.1640625 0.1453125
5 0.7664708036203478 0.7219548144014578 0.14780756134007814 0.16424695079743062
0 0.8868304328391081 0.7652846274717355 0.15767363466105594 0.1785276563445141
4 0.96875 0.81171875 0.0625 0.1671875