25 0 0 0 0.30083911093750004 0.22556391874999998 0.2715034140625 0.30340478125 0.1917342109375 0.30062898437499996 0.0733811015625 0.259662990625 0 0 0
35 0.725 0.21484375 0.55 0.4296875
5 0.011704951421187808 0.6442396560601736 0.01732720234403846 0.026926175911805572
3 0.029773830970837134 0.6422589287615972 0.015664572794389132 0.025327308320625
2 0.043055080970837135 0.6419498042365624 0.015564443244739823 0.023764808320624997
2 0.1700180991694344 0.6327540293509373 0.01722707279438911 0.02536367591180557
2 0.03451949259874436 0.5438577963527778 0.02085272054263574 0.03324891109416672
2 0.22340151989664028 0.5301005016155206 0.022415220542635693 0.03328527868534721
2 0.23985783467146496 0.5289373919081248 0.022415220542635693 0.03328527868534721
9 0.11039277529531111 0.6380422478157984 0.018789572794389107 0.02540004350298606
0 0.18334941394425908 0.6316636548259027 0.01732720234403846 0.026926175911805572
1 0.1958494139442591 0.6313727140964581 0.015664572794389108 0.025327308320625
1 0.01015625 0.5453125 0.0203125 0.034375
9 0.052588372148393694 0.5418770690542013 0.022415220542635738 0.03328527868534721
9 0.19918276989664027 0.5306641992788192 0.023977720542635694 0.03332164627652778
0 0.06904468692321834 0.5407139593468054 0.02387759099298643 0.03175914627652778
8 0.2571454642211143 0.5269748484051386 0.022315090992986432 0.03172277868534725
8 0.20918072871908375 0.6302823395714234 0.01722707279438911 0.02536367591180557
10 0.571875 0.90234375 0.24375 0.1953125