10 0.2796875 0.26484375 0.559375 0.5296875
2 0.98828125 0.00546875 0.0203125 0.0109375
2 0.99765625 0.02890625 0.0046875 0.0234375
0 0.9921875 0.0140625 0.015625 0.025
1 0.9340732167218171 0.02206718322690939 0.02066705600635448 0.020785278685347252
1 0.941653891640739 0.03516659527100661 0.02225682954530477 0.022384146276527784
1 0.6130771038983293 0.20290548803215272 0.0190772824674041 0.019186411094166723
2 0.7486895012211112 0.3973250224170831 0.025436376623205435 0.025581881458888844
7 0.5953125 0.52578125 0.021875 0.0078125
1 0.5339680767059309 0.5625382211272216 0.03338524431795733 0.03357621941479172
0 0.54296875 0.58046875 0.0328125 0.0390625
0 0.55078125 0.60078125 0.0171875 0.0359375
2 0.1640625 0.53515625 0.021875 0.0109375
0 0.1734375 0.5421875 0.025 0.025
2 0.22977368019722313 0.720338416225069 0.02543637662320535 0.025581881458888935
1 0.0984375 0.5375 0.021875 0.015625
8 0.23964355803824464 0.7365082768823954 0.028588650162155817 0.027217116641249994
8 0.2503492329571667 0.7495349537441315 0.028588650162155817 0.027217116641249994
22 0.7796875 0.76484375 0.440625 0.4703125