24 0.5890625 0 0 0 0 0.459375 0.381177578125 0.459375 0.39578899375 0.454270634375 0.5885935859375 0.3093374375 0.5890625 0.3086699359375 0.5890625 0
34 0.79453125 0.2296875 0.4109375 0.459375
2 0.47606620122116683 0.5289820452339591 0.02863845222957302 0.02999658267027261
7 0.524793278324689 0.5354405832272776 0.028747712873234833 0.03155908267027261
0 0.49225392993384337 0.5319161412317319 0.028747712873234833 0.03155908267027261
0 0.00703125 0.584375 0.0140625 0.03125
0 0.07273484352404172 0.9161762466184113 0.028747712873234653 0.03155908267027261
0 0.08897720255854909 0.9183290926161842 0.028747712873234653 0.03155908267027243
0 0.10443831159305646 0.9204910292807297 0.028747712873234653 0.03155908267027243
1 0.5070430496120124 0.5325246685630503 0.025404191585911208 0.028397720003181703
1 0.04639086481136516 0.9133603292886839 0.025404191585911208 0.028397720003181703
17 1 0.89652864375 0.9197077437499999 0.8502784546875001 0.8679854718750001 0.849465584375 0.6418663625 0.9108080765625001 0.8906635015625 0.6161956921875 0.9449055546875 0.5910896859375 0.9515896500000001 0.575619646875 0.9215642 0.564764375 0.70048465625 0.5742691109375 0.6904585125 0.5974741703124999 0.753851459375 0.6114496984375 0.741305534375 0.6605736328124999 0.5890625 0.8385087500000001 0.5890625 0.9974989531249999 0.7486529546874999 0.9046987999999999 0.822072046875 0.895469265625 0.8746165843749999 0.91446599375 0.8322224031250001 1 0.9523120953124999 1 1 0.9045210140624999 1 0.89652864375