25 0.4296875 0 0.141980140625 0 0.10927689375 0.01843965 0.046963203125000005 0.12772962968749998 0.0658131125 0.2853749359375 0.1536472625 0.3727505625 0.1788662375 0.3796875 0.37095715 0.3796875 0.4296875 0.36893232343750004 0.4296875 0
18 0.59921875 0.36015625 0.2015625 0.0390625
14 0.5694030490048148 0.2395296383729936 0.21992300992479744 0.17547728714217126
32 0.5203125 0.0609375 0.18125 0.121875
21 0.96640625 0.303125 0.0671875 0.153125
0 0.38046875 0.7640625 0.0984375 0.171875
1 0.2878234092200625 0.7769737906434343 0.13711050992479734 0.169202131123531
7 0.1637502084342742 0.7895115246713946 0.13696496071058561 0.166077131123531
7 0.05703125 0.8 0.1140625 0.184375
2 0.9703125 0.6609375 0.059375 0.15
0 0.8750151941662505 0.6699802746713946 0.11599748924663303 0.1504754419114116
3 0.7490883949520388 0.6763864078695181 0.12751718610347992 0.16380423610255282
5 0.6241975568626976 0.68820209148256 0.12566358767505648 0.15743583693238977
6 0.5000515814698034 0.6991773255105205 0.1226841368892682 0.1603240385920639