24 0 0 0 0.61875 0.38981165624999997 0.61875 0.5 0.4138424203125 0.5 0.1230495921875 0.489547159375 0.0726476859375 0.43907916875 0 0 0
18 1 0.048516910937500005 0.522542640625 0.40168778125 0.5 0.40213492500000003 0.5 0.5360097296874999 0.561033940625 0.61875 0.6076158796875 0.61875 0.579992828125 0.5482704796875 0.5996680125 0.512708246875 1 0.2165863140625 1 0.048516910937500005
17 0.25 0.809375 0.5 0.38125
0 0.6846735619551703 0.8347695219129637 0.04554884933607006 0.044589330066018104
1 0.6610678903121974 0.8079137874643525 0.05181703005422929 0.048261134213055355
2 0.696469580007347 0.8470255141372693 0.04396816861791084 0.04132762902925933
2 0.672868453543914 0.8209510296886581 0.048673849336070066 0.044862732139537086
6 0.71851275165032 0.8740179496226397 0.05182612041330899 0.04982363421305536
4 0.5662735407797357 0.9053150507066672 0.04396816861791084 0.04132762902925933
2 0.5521201371889395 0.8909203600375004 0.050254530054229286 0.04812443317629622
1 0.5772883088319124 0.9176393934493522 0.048673849336070066 0.044862732139537086
1 0.5379394625209044 0.8718381693683337 0.0518261204133089 0.04982363421305536