10 0.21953125 0.14453125 0.4390625 0.2890625
12 0.5328125 0.1703125 0.1875 0.2375
35 0.61171875 0.14453125 0.3265625 0.2890625
31 0.828125 0.14140625 0.340625 0.2828125
4 0.91640625 0.09375 0.1671875 0.1875
15 0.07890625 0.87890625 0.1578125 0.2046875
16 0.2665126534606845 0.7820116545360205 0.3101106893872284 0.3001192403647444
17 0.40703125 0.621875 0.0640625 0.303125
22 0.37734375 0.434375 0.1234375 0.290625
21 0.19646667104097287 0.5885837186500925 0.32729818938722843 0.3013211074450236
27 0.3234375 0.3453125 0.23125 0.1125
26 0.14140625 0.4109375 0.2828125 0.24375
6 0.49921875 0.66171875 0.1203125 0.1890625
5 0.6082819578995928 0.5950629476148706 0.14927571406423076 0.1690991972858944
7 0.7349934546603902 0.5232047370874244 0.15788925046142524 0.1821455005042031
0 0.8681051457456619 0.4485657339853312 0.1525008436138801 0.17088021857321783
1 0.95859375 0.3890625 0.0828125 0.159375