22 0.2 0.31953125 0.4 0.6390625
23 0.7 0.31953125 0.6 0.6390625
15 0.2515625 0.70859375 0.296875 0.1390625
34 0.21484375 0.7859375 0.3703125 0.29375
0 0.18984375 0.86328125 0.3796875 0.2734375
3 0.6963178344405211 0.8965658274324984 0.023983013867708357 0.025076409654926034
5 0.8552713410900349 0.699210590169847 0.017442073138263937 0.012139367080279096
0 0.7578729302802085 0.8852187820078598 0.023983013867708357 0.025076409654925948
2 0.7480985399876044 0.9023352261916611 0.023983013867708357 0.025076409654926034
5 0.7391053996950003 0.9193970400536315 0.023946646276527872 0.023513909654926037
1 0.725606597358299 0.9445991358465872 0.023946646276527872 0.023513909654926037