13 0.25 0.2390625 0.5 0.440625
4 0.059375 0.4859375 0.11875 0.053125
8 0.0578125 0.57109375 0.115625 0.1359375
0 0.0609375 0.70234375 0.121875 0.1390625
3 0.059375 0.83125 0.11875 0.125
9 0.06015625 0.9453125 0.1203125 0.109375
4 0.58203125 0.4984375 0.1640625 0.078125
5 0.6313120313030113 0.5806453825617979 0.17834823320977708 0.1547825790974334
6 0.691036750084818 0.6979925081657719 0.16390378729346117 0.1426971672787226
7 0.7459921233131285 0.8133785210426495 0.1688095421027846 0.1493298045516262
5 0.8016741828391082 0.9271382610407098 0.1525843413771451 0.130866846975281
5 0.85078125 0.98515625 0.1640625 0.0296875