10 0.31484375 0.2046875 0.6296875 0.409375
13 0.81484375 0.2109375 0.3703125 0.396875
3 0.2015625 0.46953125 0.175 0.1203125
7 0.24206691203121614 0.5790492589424151 0.19141065128862406 0.1757776573089706
5 0.2745374960432711 0.7073337476836482 0.19453565128862388 0.17597791640826924
2 0.32234647501237196 0.8420882819213744 0.1882037641334943 0.174014898209672
8 0.36015625 0.94140625 0.1921875 0.1171875
1 0.77421875 0.4125 0.0265625 0.00625
3 0.78359375 0.42109375 0.0296875 0.0234375
9 0.8076686578473445 0.4629281153562217 0.0294351944820761 0.02680233189368777
0 0.8168013184082227 0.48311020742894223 0.0294351944820761 0.026802331893687813
0 0.8239996647447496 0.4953296051771888 0.0294351944820761 0.026802331893687813