32 0.284375 0.184375 0.56875 0.36875
24 0.56875 0 0.56875 0.36875 1 0.36875 1 0.085850659375 0.9243596515625001 0.0068086546875 0.9086910078124999 0 0.56875 0
3 0.0609375 0.72109375 0.121875 0.1640625
2 0.2324122110795031 0.6381419313504781 0.14515248758216437 0.176425566996892
6 0.4236433757731518 0.5406183062480342 0.14945735030926066 0.17195639081820957
10 0.871875 0.41875 0.2 0.1
11 0.95546875 0.4296875 0.0890625 0.121875
16 0.7608247692549733 0.5324485111676518 0.20248675546001182 0.1541910020669146
17 0.90390625 0.5453125 0.1921875 0.165625
18 0.95859375 0.56796875 0.0828125 0.1671875
31 0.9765625 0.828125 0.046875 0.171875
24 0.934375 0.6859375 0.13125 0.146875
23 0.8312642992607924 0.684443350704735 0.21093698424818444 0.16236737510244392
22 0.6765625 0.6578125 0.215625 0.16875
28 0.64375 0.79296875 0.15 0.1796875
29 0.7610151853257479 0.8037798556671337 0.1958541181871082 0.14921240363849114
30 0.90546875 0.8125 0.1890625 0.159375
34 0.7421875 0.9390625 0.15 0.121875
35 0.88125 0.93828125 0.2375 0.1234375