23 0.159375 0.2296875 0.31875 0.459375
1 0.3421875 0.06171875 0.046875 0.1234375
3 0.440625 0.0921875 0.18125 0.184375
3 0.3953125 0.28671875 0.153125 0.1734375
4 0.3703125 0.4171875 0.103125 0.084375
5 0.5987706134106972 0.12941212605389935 0.18770579715018093 0.18903276206571756
5 0.5463029534156459 0.31216262786799787 0.1877876843053107 0.19059526206571764
6 0.49140625 0.43359375 0.1890625 0.0515625
7 0.7531781524202776 0.15911200582081375 0.18984150723608922 0.20002482576804842
7 0.7044939116925318 0.3440698483790851 0.18671650723608924 0.19991569836338668
9 0.91015625 0.18359375 0.1796875 0.1890625
9 0.859375 0.37109375 0.18125 0.1765625
31 0.159375 0.7296875 0.31875 0.540625
1 0.5653273496158872 0.5490674055428121 0.020967597241038048 0.013209328130301134
3 0.5638091152197194 0.5631571873939775 0.022857645861557075 0.01951389183263199
2 0.5559623156946893 0.5938441922033009 0.022857645861556985 0.01951389183263199
2 0.5495961290145294 0.6260391333102935 0.022857645861557075 0.01951389183263199
0 0.5535809441433918 0.6095237559056318 0.022857645861557075 0.01951389183263199
0 0.545611313885667 0.6425545107149552 0.022857645861557075 0.01951389183263199
2 0.6398836143152083 0.5846750341286001 0.022857645861557075 0.01951389183263199
1 0.6368028799190405 0.5988193796820964 0.021131371551297563 0.016334328130301133
5 0.5888689116925319 0.828980594835706 0.022857645861557075 0.01951389183263199
8 0.5855834594085397 0.8470311903892025 0.023021420171816586 0.022638891832631992
8 0.5815167571245476 0.865109067793864 0.022857645861557075 0.01951389183263199
1 0.7193232943251059 0.9437375208817562 0.020885710085908293 0.011646828130301046
3 0.7154613099289382 0.9579091482864179 0.022857645861557075 0.01951389183263199
2 0.708395760403908 0.9885688712445759 0.022857645861557075 0.01951389183263199
0 0.7046875 0.996875 0.021875 0.00625
2 0.9120761968569251 0.5244815454765275 0.022857645861557075 0.01951389183263199
0 0.9080913817280628 0.5409969228811893 0.022857645861557075 0.01951389183263199
1 0.90505159090946 0.5543600184346855 0.020967597241038048 0.013209328130301134
5 0.9027111629357274 0.5692583321370164 0.022857645861557075 0.01951389183263199
1 0.9424221161242305 0.5257613032810757 0.020885710085908293 0.011646828130301134
0 0.940081688150498 0.5406596169834066 0.022857645861557075 0.01951389183263199
1 0.9798944606517352 0.5844988970204735 0.01776071008590847 0.011537700725639422
1 0.9672761154468621 0.9740698285088193 0.020885710085908116 0.011646828130301046
3 0.9625919374731294 0.9890499877646464 0.022857645861557075 0.01951389183263199