31 0.24453125 0.1796875 0.4890625 0.359375
1 0.6120012287826428 0.10460607547358944 0.19568386760421674 0.17793303667377874
2 0.6046875 0.28046875 0.221875 0.1578125
0 0.40625 0.42109375 0.165625 0.1234375
1 0.38203125 0.51484375 0.2140625 0.1984375
2 0.34765625 0.6796875 0.2828125 0.253125
3 0.328125 0.84609375 0.321875 0.2359375
4 0.278125 0.940625 0.328125 0.11875
6 0.09765625 0.41484375 0.1953125 0.1109375
7 0.06953125 0.50625 0.1390625 0.246875
8 0.04375 0.6765625 0.0875 0.24375
27 0.93671875 0.528125 0.1265625 0.3375
21 0.92421875 0.6890625 0.1515625 0.48125
23 0.5921875 0.5953125 0.20625 0.4
33 0.809375 0.51328125 0.3125 0.3078125