13 0.26484375 0.1796875 0.5296875 0.359375
33 0.76484375 0.1796875 0.4703125 0.359375
35 0.10078125 0.6765625 0.2015625 0.271875
23 0.2442571506996453 0.5039087723173366 0.21922868778015675 0.2386706635169964
34 0.38203125 0.46484375 0.2046875 0.2109375
13 0.46796875 0.42109375 0.1234375 0.1234375
18 0.33771398251552975 0.5978894400106842 0.21123433135366607 0.2321478450053421
27 0.1328125 0.89609375 0.228125 0.2078125
31 0.2211987692668369 0.758831885294028 0.20434783386094857 0.2100545901960187
22 0.2765625 0.9390625 0.19375 0.121875
30 0.3517751678549111 0.8134425181409852 0.21633100831327035 0.2463740361123346
15 0.44375 0.66328125 0.171875 0.1984375
21 0.4953125 0.51328125 0.06875 0.2140625
29 0.49453125 0.6171875 0.0703125 0.2
33 0.4375 0.915625 0.184375 0.16875
24 0.4890625 0.77890625 0.08125 0.2140625
9 0.75546875 0.690625 0.4515625 0.61875