33 0.29453125 0.09453125 0.5890625 0.1890625
17 0.79453125 0.09453125 0.4109375 0.1890625
16 0.2203125 0.88515625 0.25625 0.2296875
33 0.32410723101945116 0.74453125 0.26481844710093283 0.28125
13 0.4323993312029778 0.5515625 0.28604099971765146 0.296875
31 0.4921875 0.3453125 0.19375 0.28125
24 0.3005746656014889 0.35390625 0.2372702997741211 0.2375
17 0.21637251280124378 0.53125 0.2459018471291677 0.2515625
23 0.1234375 0.72890625 0.246875 0.2671875
20 0.08203125 0.89140625 0.1640625 0.2171875
28 0.5578125 0.48359375 0.0625 0.3015625
19 0.515625 0.73671875 0.146875 0.2546875
12 0.43671875 0.8875 0.3046875 0.225
4 0.7203125 0.46875 0.2625 0.38125
8 0.8609023047534443 0.5609375 0.2587196365211195 0.3375