21 0.225 0.32421875 0.45 0.4890625
1 0.7698827914671067 0.4017364248647663 0.23557492739850955 0.22538186364518023
2 0.840625 0.46640625 0.28125 0.2046875
3 0.90078125 0.528125 0.1984375 0.08125
6 0.91484375 0.14140625 0.1703125 0.2828125
7 0.9609375 0.2578125 0.078125 0.25
5 0.86875 0.090625 0.2625 0.18125
1 0.24720836074894742 0.8878652435012182 0.22457379488495216 0.21355154334173854
2 0.3125 0.9296875 0.26875 0.140625
6 0.38828125 0.67109375 0.1234375 0.2046875
5 0.3453125 0.61796875 0.209375 0.0984375
18 0.709375 0.784375 0.51875 0.43125