35 0.18984375 0.21484375 0.3796875 0.4296875
2 0.8510987601648953 0.1064690010160528 0.02242051386770836 0.024583920171816587
2 0.9382707986338884 0.15875187528088386 0.02242051386770836 0.024583920171816587
2 0.9254577548465619 0.3731861895052351 0.025618249050069507 0.027872694482076098
20 0.18984375 0.71484375 0.3796875 0.5703125
0 0.89375 0.83203125 0.2125 0.3359375
3 0.48984375 0.68046875 0.2203125 0.5015625
4 0.5859375 0.65 0.4125 0.440625
5 0.753125 0.5875 0.36875 0.315625
8 0.6359375 0.91640625 0.378125 0.1671875
9 0.8046875 0.86796875 0.390625 0.2640625