17 0.184375 0.19453125 0.36875 0.3890625
20 0.684375 0.19453125 0.63125 0.3890625
23 0.184375 0.8046875 0.36875 0.390625
25 0.309375 0.64921875 0.11875 0.4296875
14 0.1078125 0.5671875 0.215625 0.35625
15 0.2125 0.49921875 0.3125 0.2203125
1 0.56640625 0.94609375 0.2234375 0.1078125
2 0.7265625 0.96640625 0.275 0.0671875
3 0.403125 0.5015625 0.06875 0.225
4 0.4828125 0.5453125 0.228125 0.3125
6 0.748973224185751 0.7089967678139804 0.2775760523343699 0.3351923721020366
7 0.884375 0.784375 0.23125 0.31875
0 0.80390625 0.4390625 0.2640625 0.1
5 0.604175934652625 0.6335101693218509 0.2825365681193853 0.3402899752123144