9 0.20625 0.259375 0.4125 0.51875
24 0.5894677691860419 0.1370921179724302 0.02292966014423605 0.04582164627652778
24 0.6900853650257294 0.12771515834128427 0.022893292553055566 0.044259146276527786
24 0.805948060789167 0.20240407418510364 0.022893292553055743 0.044259146276527786
24 0.8056408958952781 0.2899586255718745 0.022893292553055566 0.04425914627652787
24 0.7756280472057991 0.3774229111910758 0.02292966014423605 0.04582164627652787
24 0.49765625 0.5109375 0.0171875 0.015625
24 0.64453125 0.5015625 0.0234375 0.034375
23 0.6128689015948614 0.13498410410472186 0.022893292553055566 0.044259146276527786
23 0.7431376298433683 0.12335366024114532 0.019768292553055743 0.044186411094166725
23 0.9616363227570142 0.2753843664538188 0.022893292553055743 0.04425914627652787
23 0.7982661134102088 0.37611433111895776 0.019768292553055566 0.044186411094166544
23 0.66328125 0.5015625 0.0203125 0.034375
10 0.5216626733463544 0.14570535818878444 0.023002395326597203 0.04894664627652778
10 0.5548037880877434 0.22622800636517332 0.019804660144236142 0.04574891109416672
10 0.6468821853142017 0.21939481848552042 0.02292966014423605 0.04582164627652778
10 0.852443160712917 0.2857425978364578 0.02292966014423605 0.04582164627652787
10 0.9397613227570142 0.27589351273034657 0.02300239532659738 0.04894664627652787
10 0.72109375 0.49921875 0.0234375 0.0390625
21 0.6282938798433684 0.1260266781929163 0.009048998100139016 0.05330683795590278
21 0.6935422458190283 0.37698845972805517 0.009048998100139016 0.05330683795590278
21 0.5703125 0.50078125 0.009375 0.0359375
13 0.961798017286181 0.18157981506704796 0.026418336056041804 0.06151938145888884
13 0.99140625 0.17890625 0.0171875 0.0546875
13 0.7586607123840283 0.4880337560808329 0.01991376291777769 0.05043641109416672
13 0.8241766096104867 0.4818188172512494 0.019877395326597203 0.04887391109416654
13 0.9443436392457644 0.4727685127303466 0.019804660144236052 0.04574891109416672
27 0.5419024381639933 0.14210757950343716 0.01660692496187508 0.04255117591180557
27 0.6086009353142018 0.22028582446944406 0.016497822188333445 0.037863675911805575
27 0.4921875 0.4046875 0.00625 0.04375
27 0.7033919841355214 0.4979185555677426 0.01646145459715278 0.036301175911805574
30 0.49140625 0.23125 0.0046875 0.04375
30 0.7154685311538891 0.21076339447357592 0.02292966014423605 0.04582164627652778
30 0.8971906566288543 0.19324532010104106 0.02292966014423605 0.04582164627652787
30 0.51484375 0.509375 0.0203125 0.01875
30 0.7401471017267018 0.49862641717499956 0.02271145459715278 0.03644664627652787
30 0.8914004772016672 0.4818175108304855 0.02271145459715278 0.03644664627652787
22 0.49765625 0.01484375 0.0171875 0.0296875
22 0.9117090579393754 0.27967312937159655 0.035393292553055566 0.044550087005972294
25 0.515625 0.01875 0.015625 0.0375
25 0.8728504989531602 0.49084767192465223 0.01987739532659738 0.04887391109416672
14 0.5582177691860419 0.13781946979604137 0.023002395326597203 0.04894664627652787
14 0.9233154391139239 0.10665320345979104 0.024492160144236053 0.04585801386770836
14 0.5087827732701045 0.2304258503049997 0.02449216014423623 0.04585801386770836
14 0.6257884353142018 0.21988578096645797 0.02292966014423605 0.04582164627652778
14 0.8426122594023961 0.19920568579236053 0.024455792553055567 0.04429551386770836
14 0.5201761745806254 0.31692639475791634 0.024492160144236143 0.04585801386770836
14 0.5724471893982643 0.31258308045336775 0.024492160144236053 0.04585801386770836
14 0.6761352338511809 0.3007896356398607 0.024492160144236053 0.04585801386770836
14 0.7510443148732296 0.2951377412631939 0.024492160144236053 0.04585801386770836
14 0.6227758041396532 0.39270568512677045 0.024492160144236053 0.04585801386770836
14 0.710130333774931 0.38441910002065927 0.024564895326597204 0.048983013867708355
14 0.55625 0.50546875 0.01875 0.0265625
14 0.5859375 0.50546875 0.021875 0.0265625
14 0.9249396758148964 0.4786918576201035 0.02278418977951393 0.03957164627652787
17 0.8521125863403821 0.10362042885850639 0.023147865691319502 0.05519664627652787
17 0.8997324687492017 0.1009487173274994 0.023147865691319502 0.05519664627652778
17 0.6533698810776393 0.29662946571197873 0.023220600873680653 0.058321646276527875
28 0.8735005431217365 0.28368913535552026 0.02292966014423605 0.04582164627652787
28 0.7978141313619797 0.49103081630131895 0.01965918977951393 0.03949891109416672
28 0.8539732123840282 0.48581533301881896 0.01965918977951393 0.03949891109416655
12 0.7311695323881601 0.3815843875397217 0.02292966014423605 0.04582164627652787
12 0.60390625 0.5046875 0.0171875 0.028125
28 0.49375 0.1453125 0.009375 0.04375
34 0.6450092543684031 0.13892606848552042 0.023220600873680653 0.058321646276527785
34 0.7120876515948613 0.1326747620647565 0.024710365691319503 0.05523301386770836
34 0.739033317723021 0.21568663060586757 0.02478310087368065 0.05835801386770836
34 0.5523347111497573 0.321649609138715 0.02478310087368065 0.05835801386770836
34 0.6974108218070837 0.30811117315892317 0.024855836056041625 0.06148301386770836
34 0.9852192931217365 0.28108885258611044 0.02478310087368065 0.05835801386770836
34 0.5051707300514587 0.4110764382609025 0.023220600873680653 0.058321646276527875
29 0.672806946047778 0.12420895184427039 0.016861498100139018 0.053488675911805575
29 0.8335080567051044 0.11030683995267303 0.016752395326597204 0.04880117591180557
29 0.8810188363403821 0.10294762842166608 0.01995013050895835 0.051998911094166725
29 0.6646509135627087 0.21038284118694403 0.016861498100139018 0.053488675911805575
29 0.8229900904244447 0.1957540306821175 0.016861498100139018 0.053488675911805575
29 0.933745752468542 0.18535943170829797 0.01678876291777769 0.05036367591180557
29 0.5013170718070837 0.3126753058520831 0.01675239532659729 0.04880117591180557
29 0.5917966014423615 0.3043159855636108 0.016861498100139018 0.053488675911805575
29 0.8250084917349657 0.28247278068211756 0.016861498100139018 0.053488675911805575
29 0.748211562023438 0.37493434403673565 0.016861498100139018 0.053488675911805575
29 0.53125 0.5046875 0.015625 0.028125
29 0.61953125 0.49921875 0.0171875 0.0390625
29 0.9076976244281255 0.47674815112308966 0.01660692496187508 0.04255117591180557
18 0.7257501080918752 0.11515995374413146 0.010684233282499988 0.056468205547083275
18 0.8217529391139238 0.1090170968865272 0.010684233282499988 0.056468205547083275
18 0.9781678996950003 0.17963545535965206 0.012246733282499988 0.05650457313826394
18 0.49140625 0.3109375 0.0046875 0.053125
18 0.5609843189572922 0.39101720497840253 0.010684233282499988 0.056468205547083275
18 0.7598939444322574 0.37309908710288137 0.010684233282499988 0.056468205547083275
18 0.6296875 0.4984375 0.009375 0.040625
18 0.7852232123840283 0.48741550703076336 0.010393292553055744 0.04396820554708327
18 0.8397834258148963 0.4806738913394438 0.00879442496187508 0.04236933795590279
16 0.7659029826169099 0.1275138301690273 0.024855836056041625 0.06148301386770836
16 0.5877253908612851 0.2301517869503816 0.02478310087368065 0.05835801386770836
16 0.7847108000555906 0.29748083805281206 0.023220600873680653 0.058321646276527875
16 0.5776633258911463 0.40235409527100663 0.023220600873680653 0.058321646276527875
16 0.6002832082999657 0.4002642651988886 0.023220600873680653 0.058321646276527875
32 0.8024035270698266 0.11728419177628417 0.035393292553055566 0.044550087005972294
31 0.7841094283803475 0.20447572046163143 0.024455792553055567 0.04429551386770836
31 0.7299869324644102 0.29719120374413144 0.024455792553055567 0.04429551386770836
16 0.6929941191097919 0.219103224545694 0.02478310087368065 0.05835801386770836
19 0.8777139580156252 0.19604366499079803 0.018751306420763926 0.06758754350298606
28 0.9174849728332642 0.19199129141569382 0.02292966014423605 0.04582164627652778
29 0.6307681824644101 0.29950054578409685 0.027908100873680654 0.05843074905006951
27 0.5446144365484727 0.39296156468579835 0.024710365691319503 0.05523301386770836
13 0.6444144147969796 0.38204028885024266 0.023220600873680653 0.058321646276527875
14 0.6787712310013894 0.38045895184427037 0.023147865691319502 0.05519664627652787
15 0.68984375 0.4953125 0.0171875 0.046875
33 0.24453125 0.759375 0.4890625 0.48125
17 0.60390625 0.61015625 0.2296875 0.1828125
31 0.875 0.80234375 0.25 0.2953125