33 0.209375 0.2796875 0.41875 0.559375
1 0.709375 0.2796875 0.58125 0.559375
2 0.20756179272754266 0.8249854359086861 0.01900453866963616 0.022093176002545435
2 0.24046519939526992 0.8324161279042317 0.018986357336090796 0.020530676002545434
2 0.29298112472149745 0.7794542125636866 0.01900453866963616 0.022093176002545345
2 0.32591180338954295 0.7892286545592322 0.01900453866963616 0.022093176002545435
2 0.2727487986950896 0.5851320478994592 0.020567038669636162 0.0221113573360908
2 0.30644254602958954 0.5933348992282321 0.01900453866963616 0.022093176002545345
0 0.224022586728179 0.8294820319064587 0.018986357336090796 0.020530676002545434
0 0.25771633406267896 0.8376848832352317 0.01900453866963616 0.022093176002545435
0 0.3094419187221337 0.7839508085614594 0.01900453866963616 0.022093176002545255
0 0.34236350672340643 0.7929440005570051 0.020567038669636162 0.0221113573360908
0 0.2899908426957259 0.5896195532304593 0.020567038669636162 0.0221113573360908
0 0.32212209003022585 0.5978405858927777 0.020567038669636162 0.0221113573360908
0 0.40703125 0.56171875 0.0203125 0.0046875
1 0.15104871073358783 0.8701803045830948 0.015806813335454528 0.01580681333545435
1 0.217044238701453 0.6326615759070953 0.01268181333545435 0.015770450668363533
6 0.17463111405949724 0.8152109939131403 0.018986357336090796 0.020530676002545434
6 0.26005953672022486 0.7704610205681408 0.0221113573360908 0.020567038669636252
6 0.23983630136058967 0.5769201059039135 0.018986357336090796 0.020530676002545344
35 0.709375 0.7796875 0.58125 0.440625