22 0.21953125 0.2796875 0.4390625 0.559375
27 0.57421875 0.4875 0.2703125 0.14375
14 0.95 0.4140625 0.1 0.290625
30 0.665625 0.40859375 0.43125 0.3015625
16 0.7408109492317745 0.21870953618453312 0.4677628686106214 0.38963631223938106
10 0.525 0.2734375 0.171875 0.359375
23 0.74609375 0.078125 0.5078125 0.15625
10 0.13515625 0.6671875 0.2703125 0.215625
14 0.13671875 0.91171875 0.2734375 0.1765625
6 0.51875 0.903125 0.159375 0.19375
7 0.584375 0.9296875 0.24375 0.140625
8 0.6875 0.9546875 0.259375 0.090625