24 0.46875 0.6 0.46875 0.058843459375 0.37960690625 0.05609010625000001 0.21525294062500003 0.1143625046875 0.10293531250000001 0.22703279687500003 0.062139849999999996 0.3181563921875 0.059664353125 0.5028472140625 0.0904145359375 0.6 0.46875 0.6
1 0.84921875 0.10546875 0.2015625 0.2109375
2 0.7359375 0.1359375 0.234375 0.271875
3 0.609475887301518 0.18786110495108826 0.23684206129215682 0.3037297576807463
4 0.54140625 0.24296875 0.1453125 0.3609375
7 0.9296875 0.37421875 0.140625 0.3171875
8 0.85234375 0.43984375 0.2578125 0.3203125
9 0.71640625 0.4765625 0.2421875 0.246875
0 0.58828125 0.49453125 0.2390625 0.2109375
22 0.20711086855561883 0.6472214234234095 0.029143671939110227 0.026638094710093263
18 0.078125 0.60859375 0.0125 0.0171875
18 0.041595956502340325 0.6156543630553576 0.013391337946721493 0.022603042093374805
18 0.055007199087966516 0.6516751630412402 0.013391337946721472 0.022603042093374805
18 0.3484375 0.60546875 0.0125 0.0109375
18 0.4322992109509646 0.6172664258424839 0.01182883794672147 0.022512036831702886
18 0.3879125409890207 0.6303432785156722 0.01189250494291585 0.024074536831702888
23 0.030403788517562758 0.6212673262236545 0.02283000494291587 0.024711573663405862
23 0.012119362129828204 0.6664055209761003 0.021140170950527094 0.021495568401734035
23 0.30066720897379823 0.6189969838620486 0.017951503954332714 0.019751057878390377
23 0.05250694019071793 0.6938171604104042 0.017951503954332714 0.019751057878390377
23 0.00234375 0.71015625 0.0046875 0.0203125
23 0.3767203730042431 0.6359562416839692 0.02283000494291585 0.02471157366340595
28 0.06015625 0.61171875 0.0234375 0.0234375
28 0.1810086249814095 0.6151600813441521 0.01964133794672147 0.022967063140062204
28 0.33828125 0.609375 0.0234375 0.01875
28 0.26025045600804875 0.6307388496894164 0.01964133794672147 0.022967063140062204
28 0.1880743670727441 0.6531606102833474 0.01964133794672147 0.022967063140062204
28 0.16584919859367492 0.6604802866199414 0.01964133794672147 0.022967063140062204
10 0.23046875 0.60625 0.0234375 0.0125
10 0.15240612250995156 0.6252407366340589 0.02283000494291585 0.02471157366340595
10 0.029561530114605772 0.6611565788544905 0.02283000494291587 0.02471157366340595
10 0.13652911311841137 0.6689529392790122 0.02283000494291585 0.02471157366340595
10 0.0675735246773983 0.6892129603962868 0.02439250494291585 0.02480257892507769
17 0.36015625 0.6046875 0.0234375 0.009375
24 0.00859375 0.628125 0.0171875 0.025
24 0.08345053406893847 0.6455007577513334 0.02283000494291585 0.02471157366340595
24 0.31651504346047865 0.6144382864787671 0.021140170950527094 0.021495568401734035
14 0.11484375 0.6046875 0.0234375 0.009375
14 0.2046875 0.61015625 0.021875 0.0203125
14 0.12386728703468801 0.6337588919239656 0.02283000494291585 0.02471157366340595
14 0.2824437909890207 0.6242004233528223 0.02283000494291585 0.02471157366340595
14 0.24518387152136834 0.6353430497035338 0.02283000494291585 0.02471157366340595
14 0.22852295353659083 0.6406374944559795 0.02283000494291585 0.024711573663405862
14 0.10880336114124503 0.6767353471997548 0.02283000494291585 0.02471157366340595
14 0.40682170847950666 0.6275290916557343 0.02283000494291585 0.024711573663405862
31 0.421888292966187 0.6229248916416169 0.02283000494291585 0.02471157366340595
27 0.21640625 0.60703125 0.0171875 0.0140625
27 0.13818445501946558 0.6283279392790122 0.01964133794672147 0.022967063140062118
27 0.12230744562792539 0.6720401419239657 0.017951503954332714 0.019751057878390377
29 0.07109375 0.609375 0.0171875 0.01875
29 0.04788044859367493 0.6536093893637168 0.01658000494291585 0.02434755261671846
13 0.10733370304229921 0.6359283366764112 0.02295733893530465 0.02783657366340595
13 0.00390625 0.66796875 0.0078125 0.0296875
13 0.09301919365075906 0.6797315445830364 0.02295733893530465 0.02783657366340595
13 0.03512843920213478 0.6975036025320139 0.02295733893530465 0.02783657366340595
21 0.4386447114452562 0.6152866968891713 0.013391337946721472 0.022603042093374805
12 0.16747270699663191 0.6206365366199413 0.01964133794672147 0.022967063140062204
12 0.15162753110318894 0.6635674892648948 0.01964133794672147 0.022967063140062204
30 0.01015625 0.70625 0.0203125 0.021875
15 0.07007378357464686 0.6470709630271227 0.01658000494291585 0.02434755261671846
29 0.37890625 0.60390625 0.0265625 0.0078125
18 0.4546875 0.6109375 0.0125 0.021875
18 0.76796875 0.8 0.4640625 0.4