19 0.26484375 0.234375 0.5296875 0.46875
4 0.73984375 0.44140625 0.0984375 0.0546875
5 0.61640625 0.41015625 0.0984375 0.1171875
8 0.8033377025780041 0.35621444980879613 0.09814769334818116 0.11671574855010754
9 0.6782291619191856 0.2888708166106727 0.09502269334818117 0.11647895020978147
1 0.5819268739258671 0.23231131806056524 0.07930678668045399 0.10748245850815116
0 0.55234375 0.20703125 0.0453125 0.1140625
1 0.8634586845958214 0.2294044186899095 0.09493178668045381 0.10866645020978147
2 0.7359882126034574 0.16344568673654153 0.1027806493475449 0.11238344606059662
3 0.6148041032781844 0.09483555146382568 0.08711928668045381 0.10807445435896632
5 0.9203092159452751 0.11485758923069689 0.09816587468172652 0.11827824855010753
6 0.79609375 0.05 0.0984375 0.1
7 0.67265625 0.0171875 0.1046875 0.034375
9 0.9671875 0.02421875 0.065625 0.0484375
11 0.5296875 0.46875 0.5296875 1 0.7646969046875001 1 0.851176225 0.628063775 0.8850277140625 0.5901919578125 0.9627918874999999 0.60605539375 0.9720219218749999 0.5686599140624999 0.6648022828125 0.46875 0.5296875 0.46875