5 0.159375 0.259375 0.31875 0.51875
24 1 0.51875 1 0.3732989875 0.8233804156249999 0.1977774875 0.6446644859375 0.1222956328125 0.501087046875 0.134001453125 0.413790190625 0.183143240625 0.32928080937500004 0.280085765625 0.31875 0.3143073796875 0.31875 0.48065810625000005 0.3261368328125 0.51875 1 0.51875
18 0.29317030054229304 0.603337667854911 0.01885908430895533 0.019295569279472246
18 0.18732988758172286 0.8111394591585647 0.022011355386194253 0.024073997492717502
18 0.3030644927715255 0.9609228473217977 0.02200226502711473 0.022511497492717504
18 0.06932932132494422 0.8091032492085771 0.022002265027114644 0.02251149749271768
29 0.2046875 0.528125 0.021875 0.01875
29 0.2869021198241338 0.6003945242814017 0.020439765027114733 0.022466033386094965
29 0.309375 0.67109375 0.01875 0.0234375
29 0.18105261650448404 0.8066338155850555 0.02200226502711473 0.022511497492717504
29 0.101246941836449 0.7886399850228123 0.023573855386194255 0.024119461599340218
29 0.18449123389273084 0.8604491373718102 0.023582945745273774 0.02568196159934022
29 0.27558893256487094 0.9390622191876947 0.02200226502711473 0.022511497492717504
29 0.05521227917046652 0.8001374261681813 0.020439765027114642 0.022466033386094965
29 0.253123580105543 0.9725339487337233 0.023573855386194255 0.024119461599340218
17 0.3109375 0.5734375 0.015625 0.028125
17 0.02348958049832639 0.7197967083006349 0.026717036104353477 0.027335389812585476
30 0.2850487283335859 0.5504399883880244 0.023582945745273774 0.02568196159934022
30 0.31484375 0.68125 0.0078125 0.021875
30 0.16928841470908598 0.7991622963847256 0.02200226502711473 0.022511497492717504
30 0.09025489968197128 0.779583233769171 0.022002265027114644 0.022511497492717504
30 0.12953102312034231 0.8151653811036039 0.023582945745273955 0.02568196159934022
30 0.26255312226002064 0.9816361640939875 0.020430674668035033 0.020903533386094963
28 0.3038850867448423 0.5647381691085523 0.023582945745273955 0.02568196159934022
28 0.17096804761542667 0.5506338681714802 0.02200226502711473 0.022511497492717504
28 0.21876623994285502 0.8422614270261111 0.025145445745273776 0.025727425705962936
28 0.2737309958947834 0.8883264332943174 0.023573855386194255 0.024119461599340218
28 0.2847275832288009 0.8981644345479586 0.025145445745273953 0.02572742570596276
28 0.30703125 0.91796875 0.0234375 0.0265625
28 0.17350828209733268 0.8529548861181688 0.025145445745273776 0.025727425705962936
28 0.31328125 0.98046875 0.0109375 0.0265625
13 0.15917202956325 0.5376935989711503 0.026717036104353564 0.027335389812585563
13 0.031043005264557257 0.6750381377675214 0.026726126463433177 0.028897889812585474
14 0.2334953186926656 0.553502803906573 0.023582945745273774 0.02568196159934022
14 0.2570646288993201 0.5754770923072328 0.023582945745273774 0.02568196159934022
14 0.2502969993126289 0.6209941807870348 0.023582945745273774 0.02568196159934022
14 0.0161538034691592 0.667657546780437 0.025145445745273866 0.025727425705962936
14 0.2949429205628184 0.908025167854911 0.023582945745273955 0.02568196159934022
14 0.034504348550503126 0.7327597095542762 0.025145445745273953 0.02572742570596276
14 0.30703125 0.9703125 0.0234375 0.025
14 0.009375 0.76171875 0.01875 0.0265625
14 0.0324514900410509 0.7828279057142102 0.022002265027114644 0.022511497492717504
14 0.1918679175377563 0.919619548892008 0.023582945745273955 0.02568196159934022
14 0.28203125 0.99375 0.0234375 0.0125
10 0.27748166802873564 0.5928548089211378 0.023582945745273774 0.02568196159934022
10 0.13125 0.5234375 0.025 0.009375
10 0.3021185745463981 0.6640251152684863 0.023582945745273774 0.025681961599340043
10 0.25960940856076586 0.8785793602539215 0.023573855386194255 0.024119461599340218
10 0.315625 0.934375 0.00625 0.025
10 0.1923582760472085 0.8695968168386967 0.025145445745273776 0.025727425705962936
10 0.22377190251064166 0.8968125347062431 0.025145445745273953 0.025727425705962936
10 0.2421406283101449 0.9650396974800823 0.023582945745273774 0.02568196159934022
16 0.21703452653818794 0.5446051770261111 0.0298602168225127 0.030551318025830908
16 0.20543044778837735 0.833272871932404 0.026726126463433177 0.028897889812585474
16 0.20180599891984546 0.8818240321989606 0.0298602168225127 0.030551318025830908
23 0.24605440602668302 0.5632953410535915 0.023582945745273774 0.02568196159934022
23 0.31015625 0.621875 0.0171875 0.021875
23 0.14296875 0.52890625 0.0234375 0.0203125
23 0.19441567973620053 0.8203098706787628 0.023582945745273774 0.02568196159934022
23 0.16172135440423557 0.841577116917839 0.025145445745273776 0.025727425705962936
23 0.045015122554608225 0.7934016928612287 0.023582945745273955 0.02568196159934022
23 0.07563840865896174 0.8190776427820865 0.023582945745273864 0.02568196159934022
22 0.04394246018321333 0.6090266928612287 0.026717036104353477 0.027335389812585476
22 0.23947871574235827 0.9104203936400163 0.03143180718159222 0.03215928213245363
27 0.2680475806947181 0.582971343560874 0.020430674668035033 0.020903533386094787
27 0.23065666500367357 0.6028124821198183 0.020430674668035033 0.020903533386094963
27 0.14052306527482003 0.8242221323572452 0.020430674668035033 0.020903533386094963
27 0.21590940553570376 0.8884461052393565 0.01886817466803503 0.020858069279472247
27 0.29445256205336623 0.9580478999082225 0.02200226502711473 0.022511497492717504
27 0.16909803804926113 0.900747528438037 0.020430674668035033 0.020903533386094787
27 0.27265625 0.98984375 0.0203125 0.0203125
21 0.2548628212267484 0.8685595025737894 0.01885908430895533 0.019295569279472246
15 0.28088846916020377 0.6412013807078926 0.022011355386194253 0.024073997492717502
15 0.060103791368910774 0.7007595517950019 0.022002265027114644 0.022511497492717504
15 0.06638560762568946 0.7060464453685112 0.020439765027114642 0.022466033386094965
15 0.21855768256487096 0.9407216590794224 0.02200226502711473 0.02251149749271768
24 0.27325271028140924 0.5374997191876946 0.02200226502711473 0.022511497492717504
24 0.3018185926967707 0.6124626152684863 0.02200226502711473 0.02251149749271768
24 0.21966007766965595 0.5929744808661772 0.02200226502711473 0.02251149749271768
24 0.04833958957351268 0.693288032594672 0.023582945745273955 0.02568196159934022
24 0.15593898701598885 0.7878299912910183 0.025136355386194253 0.024164925705962757
24 0.07848160752749359 0.7705492145688411 0.023582945745273864 0.02568196159934022
24 0.1161725050681656 0.8022705760098967 0.026717036104353477 0.027335389812585476
24 0.2834605198988885 0.9489911486545811 0.023582945745273955 0.02568196159934022
24 0.15888724589478337 0.8916680451310842 0.023582945745273955 0.02568196159934022
31 0.020673652707033384 0.7730126365138803 0.022002265027114644 0.022511497492717504
12 0.23929586679907172 0.6103749295333936 0.02200226502711473 0.02251149749271768
12 0.24389350496996975 0.8634090013201483 0.023582945745273774 0.02568196159934022
12 0.047067981064060495 0.7433334967012948 0.025145445745273953 0.025727425705962936
12 0.17852303502419903 0.9090684937983008 0.025145445745273776 0.02572742570596276
25 0.029030532490116202 0.5977398518741441 0.023582945745273864 0.02568196159934022
34 0.2625 0.5296875 0.028125 0.021875
33 0.19453125 0.52578125 0.0234375 0.0140625
15 0.2094265596174793 0.5799887475592245 0.026717036104353654 0.027335389812585563
24 0.2683248366466465 0.6306275935608741 0.03143180718159222 0.03215928213245363
23 0.2918850564942213 0.6510393819615338 0.0314318071815924 0.03215928213245363
1 0.021140764437939462 0.5846859224072576 0.023573855386194255 0.024119461599340218
20 0.009375 0.65390625 0.01875 0.0265625
12 0.01328125 0.70703125 0.0265625 0.0359375
20 0.06118502321853816 0.7522993197416905 0.028297716822512697 0.03050585391920819
18 0.15306397189067827 0.8308896695042638 0.020439765027114733 0.022466033386094965
28 0.26615939041039327 0.9299600038274306 0.0314408975406721 0.03372178213245362
21 0.09760885742929774 0.8348473952893689 0.0298602168225127 0.030551318025830908
10 0.10939578512239487 0.8462251644896988 0.0314318071815924 0.03215928213245363
15 0.14788611338122606 0.8810487938774431 0.025154536104353475 0.02728992570596276
24 0.20833325487177384 0.9292984257724699 0.0314318071815924 0.03215928213245363
23 0.23033551989888848 0.9505369282797524 0.0298602168225127 0.030551318025830908
23 0.659375 0.759375 0.68125 0.48125