10 0.3296875 0.334375 0.659375 0.66875
6 0.87890625 0.15078125 0.2421875 0.2703125
7 0.76953125 0.10625 0.2140625 0.2125
4 0.275 0.9609375 0.115625 0.078125
1 0.3457994914722077 0.8641898162605163 0.10398882096198285 0.10047139077317428
1 0.41943514157102973 0.7561073213488989 0.10398882096198285 0.10047139077317446
0 0.48046875 0.68359375 0.1171875 0.0296875
6 0.74609375 0.934375 0.1734375 0.13125
7 0.8046875 0.865625 0.290625 0.26875
8 0.8296875 0.834375 0.340625 0.33125
9 0.8390625 0.7671875 0.321875 0.196875