29 0.2046875 0.0984375 0.409375 0.196875
34 0.42212461258754913 0.1924873931480235 0.018859088001272672 0.010357645861557074
10 0.4180820025859583 0.204410861035848 0.015734088001272673 0.010193871551297562
22 0.4171875 0.215625 0.015625 0.015625
5 0.41875 0.17734375 0.01875 0.0109375
18 0.4654377132400043 0.2948411092268256 0.020385225334181765 0.0073145330166868305
18 0.4768677512730937 0.05064072987361197 0.018822725334181768 0.007232645861557074
18 0.5056092745862764 0.19748143034858182 0.018822725334181768 0.007232645861557074
18 0.5099978772676849 0.0887239060383223 0.018822725334181768 0.007232645861557074
18 0.5140625 0.003125 0.01875 0.00625
18 0.541137694581504 0.2307542757805976 0.018822725334181768 0.007232645861557074
18 0.5451626705920034 0.1532467514703381 0.018768181333545454 0.0025451458615570743
18 0.546416635264185 0.11258080789277311 0.018822725334181768 0.007232645861557074
18 0.5506143339433662 0.020229533582513604 0.018822725334181813 0.007232645861557074
18 0.5846529792727755 0.04733426616965915 0.02038522533418181 0.007314533016686653
18 0.6122314445815039 0.22702841022219378 0.02038522533418181 0.007314533016686653
18 0.6215626332750027 0.029003668024109964 0.018822725334181813 0.007232645861557074
18 0.6473967852482766 0.22440469923177436 0.01726022533418181 0.007150758706427141
18 0.6515763025939124 0.13361592492151492 0.01726022533418181 0.007150758706427318
18 0.653547882598685 0.09837778776638517 0.01726022533418181 0.007150758706427318
18 0.6811536199077315 0.2757281818189199 0.01726022533418181 0.007150758706427318
18 0.6853331372533673 0.1849394075086604 0.01726022533418181 0.007150758706427318
18 0.6908302539385938 0.04801593962083599 0.02038522533418181 0.0073145330166868305
18 0.6927200179424118 0.019809052465706235 0.02038522533418181 0.0073145330166868305
18 0.7288211499443207 0.00386314789772193 0.020330681333545365 0.0026270330166868307
27 0.4663825952419133 0.2807376656492607 0.020476132001908988 0.01512703301668683
27 0.4736240252625942 0.1281073106063067 0.020421588001272674 0.010439533016686653
14 0.4673365679105951 0.2658529720716959 0.020421588001272674 0.01043953301668683
14 0.46843599124764024 0.238468278494131 0.025127269334818125 0.0122476944820761
14 0.4747143579328667 0.10150386702874173 0.020421588001272674 0.010439533016686653
12 0.467500199912504 0.25179047207169597 0.02518181333545444 0.0169351944820761
23 0.46860871391632203 0.223624528494131 0.025199994668999894 0.0184976944820761
29 0.4695445052514583 0.2103023349165661 0.020421588001272674 0.01043953301668683
21 0.4704893872533673 0.19619889133900123 0.020421588001272674 0.010439533016686653
34 0.47060756592141273 0.18604264133900122 0.020476132001908988 0.015127033016686654
32 0.4716615359245944 0.16256419776143644 0.020567038669636228 0.022939533016686654
24 0.472651871260367 0.14455450418387147 0.02047613200190901 0.015127033016686654
20 0.47376947593095775 0.11560731060630669 0.020476132001908988 0.015127033016686654
13 0.47565923993477577 0.08740042345117693 0.020476132001908988 0.015127033016686654
32 0.4767132099379574 0.06392197987361196 0.020567038669636207 0.022939533016686654
29 0.47776717994113904 0.040443536296047175 0.020421588001272674 0.010439533016686653
17 0.47951149327659354 0.024736649140917423 0.02049431333545444 0.01668953301668665
19 0.48049273794559344 0.007508205563352499 0.020421588001272674 0.010439533016686741
28 0.5087257312619579 0.13095234961588725 0.020421588001272674 0.010439533016686653
28 0.5825995832670485 0.0896036533247889 0.020476132001908988 0.015127033016686654
28 0.6091604412396862 0.2896512409548885 0.020476132001908988 0.015127033016686654
28 0.6144121099220491 0.17382152306706403 0.020476132001908988 0.015127033016686654
13 0.5006212352403224 0.2906548982364062 0.018913632001908987 0.015045145861557075
13 0.5139773999443207 0.015122631728062785 0.020476132001908988 0.015127033016686654
13 0.5431638185869128 0.19082863862546784 0.02049431333545444 0.01668953301668665
13 0.6123678045830948 0.21530966022219378 0.02049431333545444 0.01668953301668665
13 0.6506041485916854 0.1500631184990798 0.01736931333545444 0.016525758706427317
14 0.5015661172422314 0.27655145465884134 0.02043976933481808 0.012002033016686653
14 0.5026746312460495 0.24838551108127654 0.018877269334818127 0.011920145861557074
14 0.5130325179424118 0.029226075305627753 0.020421588001272674 0.010439533016686653
14 0.5422189365850038 0.20493208220303263 0.020421588001272674 0.010439533016686653
31 0.5025019085773678 0.26322926108127653 0.020476132001908988 0.015127033016686654
31 0.549414913271821 0.05620797716007857 0.02049431333545444 0.01668953301668665
31 0.648296213916322 0.21420750565420957 0.020476132001908988 0.015127033016686654
21 0.503601331914413 0.23584456750371158 0.018877269334818127 0.011920145861557074
21 0.5110427566040938 0.0660267124607575 0.018859088001272672 0.010357645861557074
21 0.5773297332511401 0.2069958712126132 0.020421588001272716 0.010439533016686653
21 0.5864881992759572 0.02381487901452939 0.017296588001272716 0.01027575870642714
24 0.5060996232495494 0.22244048677101702 0.02049431333545444 0.01668953301668665
24 0.5089075445974123 0.11532734961588727 0.02049431333545444 0.01668953301668665
24 0.5367405485757769 0.2731464936684219 0.02049431333545444 0.01668953301668665
24 0.5461171906031392 0.07121550147033809 0.02049431333545444 0.01668953301668665
24 0.5742314579090042 0.27196245194530794 0.02049431333545444 0.01668953301668665
24 0.576193947247004 0.23750556479017818 0.025199994668999894 0.0184976944820761
24 0.5803552832590944 0.14827929047991867 0.02049431333545444 0.01668953301668665
24 0.583562646602503 0.07393770974722394 0.02049431333545444 0.01668953301668665
24 0.6101325952419133 0.2732040473773235 0.025199994668999894 0.0184976944820761
24 0.6163564179265034 0.14092713591193426 0.02049431333545444 0.01668953301668665
25 0.504709845918231 0.20767862392614678 0.02043976933481808 0.012002033016686653
23 0.5057274532543218 0.1873251803485818 0.018913632001908987 0.015045145861557075
23 0.542046213916322 0.21977583220303262 0.01893181333545444 0.016607645861557073
23 0.5473251545990031 0.10160236431520833 0.020476132001908988 0.015127033016686654
23 0.5482973086012303 0.08515517073764337 0.018913632001908987 0.015045145861557075
23 0.5732502132400044 0.2891908955228727 0.018913632001908987 0.015045145861557075
23 0.5763848512492311 0.22109931479017816 0.018913632001908987 0.015045145861557075
23 0.6204995726050483 0.053263361601674844 0.02049431333545453 0.016689533016686832
23 0.6504132445894582 0.1664693684990798 0.020476132001908988 0.015127033016686654
23 0.6509132312619579 0.12350061849907981 0.017351132001908985 0.014963258706427318
16 0.5066905165897763 0.17165923677101702 0.025199994668999894 0.0184976944820761
16 0.6536660612667303 0.08822153776638517 0.020476132001908988 0.01512703301668683
10 0.5077081239258671 0.15130579319345205 0.02049431333545444 0.01668953301668665
10 0.5108791246021849 0.08008921246075751 0.020476132001908988 0.015127033016686654
10 0.5503688859405027 0.0413232835825136 0.020476132001908988 0.015127033016686654
10 0.5816001572645032 0.10839459690235369 0.020476132001908988 0.015127033016686654
10 0.5855433172740482 0.03791832259209418 0.018913632001908987 0.015045145861557075
10 0.6134763185869128 0.18714371664462898 0.020476132001908988 0.015127033016686654
10 0.6463700872454131 0.2455393928093393 0.02049431333545444 0.01668953301668665
10 0.6494592719207763 0.18135406207664467 0.01736931333545453 0.016525758706427317
12 0.5098615172660941 0.1004426560383223 0.02049431333545444 0.01668953301668665
12 0.5357774852403224 0.2888124372459869 0.02049431333545444 0.01668953301668665
12 0.5845348006047301 0.057490516169659146 0.020476132001908988 0.015127033016686654
12 0.6443257819064588 0.28702752996446906 0.02049431333545444 0.01668953301668665
22 0.5120603639401846 0.04567326888319254 0.020512494668999893 0.018252033016686653
22 0.5377308839115496 0.2551368000908571 0.020512494668999893 0.018252033016686653
22 0.5859375 0.00625 0.021875 0.0125
22 0.6111138399109132 0.25597560379975876 0.020512494668999893 0.018252033016686653
22 0.6183643605983667 0.10256399875680451 0.01894999466899989 0.018170145861557074
11 0.5387030379137767 0.23868960651329213 0.020476132001908988 0.015127033016686654
32 0.5442086979233217 0.16813144504790287 0.020530676002545344 0.019814533016686654
29 0.545271758593276 0.1438717514703381 0.020421588001272674 0.010439533016686653
17 0.5462348219287305 0.1282058078927731 0.02049431333545444 0.01668953301668665
29 0.5504961552753208 0.030385783582513603 0.020421588001272674 0.010439533016686653
31 0.5515046719446388 0.01081359000494877 0.020476132001908988 0.015127033016686742
34 0.5782382525859583 0.19601742763504842 0.020476132001908988 0.015127033016686654
34 0.6185461739338212 0.08693899875680451 0.018931813335454527 0.016607645861557073
17 0.6546291246021848 0.0725555941888203 0.02049431333545444 0.016689533016686832
21 0.6568552432765935 0.015442457033690538 0.017296588001272716 0.010275758706427319
15 0.5784564285885037 0.1772674276350484 0.020421588001272716 0.010439533016686653
15 0.6146302859245945 0.155071523067064 0.020421588001272716 0.010439533016686653
15 0.6557285479392301 0.045170900611255414 0.020421588001272716 0.01043953301668683
27 0.5793922199236399 0.16394523405748346 0.020476132001908988 0.015127033016686654
27 0.6173194812619578 0.12526119233436947 0.020476132001908988 0.015127033016686654
27 0.6216899026098208 0.018066168024109965 0.020421588001272716 0.01043953301668683
22 0.5805552779280942 0.13109179047991865 0.020512494668999893 0.018252033016686653
29 0.5751672492441404 0.25864025836774296 0.020476132001908988 0.015127033016686654
14 0.6120769032463677 0.24030966022219377 0.02518181333545444 0.0169351944820761
14 0.6133126865850038 0.20120621664462898 0.02518181333545444 0.0169351944820761
14 0.619563781269912 0.06658555517923972 0.02518181333545444 0.0169351944820761
14 0.621875 0.0046875 0.025 0.009375
29 0.62067229527373 0.03841961160167484 0.020476132001908988 0.01512703301668683
29 0.6472786065802312 0.23456094923177434 0.020476132001908988 0.015127033016686654
29 0.6555921879376392 0.056889650611255414 0.02049431333545444 0.016689533016686832
27 0.6468422545751406 0.2720609492317744 0.020476132001908988 0.015127033016686654
14 0.6461973645767314 0.26038314280933933 0.020421588001272716 0.010439533016686653
14 0.6484507552514583 0.20092625565420957 0.020476132001908988 0.015127033016686654
28 0.6526575445974123 0.10779373134395005 0.020476132001908988 0.01512703301668683
30 0.6566825206079118 0.03028620703369054 0.017351132001908985 0.014963258706427318
17 0.6802360099061406 0.2874878753964847 0.02049431333545444 0.01668953301668665
28 0.6804723672422315 0.26717537539648467 0.020476132001908988 0.015127033016686654
28 0.6846518845878673 0.17638660108622525 0.020421588001272716 0.01043953301668683
28 0.6888314019335031 0.08559782677596575 0.02518181333545444 0.0169351944820761
28 0.727767179941139 0.02734159147528681 0.020476132001908988 0.01512703301668683
29 0.6814808839115496 0.24760318181891988 0.020476132001908988 0.015127033016686654
14 0.6824166752466858 0.23428098824135493 0.02512726933481808 0.0122476944820761
14 0.7260683199395482 0.03914222863041657 0.020476132001908988 0.01512703301668683
10 0.6825803072485949 0.220218488241355 0.01736931333545444 0.016525758706427317
10 0.6856604012571854 0.15681440750866038 0.020476132001908988 0.01512703301668683
10 0.688540500596776 0.11059782677596575 0.017351132001908985 0.014963258706427318
10 0.7235422092616396 0.12203661578554632 0.02049431333545444 0.016689533016686832
22 0.6843428019175948 0.20294910108622527 0.020512494668999893 0.01825203301668683
21 0.6873956239258671 0.14188877035353062 0.020421588001272716 0.01043953301668683
32 0.687559255927776 0.1278262703535306 0.020530676002545257 0.01981453301668683
34 0.6894581105983668 0.09883813319840087 0.020421588001272716 0.01043953301668683
34 0.7246870859325486 0.09074567220798144 0.02049431333545453 0.016689533016686832
32 0.689876281269912 0.06290063319840086 0.020530676002545344 0.01981453301668683
32 0.718545079248913 0.2159913336733707 0.01744203866963625 0.02277575870642732
21 0.6917115012730937 0.03938124604327111 0.020421588001272716 0.01043953301668683
21 0.6926200206079118 0.028402802465706235 0.017296588001272716 0.010275758706427319
21 0.7156922519096405 0.25986416440606536 0.02042158800127263 0.01043953301668683
21 0.7174092932447768 0.2465010272509356 0.020421588001272716 0.01043953301668683
23 0.69140625 0.0078125 0.0171875 0.015625
23 0.7237240225970941 0.10641161578554632 0.017351132001908985 0.014963258706427318
24 0.7163189605745043 0.2731044708285005 0.01736931333545453 0.016525758706427317
24 0.7183359939131403 0.2339600836733707 0.02049431333545444 0.016689533016686832
24 0.7225064205920034 0.1439525593631112 0.025199994668999894 0.0184976944820761
15 0.7153740785725953 0.28720791440606536 0.020476132001908988 0.01512703301668683
30 0.7203893899188674 0.19169069651824094 0.02049431333545444 0.016689533016686832
25 0.7205802939210946 0.17528444651824096 0.020476132001908988 0.01512703301668683
29 0.7215706292568671 0.15727475294067608 0.020476132001908988 0.01512703301668683
26 0.7256956026018666 0.07117347863041665 0.025218176002545344 0.020060194482076098
30 0.7266677566040938 0.05472628505285169 0.02049431333545444 0.016689533016686832
29 0.7279399026098208 0.012497841475286809 0.02049431333545453 0.016689533016686832
34 0.7727780459102769 0.2521877832438294 0.018859088001272718 0.010357645861557074
24 0.7752399745783223 0.24190870251113478 0.014171588001272717 0.010111984396167806
24 0.7793467665897762 0.15736992820087528 0.01573408800127272 0.010193871551297562
24 0.8618058252705483 0.04920554613412822 0.01417158800127254 0.010111984396167627
24 0.9192076032384134 0.2827716406616327 0.020476132001908988 0.015127033016686654
30 0.7761666752466858 0.22936775893356992 0.01573408800127272 0.010193871551297562
10 0.7763484885821402 0.21374275893356992 0.015734088001272538 0.010193871551297562
10 0.9921875 0.05390625 0.015625 0.0109375
23 0.7772842799172766 0.20042056535600503 0.014171588001272717 0.010111984396167806
23 0.99296875 0.04140625 0.0140625 0.0109375
13 0.7758490492520946 0.1895649525111347 0.01885908800127254 0.010357645861557074
13 0.9883314152610033 0.11284424299105336 0.018859088001272718 0.010357645861557074
13 0.9201888479074134 0.26554319708406793 0.020421588001272716 0.010439533016686653
29 0.778674604591049 0.14803587177844016 0.018822725334181813 0.007232645861557074
29 0.9857871232495494 0.1973011301461831 0.01569772533418181 0.007068871551297562
17 0.7772302832590944 0.1379615089335699 0.02042158800127254 0.010439533016686653
17 0.9904484459341394 0.0651061058359236 0.01885908800127254 0.010357645861557074
14 0.7804916432606851 0.1260789846233104 0.01573408800127272 0.010193871551297562
14 0.8556456372533674 0.1760137075995174 0.01573408800127272 0.010193871551297562
14 0.86328125 0.00234375 0.0140625 0.0046875
14 0.9913018739258671 0.12596171868079384 0.01573408800127272 0.010193871551297562
14 0.9234683892425496 0.2520981727738084 0.015734088001272538 0.010193871551297562
27 0.7813819812619578 0.11666304104574551 0.01569772533418181 0.007068871551297562
21 0.8521842825827767 0.2050837319097769 0.01885908800127254 0.010357645861557074
18 0.8522842799172764 0.1964899819097769 0.018822725334181813 0.007232645861557074
18 0.9843064392505039 0.19035176730131287 0.02038522533418181 0.007314533016686653
18 0.9884495939290489 0.10268799299105336 0.018822725334181813 0.007232645861557074
20 0.8523842772517766 0.18789623190977692 0.01885908800127254 0.010357645861557074
20 0.985178595918231 0.18249832372374808 0.01885908800127254 0.010357645861557074
20 0.9853149559198219 0.17077957372374808 0.018859088001272718 0.010357645861557074
20 0.990625 0.03046875 0.01875 0.0109375
12 0.8585444652689574 0.06108807044438773 0.020476132001908988 0.015127033016686654
22 0.8619876386060028 0.03358054613412822 0.015824994668999892 0.018006371551297563
22 0.862987064608548 0.014789602556563253 0.01424431333545435 0.016361984396167806
28 0.9235956585773678 0.2411606727738084 0.01573408800127272 0.010193871551297562
28 0.99375 0.0203125 0.0125 0.009375
29 0.9229144059118678 0.23260786635137318 0.018822725334181813 0.007232645861557074
28 0.9833161039147311 0.20836146087887783 0.01885908800127254 0.010357645861557074
34 0.990625 0.159375 0.01875 0.009375
22 0.9864689232575035 0.1387073801461831 0.01894999466899989 0.018170145861557074
10 0.9908933412635486 0.09397141225835881 0.01417158800127254 0.010111984396167627
29 0.9895399265993212 0.07608454941348856 0.018913632001908987 0.015045145861557075
25 0.99140625 0.00390625 0.0171875 0.0078125
21 0.9185354412396862 0.27343758423919756 0.017205681333545542 0.002463258706427318
32 0.13359375 0.7375 0.2671875 0.45625
5 0.7046875 0.7546875 0.590625 0.490625