27 0.26328125 0.2796875 0.5109375 0.559375
23 0.759375 0.2796875 0.48125 0.559375
30 0.3725673185471418 0.9610712509819587 0.019059082670272433 0.02667158430895533
30 0.3779002558880052 0.90557522990472 0.02063976400381797 0.02824317466803521
30 0.31626496391632203 0.6973541846269841 0.02063976400381797 0.028243174668035033
30 0.39609375 0.571875 0.0203125 0.025
20 0.51328125 0.83125 0.0109375 0.0375
20 0.14335362790423165 0.787416624125742 0.019131808004454243 0.03292158430895533
20 0.18000929057927673 0.7254887958669108 0.01918635200509069 0.037609084308955334
20 0.017172935908686026 0.7553404432111911 0.01918635200509069 0.037609084308955334
14 0.4774639038829145 0.9424934469236241 0.020657945337363516 0.029805674668035208
14 0.17890625 0.99140625 0.0203125 0.0171875
14 0.11484375 0.996875 0.0203125 0.00625
14 0.33092525855350524 0.9144416906771085 0.020657945337363516 0.029805674668035208
14 0.05458038721359641 0.9644836390546608 0.020657945337363426 0.029805674668035208
14 0.5030098912317319 0.8282900463578902 0.020657945337363516 0.02980567466803503
14 0.4776746312460494 0.7229758324622437 0.020657945337363516 0.02980567466803503
14 0.3829524772438223 0.7399320491865605 0.020657945337363516 0.02980567466803503
14 0.02831897390200453 0.804491015518094 0.019095445337363515 0.02979658430895533
14 0.0046875 0.80703125 0.009375 0.0296875
14 0.36637405191759476 0.6876882931364363 0.020657945337363516 0.02980567466803503
14 0.1643933812460494 0.7247984494577071 0.020657945337363516 0.02980567466803503
14 0.11507463391154955 0.733678545768715 0.020657945337363516 0.02980567466803503
14 0.08143543057768592 0.7377802384889268 0.017532945337363427 0.029787493949875808
14 0.0649746365770496 0.7425631872592627 0.017532945337363513 0.029787493949875808
14 0.00546875 0.753125 0.0109375 0.034375
14 0.33712345126513943 0.5831780551384889 0.02063976400381797 0.028243174668035033
14 0.265103000596776 0.5960962116561512 0.017532945337363513 0.029787493949875808
14 0.027076289266412167 0.5756074914157929 0.015915901336727156 0.025090903590796288
28 0.44693151921550545 0.948139458925677 0.020657945337363516 0.029805674668035208
28 0.2621838018778238 0.9812433712970717 0.017532945337363513 0.029787493949875808
28 0.3168354865531871 0.9168672539088248 0.017532945337363513 0.029787493949875808
28 0.4635848592457313 0.7254013956939602 0.01756930800445424 0.03291249394987581
28 0.15827010323841345 0.7810802657144856 0.017532945337363513 0.029787493949875808
28 0.12695646857100437 0.7867308228960781 0.019095445337363424 0.02979658430895533
28 0.07840078990295903 0.7971688740275462 0.019095445337363515 0.02979658430895533
28 0.4540740465865946 0.6699917330279778 0.020657945337363516 0.02980567466803503
28 0.49453125 0.5640625 0.0171875 0.009375
28 0.42265625 0.5703125 0.0203125 0.021875
28 0.2486603879296851 0.5993166604264873 0.020657945337363516 0.02980567466803503
28 0.20248482192873052 0.6066160760193361 0.01756930800445424 0.03291249394987581
28 0.17899277792809426 0.6114399314055303 0.01756930800445424 0.03291249394987581
28 0.052956989258458 0.6340467053114395 0.017532945337363427 0.029787493949875808
28 0.009116082590730734 0.6421137353656687 0.017532945337363513 0.029787493949875808
10 0.509375 0.93515625 0.01875 0.0296875
10 0.42422981588164177 0.9521775191323311 0.020657945337363516 0.029805674668035208
10 0.27549232387814193 0.978822353244895 0.020657945337363516 0.029805674668035208
10 0.21171875 0.9875 0.0234375 0.025
10 0.13828125 0.99375 0.0203125 0.0125
10 0.5031547945576413 0.8829730011783503 0.020657945337363516 0.029805674668035208
10 0.44522411588959604 0.8934655944642962 0.023801126670909056 0.031386355386194255
10 0.47873659723109563 0.8331184469236241 0.023801126670909056 0.031386355386194255
10 0.39106387456241387 0.8484712570320829 0.02380112667090888 0.031386355386194255
10 0.437749065245095 0.7302388866187739 0.020657945337363516 0.02980567466803503
10 0.23188032590709523 0.7658092688377437 0.023801126670909056 0.031386355386194255
10 0.1731411252387316 0.7786501573032293 0.020657945337363516 0.02980567466803503
10 0.40786211791854915 0.6804161486208264 0.020657945337363516 0.02980567466803503
10 0.19570701591345854 0.7191478922761146 0.020657945337363516 0.02980567466803503
10 0.471875 0.565625 0.025 0.0125
10 0.1108876679265034 0.6235541120254936 0.017532945337363513 0.029787493949875808
10 0.037304717258139816 0.6364813589022357 0.020657945337363426 0.02980567466803503
10 0.1078125 0.565625 0.015625 0.0125
23 0.49310708521645996 0.9408400433328282 0.02063976400381797 0.02824317466803521
23 0.48671218189055043 0.8861934499486864 0.020657945337363516 0.029805674668035208
23 0.4272190032225051 0.8966951335937118 0.02063976400381797 0.02824317466803521
23 0.413129231222187 0.8991206968254286 0.02063976400381797 0.02824317466803521
23 0.3614394618873688 0.9103581786750556 0.02063976400381797 0.02824317466803521
23 0.1571150412158236 0.9474819705349458 0.02063976400381797 0.02824317466803521
23 0.376183761895323 0.8516826154433392 0.02063976400381797 0.028243174668035033
23 0.2733320292409588 0.7616621243221339 0.01905908267027261 0.02667158430895533
23 0.21462010057291342 0.7721592627876195 0.01905908267027261 0.02667158430895533
23 0.38987518658500375 0.6820831877502421 0.020657945337363516 0.02980567466803503
23 0.34993143925050385 0.6909087419067723 0.02063976400381797 0.028243174668035033
23 0.4546875 0.5671875 0.021875 0.015625
23 0.09522630525941249 0.6267700156162899 0.02063976400381797 0.028243174668035033
18 0.45705140654841453 0.9512053715916593 0.016024989337999784 0.03446590359079593
18 0.1688337912158236 0.9474137928418488 0.01606135200509069 0.03759090359079629
18 0.06627186521327824 0.9667592113615637 0.011319308004454331 0.032876132513557366
18 0.2858229385741861 0.7623706514494969 0.009738626670909056 0.031304542154477664
18 0.46654677458627647 0.6722627601553408 0.011319308004454243 0.032876132513557366
18 0.029718389242549614 0.7513614703385542 0.011319308004454331 0.032876132513557366
18 0.21415811859486694 0.6104541483262389 0.009738626670908879 0.031304542154477845
18 0.15074959926004877 0.6217598078689635 0.011355670671545326 0.03600113251355737
18 0.11953125 0.56796875 0.0109375 0.0171875
18 0.044254698599639486 0.5762887474659172 0.009702264003817972 0.028179542154477842
27 0.2895639145449147 0.9779592900131785 0.014389764003817973 0.02820681323171641
27 0.368054183243186 0.7447059075978169 0.017532945337363513 0.029787493949875808
27 0.014229201901686351 0.8069165787498106 0.015970445337363425 0.02977840359079629
27 0.3480882232654577 0.5807706726249316 0.014389764003817973 0.02820681323171641
27 0.14216493992682153 0.6210285548439013 0.014353401336727068 0.02508181323171659
25 0.08984375 0.99609375 0.0203125 0.0078125
25 0.37734375 0.57421875 0.0203125 0.0296875
21 0.51640625 0.94140625 0.0046875 0.0328125
21 0.4290825899109132 0.7365388835937118 0.011355670671545148 0.03600113251355737
21 0.4204524772438223 0.7397138805686497 0.011355670671545326 0.03600113251355737
21 0.33749452657545875 0.7526956695998696 0.011337489337999784 0.03443863251355737
21 0.05550872990932234 0.7504302294137405 0.011355670671545238 0.03600113251355737
21 0.03830304857577689 0.7520927233636163 0.011337489337999784 0.03443863251355737
21 0.037995607932866715 0.5771063589022357 0.009720445337363515 0.029742042154477667
11 0.40616106854714185 0.9608758082617468 0.025454533338636055 0.039207945745273774
11 0.0544291299331849 0.5746671601318998 0.017532945337363427 0.029787493949875808
24 0.3905542498806874 0.959404211852543 0.020657945337363516 0.029805674668035208
24 0.3271366398790965 0.9714911213952675 0.020657945337363516 0.029805674668035208
24 0.3951241185550961 0.9023502359548441 0.020657945337363516 0.029805674668035208
24 0.18061617588323262 0.9418768651487517 0.019077264003817974 0.028234084308955333
24 0.10311788454809637 0.9556080879231927 0.02380112667090888 0.031386355386194255
24 0.43253375922982296 0.8427616125164729 0.020657945337363516 0.02980567466803503
24 0.5074257659134586 0.717334365639731 0.020657945337363516 0.02980567466803503
24 0.32502179857577695 0.7504246424725064 0.02062158267027243 0.02668067466803503
24 0.4861689312540037 0.6643366306668457 0.023782945337363515 0.029823855386194253
24 0.3319263265834129 0.694138281036188 0.020657945337363516 0.02980567466803503
24 0.2450257632479585 0.7102677959651067 0.023782945337363515 0.029823855386194253
24 0.2940637945974123 0.5912405400131784 0.02380112667090888 0.031386355386194255
24 0.0671875 0.56875 0.01875 0.01875
29 0.35919516187941464 0.9689610190341353 0.01756930800445424 0.03291249394987581
29 0.34043607121264186 0.9698513533430908 0.014444308004454242 0.03289431323171641
29 0.11642640654841455 0.953187069871016 0.014444308004454332 0.03289431323171641
29 0.31089566390836787 0.755975205704223 0.014407945337363514 0.02976931323171641
29 0.05804283656909539 0.8011932986955813 0.015970445337363425 0.02977840359079629
29 0.2598967852482767 0.7078376875538503 0.014407945337363514 0.02976931323171659
29 0.4828125 0.56640625 0.015625 0.0140625
29 0.1319814179265034 0.6234313921779189 0.014444308004454242 0.032894313231716585
12 0.3028724365452328 0.9755382719610015 0.020657945337363516 0.029805674668035208
17 0.246875 0.98671875 0.01875 0.0265625
17 0.4000945239099586 0.7437383052366847 0.020694308004454244 0.03293067466803503
17 0.29989452924095883 0.7615075882177804 0.02231135200509069 0.037627265027114734
17 0.04469795190168635 0.8067393167477579 0.019131808004454333 0.03292158430895533
17 0.5048825685869127 0.6673525463578902 0.020712489337999785 0.03449317466803503
17 0.2809905352482767 0.7077149677062755 0.022293170671545327 0.03606476502711473
17 0.22667629992841237 0.6088189254536018 0.01918635200509069 0.037609084308955334
17 0.16483937126036707 0.6193342446372468 0.020694308004454244 0.03293067466803503
15 0.19296875 0.99140625 0.0171875 0.0171875
15 0.26744401388450534 0.9319973502198329 0.017605670671545327 0.03603749394987581
15 0.09231838657704956 0.7424041059753694 0.01604317067154524 0.03602840359079629
22 0.1578125 0.9921875 0.028125 0.015625
22 0.2291354918841872 0.9345638140172834 0.028470445337363516 0.029851126463433176
22 0.4106314872295048 0.8452326275435876 0.028470445337363516 0.029851126463433176
22 0.42586723058564 0.6771866094914109 0.028470445337363516 0.029851126463433176
22 0.21528371924732212 0.7151280127876195 0.030051126670908878 0.0314227168225127
22 0.13543258724541313 0.72965412110068 0.028470445337363516 0.029851126463433176
22 0.31673822593095774 0.5895462298065239 0.031613626670908876 0.0314318071815924
16 0.19789458255095987 0.9339643711988759 0.02231135200509069 0.037627265027114734
16 0.1384014038829145 0.9444660548439014 0.02231135200509069 0.037627265027114734
16 0.25539964190804965 0.7586416634515494 0.022293170671545327 0.03606476502711473
16 0.2975240545830948 0.6966820189359396 0.02231135200509069 0.037627265027114734
12 0.344996849220278 0.9135786274453916 0.020657945337363516 0.029805674668035208
12 0.34694225190964045 0.7463911274453918 0.020657945337363516 0.02980567466803503
34 0.51640625 0.8734375 0.0046875 0.034375
34 0.022451876591367093 0.637348967313492 0.020712489337999785 0.03449317466803503
13 0.471005365889596 0.8933156035394825 0.022293170671545327 0.03606476502711473
13 0.07955311521327824 0.9666819433093871 0.022293170671545237 0.03606476502711473
13 0.1989223752387316 0.7785001663784156 0.02231135200509069 0.037627265027114734
13 0.4390625 0.5734375 0.021875 0.028125
13 0.07872914859168527 0.6346779643866258 0.02231135200509069 0.037627265027114734
18 0.27764571721836895 0.9280320128858154 0.016024989337999784 0.03446590359079593
18 0.25180083255095986 0.9336507538106289 0.009738626670908879 0.031304542154477845
18 0.024783799212323744 0.9740313558771735 0.011319308004454331 0.032876132513557366
32 0.00703125 0.9734375 0.0140625 0.03125
32 0.45288262189691386 0.839518437848438 0.028470445337363516 0.029851126463433176
32 0.5140625 0.65859375 0.009375 0.0296875
31 0.49098315324636765 0.720554814410067 0.020621582670272608 0.02668067466803503
31 0.27919277259709413 0.5936706484244347 0.02063976400381797 0.028243174668035033
31 0.128125 0.5640625 0.015625 0.009375
18 0.09090078990295902 0.7970961511549093 0.009702264003817972 0.028179542154477665
22 0.08671875 0.5703125 0.0265625 0.021875
1 0.73828125 0.7796875 0.4390625 0.440625