29 0.284375 0.159375 0.56875 0.31875
21 0.784375 0.146875 0.43125 0.29375
21 0.284375 0.659375 0.56875 0.68125
33 0.884375 0.35703125 0.15 0.0765625
31 0.93671875 0.45390625 0.1265625 0.1953125
30 0.9453125 0.628125 0.109375 0.203125
25 0.96015625 0.809375 0.0796875 0.203125
24 0.75 0.3640625 0.14375 0.090625
22 0.7875 0.5034696741471336 0.1546875 0.2085268065307547
27 0.82109375 0.6780778045470202 0.1484375 0.1833085517214313
26 0.86875 0.8592261116259291 0.15 0.18648811542376223
16 0.63359375 0.3875 0.1296875 0.1375
28 0.6671875 0.5303273292266095 0.1453125 0.17851192431676957
23 0.70078125 0.709622959626496 0.14375 0.1909573606144388
32 0.740625 0.8847940852170592 0.1515625 0.197480179126093
10 0.59140625 0.53828125 0.0453125 0.2015625
13 0.6078125 0.72890625 0.078125 0.1984375
20 0.6296875 0.91171875 0.121875 0.1765625