29 0.33984375 0.275 0.6796875 0.55
5 0.8123668232398827 0.18703727955866417 0.1723131577089811 0.1999953029821361
4 0.9546875 0.11875 0.090625 0.221875
24 0 1 0.544975634375 1 0.5448857453125 0.934478853125 0.49995960312500004 0.736143990625 0.42439037500000004 0.6123948 0.3262283765625 0.5617358609374999 0.154964353125 0.5849380562500001 0.07524026874999999 0.6341942578124999 0.016810615625 0.7311649 0 0.8023356390625 0 1
24 0.8909398732963526 0.7791111192921074 0.04013915258848364 0.04640363855894432
24 0.69609375 0.92578125 0.0328125 0.0484375
24 0.9729626889966635 0.8750888605166189 0.04013915258848364 0.04640363855894432
27 0.8080903049652057 0.6823293960142848 0.0291106473268119 0.044522889812585564
13 0.749860576011893 0.6868744920159342 0.04426521046687393 0.06368206677218975
13 0.846875 0.98515625 0.04375 0.0296875
10 0.830610047072698 0.6806448755603136 0.040503173635170954 0.05265363855894432
10 0.6890625 0.81796875 0.01875 0.0484375
10 0.7567314732681177 0.8048432420159342 0.0403211631118273 0.049528638558944314
10 0.7777635810618035 0.9115251510288497 0.038758663111827296 0.0494831744523216
23 0.7185573681052679 0.6984424778301692 0.03857665258848364 0.0463581744523216
23 0.98359375 0.64765625 0.0328125 0.0484375
16 0.862595794441862 0.6807956397460786 0.0441742052052021 0.06211956677218975
29 0.8157956601280556 0.7878436101209074 0.028003173635170953 0.05228992570596276
29 0.9677907996329467 0.7595093246232414 0.02965667889684287 0.053897889812585476
29 0.8399982705525773 0.8953976973470683 0.02965667889684287 0.053897889812585476
29 0.99609375 0.9734375 0.0078125 0.053125
11 0.7246547206372818 0.8031299778301693 0.044356215728545756 0.06524456677218975
11 0.9402411942583354 0.8756966142775425 0.04408319994353036 0.06055706677218957
28 0.984375 0.9796875 0.03125 0.040625
34 0.8067608363234754 0.9139287370013692 0.0441742052052021 0.06211956677218957
30 0.69296875 0.70390625 0.0265625 0.0453125
30 0.9921875 0.86875 0.015625 0.046875
30 0.92734375 0.98515625 0.0390625 0.0296875
14 0.7826730760118931 0.6878292382550105 0.03857665258848364 0.04635817445232169
14 0.8938079970868154 0.6676651539318434 0.0403211631118273 0.049528638558944314
14 0.8965744942442179 0.8892446372387962 0.03857665258848364 0.04635817445232178
14 0.959375 0.98203125 0.0375 0.0359375
27 0.7821487022214304 0.7993433997752085 0.029110647326811723 0.044522889812585474
27 0.8265625 0.99453125 0.025 0.0109375
17 0.8411673864505321 0.7815625178801817 0.0426117052052021 0.06207410266556703
17 0.98515625 0.753125 0.0296875 0.059375
17 0.864497741613382 0.8875313730530312 0.04095819994353036 0.06046613855894449
27 0.8693378890813681 0.7831621217993899 0.025985647326811724 0.04443196159934022
32 0.9287660969879934 0.7724124899043632 0.05456567363517095 0.05306281551854841
32 0.7414543547393267 0.9174879945232167 0.054383663111827296 0.04993781551854859
26 0.896875 0.9875 0.04375 0.025