35 0.1796875 0.2796875 0.359375 0.559375
16 0.98359375 0.1875 0.0328125 0.053125
17 0.975 0.16640625 0.05 0.0484375
18 0.99453125 0.2015625 0.0109375 0.034375
29 0.9580079688445927 0.1489380744449993 0.05300388648947969 0.049203787427387444
18 0.99609375 0.39609375 0.0078125 0.0328125
21 0.9366905806570701 0.3176174538906694 0.032952202344038464 0.028017992142117087
18 0.9476979318290895 0.33042566894448133 0.03461483189368782 0.02965326674922304
18 0.8285300223606505 0.1949312787454443 0.037839961443337164 0.03136131596343468
21 0.9425097840808426 0.32283149276579887 0.03461483189368782 0.029653266749222952
21 0.8447255212809163 0.2153336699779386 0.033052331893687815 0.02958049214211709
11 0.8733907418235519 0.246909001657139 0.039602720542635694 0.03455909057054054
17 0.917269952187155 0.29579811187238675 0.0413654796419344 0.037756865177646405
23 0.98984375 0.3859375 0.0203125 0.03125
10 0.8348999383074943 0.20873906762057376 0.033052331893687815 0.02958049214211709
14 0.857946214525656 0.2382253604246447 0.033152461443336986 0.031142992142117087
27 0.8469388633536369 0.22541714537083277 0.026501943244739756 0.024601893713693722
23 0.8140670041620531 0.18933625020939698 0.02982720234403846 0.02787244292790545
32 0.9571427830011086 0.3433066586053991 0.039903109191583755 0.03924659057054054
12 0.9253525624584729 0.3118768761404104 0.033152461443336986 0.031142992142117177
22 0.8857801202934672 0.26905582940739803 0.04156573874123311 0.0408818651776464
10 0.904018980564785 0.28466155872923365 0.033152461443336986 0.031142992142117087
17 0.7297921337117025 0.1948285789931133 0.0413654796419344 0.037756865177646405
17 0.7576260394795135 0.22565904797586667 0.03804022054263569 0.034486315963434676
17 0.6092119185677376 0.06175071340118208 0.039702850092285046 0.03612159057054058
15 0.9890625 0.48828125 0.021875 0.0328125
18 0.98671875 0.48203125 0.0265625 0.0296875
18 0.749162697406793 0.2158666710113959 0.03461483189368782 0.029653266749222952
29 0.7114531438907352 0.17766034967127772 0.03804022054263569 0.034486315963434676
21 0.5721834855020306 0.021945504757510947 0.03461483189368782 0.029653266749223018
11 0.8522853022794401 0.3333024199779386 0.0413654796419344 0.037756865177646405
17 0.7028396074935407 0.165524222706807 0.039702850092285046 0.03612159057054054
17 0.6605729619047624 0.11734358788445345 0.0429279796419344 0.03782963978475227
13 0.6339708891103732 0.09350798159814717 0.046253238741233105 0.04110018899896399
13 0.9439499730066458 0.4308987038906694 0.04302810919158375 0.03939213978475227
18 0.8924888001199717 0.3737433294073981 0.03637759099298634 0.03285104135632881
29 0.619387954964932 0.07381406575854695 0.039702850092285046 0.03612159057054058
29 0.8977770774178676 0.38290000558608045 0.039702850092285046 0.03612159057054054
29 0.8025368237172398 0.2784180208875614 0.03471496144333699 0.03121576674922295
29 0.7933422964193438 0.2694432812266436 0.03637759099298634 0.03285104135632881
27 0.8272457294850508 0.3093940390845265 0.02972707279438911 0.02630994292790545
23 0.99296875 0.503125 0.0140625 0.03125
30 0.9150041502122568 0.40717225951502184 0.03804022054263569 0.034486315963434676
32 0.76903390885013 0.24471726302967856 0.04146560919158375 0.039319365177646406
12 0.7378246792081956 0.21012609326113693 0.033052331893687635 0.02958049214211709
12 0.5759593275747511 0.03195620554329923 0.033152461443337077 0.031142992142117132
27 0.9806477390457748 0.4777715498378935 0.029727072794389287 0.02630994292790554
27 0.819613702187155 0.3003465248165028 0.033052331893687815 0.029580492142117176
14 0.592936076495017 0.052322209472240665 0.03647772054263569 0.03441354135632886
14 0.9520826480527884 0.447758718158693 0.03804022054263569 0.034486315963434676
28 0.9039967990402374 0.39436404446121004 0.033052331893687815 0.029580492142117266
14 0.8094877305647851 0.289064422459138 0.0398029796419344 0.03768409057054054
14 0.6865137006459955 0.1553144687778656 0.038140350092285044 0.03604881596343468
10 0.8374217658822454 0.32145739144189134 0.038140350092285044 0.03604881596343468
10 0.6459597493816911 0.10940480934840616 0.038140350092285044 0.03604881596343472
10 0.546875 0.009375 0.0375 0.01875
22 0.9664653230989309 0.46432763399829324 0.039903109191583755 0.03924659057054054
19 0.9267927513842761 0.4199440872652809 0.04282785009228505 0.03626713978475227
14 0.8686309955241798 0.356048561210433 0.03804022054263569 0.034486315963434676
14 0.55859375 0.015625 0.0390625 0.03125
12 0.8804195966961992 0.3688203889606919 0.033052331893687815 0.029580492142117266
34 0.6702879233480996 0.14666721484892414 0.0413654796419344 0.037756865177646405
12 0.7686217011074208 0.3238782241545491 0.044790868290882455 0.04258991439185813
13 0.96953125 0.5421875 0.0421875 0.034375
17 0.7575142203857522 0.3095075091007371 0.04302810919158375 0.03939213978475227
13 0.9077411651716515 0.4772493190683158 0.0413654796419344 0.037756865177646405
17 0.6799819008305656 0.22457389102760655 0.0429279796419344 0.03782963978475227
20 0.7182421668696946 0.2713739623677248 0.039702850092285046 0.03612159057054054
18 0.5922735448781844 0.12757692059711115 0.03461483189368782 0.029653266749222994
13 0.5829788880306391 0.11703968093619337 0.04302810919158375 0.03939213978475227
18 0.8940896753506843 0.4598627659251626 0.03783996144333699 0.03136131596343468
28 0.7028779827242534 0.25171643383167747 0.039702850092285046 0.03612159057054054
27 0.6222707279438914 0.16770961497275866 0.03481509099298634 0.03277826674922295
23 0.880257712827613 0.45188760008556245 0.033152461443336986 0.031142992142117087
23 0.8078634762458485 0.3737669081911143 0.033052331893687815 0.029580492142117266
27 0.8642124082318212 0.43382895885306816 0.029727072794389287 0.02630994292790554
14 0.8541365013842761 0.42332810649570324 0.03637759099298634 0.03285104135632881
12 0.7278372123661878 0.28659870202864257 0.03637759099298634 0.03285104135632881
30 0.6637561235326697 0.21592663709866516 0.033052331893687815 0.02958049214211709
22 0.6492733189368778 0.19779522125906493 0.04489099784053163 0.04415241439185813
23 0.9181675254429693 0.4932189214256807 0.03637759099298634 0.03285104135632899
24 0.8188708274178677 0.38657512324492627 0.033152461443336986 0.031142992142117264
28 0.8424480297619061 0.4121187787454442 0.038140350092285044 0.03604881596343468
28 0.7968060602990045 0.36017744313730243 0.03481509099298634 0.03277826674922295
30 0.7410881839885576 0.2977352551717957 0.033052331893687635 0.02958049214211709
12 0.6880645111018835 0.24065265529563024 0.03637759099298634 0.03285104135632881
24 0.952902273283501 0.5339145419800106 0.03647772054263569 0.03441354135632881
14 0.6325468938907353 0.18133546733012346 0.03804022054263569 0.034486315963434676
28 0.6064256824473981 0.1527759737402643 0.03637759099298643 0.0328510413563289
14 0.7843363386766345 0.3490045026905964 0.04146560919158375 0.039319365177646406
10 0.5962997108250283 0.14149387138289943 0.03804022054263578 0.034486315963434766
24 0.9828125 0.55390625 0.034375 0.0109375
10 0.9293250709394627 0.5083708864794926 0.03804022054263569 0.034486315963434676
25 0.8284658729143608 0.401799862905844 0.0413654796419344 0.037756865177646405
23 0.8859375 0.5390625 0.04375 0.040625
29 0.8241776935492815 0.4693876232449263 0.04479086829088228 0.04258991439185813
14 0.7753105945367308 0.41602933685099613 0.0413654796419344 0.037756865177646405
24 0.7398947262458483 0.3769326036002191 0.044790868290882455 0.04258991439185813
29 0.8688381539128847 0.518240346156621 0.044790868290882455 0.04258991439185813
11 0.7988877968807693 0.44157299235151415 0.038140350092285044 0.03604881596343468
32 0.7230181068752318 0.3581290996712777 0.04977875693983034 0.04749573821317572
24 0.90234375 0.54765625 0.0453125 0.0234375
17 0.8545556084163912 0.5032339303170208 0.04302810919158375 0.03939213978475227
21 0.7862178161591007 0.42727505190480813 0.038140350092285044 0.03604881596343468
23 0.7558899660668156 0.39420999483271346 0.0413654796419344 0.037756865177646405
14 0.8410543129198981 0.48819112717386764 0.0413654796419344 0.037756865177646405
10 0.8131202776024378 0.4557981581911143 0.0431282387412331 0.040954639784752445
21 0.7179067095884106 0.5229193457423362 0.03461483189368782 0.029653266749222952
17 0.7515625 0.54921875 0.040625 0.0203125
18 0.6015331330933936 0.3943470436326404 0.032952202344038464 0.028017992142117264
21 0.6080835217423416 0.398743445204217 0.032952202344038464 0.028017992142117087
21 0.5095680737172398 0.29206325971990965 0.03461483189368782 0.02965326674922304
13 0.7094433675156899 0.5131269687778656 0.0413654796419344 0.037756865177646405
21 0.5558410988556675 0.3416244580244986 0.03461483189368782 0.029653266749222952
27 0.6647328423772624 0.46349299586617076 0.04302810919158375 0.03939213978475227
17 0.38125 0.1484375 0.04375 0.040625
18 0.5255132487633822 0.3085594009524041 0.03461483189368782 0.029653266749222952
29 0.4160405143410859 0.18985225041428472 0.039702850092285046 0.03612159057054054
29 0.3900194324473982 0.16285525682442553 0.03637759099298643 0.03285104135632881
11 0.6158657433647116 0.4101347094722406 0.04302810919158375 0.03939213978475227
29 0.4903477043466233 0.273368917701627 0.03637759099298634 0.03285104135632881
12 0.5916074205703223 0.38618994127527556 0.033052331893687815 0.029580492142117266
29 0.6809784060723529 0.48467663709866515 0.039702850092285046 0.03612159057054072
23 0.6938987106681447 0.5028808275453712 0.03804022054263569 0.034486315963434676
23 0.5665678477759333 0.36228156038186343 0.03637759099298643 0.03285104135632881
28 0.5134941101144344 0.30441771050569794 0.03637759099298643 0.03285104135632881
27 0.46858332587670815 0.2516587375940032 0.02972707279438911 0.02630994292790545
14 0.371875 0.1390625 0.025 0.040625
24 0.734375 0.54609375 0.034375 0.0265625
24 0.4283297632613518 0.21043657816454378 0.033152461443337077 0.031142992142117087
24 0.40298980181801464 0.18184069727113164 0.0398029796419344 0.03768409057054054
10 0.4974988702934672 0.28714031927320366 0.038140350092285044 0.03604881596343468
24 0.47802817704872735 0.264539727254921 0.03804022054263569 0.034486315963434676
30 0.7242265607604298 0.5359458846174657 0.03315246144333717 0.031142992142117264
14 0.6492382503045417 0.4540281046336764 0.03804022054263569 0.034486315963434676
30 0.6247296036360294 0.4261770864367113 0.03804022054263569 0.034486315963434676
14 0.5421593306570701 0.33599304218489834 0.0398029796419344 0.03768409057054054
28 0.4578262985788122 0.24275677254019126 0.03637759099298643 0.03285104135632881
10 0.5775751989479525 0.37508977543567534 0.03637759099298643 0.03285104135632899
16 0.5273959238095248 0.3257105136488511 0.0413654796419344 0.037756865177646405
16 0.4387561235326697 0.22640618052190858 0.0413654796419344 0.037756865177646405
25 0.6352060286821719 0.4429279387940762 0.0429279796419344 0.03782963978475227
3 0.29921875 0.73046875 0.1203125 0.3421875
4 0.24921875 0.678125 0.2203125 0.2375
8 0.19296875 0.89921875 0.3328125 0.2015625
9 0.13984375 0.8546875 0.2671875 0.290625
29 0.6796875 0.7796875 0.640625 0.440625