20 0.36953125 0.19453125 0.7390625 0.3890625
4 0.953125 0.096875 0.09375 0.1625
4 0.92109375 0.03046875 0.1546875 0.0609375
5 0.6703125 0.85703125 0.1375 0.2015625
0 0.6049586427004244 0.7747227991547054 0.19484060509226264 0.18505226458147633
9 0.5042221663073606 0.6904039719576744 0.19980112087727822 0.18987615690134446
8 0.40504818991429675 0.6061306088672662 0.18326606826055974 0.17379651583511765
7 0.31143396878290475 0.5204538701500373 0.191533594568919 0.18183633636823107
0 0.2125 0.45390625 0.184375 0.1296875
4 0.11875 0.41328125 0.184375 0.0484375
27 0.86953125 0.69453125 0.2609375 0.6109375