34 0.21484375 0.234375 0.4296875 0.46875
1 0.9513008476426392 0.09126250561193157 0.02383754350298606 0.018005955534962936
1 0.8034095147207296 0.1430829220393349 0.02383754350298606 0.018005955534962936
4 0.8040089267648269 0.13529770389050028 0.028634146276527873 0.02285714664195524
2 0.8068066184442019 0.121344331295162 0.028634146276527873 0.02285714664195524
2 0.809549758736806 0.10504720869982372 0.028634146276527873 0.022857146641955418
0 0.8081690966927088 0.11280514499749286 0.028634146276527873 0.022857146641955418
0 0.810912236985313 0.09650802240215457 0.028634146276527873 0.022857146641955418
2 0.6882735175705212 0.05943955362034785 0.020639808320624908 0.014771828130301045
9 0.688128047205799 0.05318955362034785 0.020676175911805574 0.016334328130301046
1 0.5601680077868755 0.12287951632688685 0.02383754350298606 0.018005955534962936
3 0.5607492360353824 0.11431304817805224 0.028634146276527873 0.022857146641955418
2 0.5643645453059379 0.10194945743387943 0.025472778685347208 0.021185519237293705
2 0.5670895018029519 0.08487108483854114 0.028634146276527873 0.022857146641955418
0 0.5656906559632644 0.09184777113621027 0.028634146276527873 0.022857146641955418
1 0.5677252814382296 0.07864836668970661 0.023837543502986235 0.018005955534962936
2 0.44765625 0.00546875 0.0203125 0.0109375
9 0.44921875 0.003125 0.0203125 0.00625
22 0.21484375 0.734375 0.4296875 0.53125
24 0.71484375 0.734375 0.5703125 0.53125