24 0 0 0 0.4890625 0.074981821875 0.4890625 0.08303780937500001 0.48191717812499996 0.17361939843750002 0.3300425984375 0.22021506406250002 0.184228496875 0.22654830937499998 0.051620849999999996 0.217101803125 0 0 0
23 0.659375 0.24453125 0.68125 0.4890625
1 0.00390625 0.9484375 0.0078125 0.025
1 0.05232151278350781 0.7944695401284448 0.018005955534962936 0.024840503333979847
4 0.04453629463467319 0.7958885189166176 0.022857146641955418 0.029910640606883553
2 0.029801672039334905 0.8002252036141456 0.022857146641955418 0.029910640606883553
2 0.014285799443996616 0.8046256611904911 0.022857146641955418 0.029910640606883376
0 0.02204373574166576 0.8024254324023182 0.022857146641955418 0.029910640606883376
0 0.0078125 0.80546875 0.015625 0.0296875
1 0.03125501151756342 0.5501774061895212 0.018005955534962936 0.024840503333979847
3 0.023469793368728807 0.5515963849776938 0.022857146641955418 0.029910640606883466
2 0.01015625 0.55546875 0.0203125 0.0265625
0 0.00546875 0.55859375 0.0109375 0.0296875