3 0.13984375 0.359375 0.2796875 0.71875
10 0.42421875 0.51875 0.2890625 0.3125
32 0.46015625 0.2578125 0.3609375 0.35625
15 0.687697383495516 0.4048167219510351 0.3392726200205255 0.33223738364905947
17 0.8828125 0.575 0.234375 0.2875
13 0.86875 0.359375 0.2625 0.334375
12 0.5203125 0.078125 0.353125 0.15625
16 0.7859375 0.11875 0.35 0.2375
11 0.96171875 0.17109375 0.0765625 0.3421875
24 0 1 0.2796875 1 0.2796875 0.71875 0 0.71875 0 1
25 0.43984375 0.95546875 0.3203125 0.0890625
35 0.72890625 0.95546875 0.3828125 0.0890625