5 0.265625 0.259375 0.346875 0.51875
1 0.8640053357717011 0.1516203002914425 0.019586454597152782 0.037248627723940816
0 0.8412581667937499 0.15394227095834734 0.029070557370694416 0.04259169158591121
1 0.9229939035916317 0.4077171170034045 0.014717116641249995 0.029108345792955605
1 0.9112206022048607 0.40924141217594145 0.016315984232430657 0.030780106436617417
1 0.8374921614754163 0.4166061619238399 0.01475348423243048 0.030670845792955603
1 0.7214853017680205 0.42492712429287155 0.014644381458888845 0.025983345792955602
1 0.6610926624253468 0.4308768395118948 0.014717116641249995 0.029108345792955605
2 0.8830228670224998 0.41039972059003027 0.017769381458888844 0.02620186708027905
2 0.8516273966577774 0.4144645077167956 0.01624324905006951 0.027655106436617415
2 0.94609375 0.51015625 0.0203125 0.0171875
0 0.8665256980445483 0.413158733831582 0.017805749050069507 0.027764367080279052
8 0.7065688165856594 0.42701414817808503 0.017805749050069507 0.027764367080279052
3 0.6901261989944788 0.4274294114196369 0.019404616641249994 0.029436127723940685
3 0.6469937948341663 0.43145599371893917 0.017769381458888844 0.026201867080279228
9 0.6744284638121176 0.4294618049830195 0.020967116641249995 0.0295453883676025
9 0.6312960596518051 0.43348838728232175 0.017805749050069507 0.027764367080279052
5 0.6140721920606247 0.43384902020204275 0.01624324905006951 0.027655106436617415
25 0.4390625 0.51875 0 0.51875 0 0.5597816984375 0.018798118750000002 0.6075528671875 0.11957130625000001 0.7179421421875001 0.252829421875 0.7988052812499999 0.39568656406249997 0.8087948265625 0.4390625 0.9419589937499999 0.4390625 0.51875
13 0.6859375 0.79453125 0.49375 0.4109375