3 0.21484375 0.1890625 0.4296875 0.3
27 0.503125 0.065625 0.146875 0.13125
26 0.4640625 0.1984375 0.06875 0.1875
23 0.60078125 0.090625 0.1640625 0.18125
32 0.5296875 0.240625 0.171875 0.196875
10 0.7796875 0.02578125 0.165625 0.0515625
13 0.71813764640429 0.12498132022658641 0.17457627667402048 0.1989362015966055
20 0.6375 0.26875 0.165625 0.140625
7 0.04140625 0.95234375 0.0828125 0.0953125
9 0.065625 0.89609375 0.13125 0.1890625
3 0.09375 0.78359375 0.1875 0.1921875
3 0.136209096156621 0.6708854333449977 0.22657542431665548 0.21041221247102052
3 0.19706316708245453 0.5575206117098988 0.21854460049533805 0.20540637749004845
0 0.25308418879407624 0.44708978908621644 0.22166960049533807 0.2055337114824372
1 0.30625 0.38359375 0.21875 0.0890625
13 0.71484375 0.66953125 0.5703125 0.6609375