34 0.134375 0.275 0.26875 0.55
32 0.6905667198110321 0.49596609144397286 0.025891337946721472 0.023331084186749607
32 0.95546875 0.53828125 0.0265625 0.0234375
18 0.5745132968833386 0.5189647047110919 0.01033000494291585 0.023983531570031146
18 0.4252428087463368 0.45388719432892255 0.01033000494291585 0.023983531570031146
18 0.6351934703053237 0.4903916546546222 0.01033000494291585 0.023983531570031146
18 0.5161874382135516 0.23991497056669467 0.013518671939110227 0.025728042093374804
18 0.903530929316303 0.304762780722985 0.01033000494291585 0.023983531570031146
18 0.7082940251716898 0.23387561512149616 0.013518671939110405 0.025728042093374804
18 0.875626105209746 0.25928368075121994 0.01033000494291585 0.023983531570031146
18 0.43525045600804874 0.15062568643641477 0.013518671939110227 0.025728042093374804
18 0.76171875 0.01171875 0.0140625 0.0234375
18 0.9595713181750579 0.04412068331146868 0.01351867193911005 0.025728042093374804
29 0.28988097030532367 0.4702794918251435 0.01189250494291585 0.024074536831702888
29 0.30928222771969754 0.4361698023343698 0.013518671939110227 0.025728042093374804
29 0.4182752257425312 0.4519151706513993 0.01189250494291585 0.024074536831702888
29 0.5107664732710733 0.4690487337208743 0.013518671939110405 0.025728042093374804
29 0.8437726328528938 0.5221176097186501 0.01189250494291585 0.024074536831702888
29 0.49135989867022467 0.4264139126883043 0.01189250494291585 0.024074536831702888
29 0.5076255217116488 0.23863319162749946 0.013518671939110227 0.025728042093374804
29 0.8242254312934694 0.29074651237772076 0.01351867193911005 0.025728042093374804
29 0.4407855315974805 0.18775396011393813 0.01189250494291585 0.024074536831702888
29 0.5520267791260226 0.20597958632347532 0.013518671939110227 0.025728042093374804
29 0.6741418596583703 0.2264047493647155 0.013518671939110227 0.025728042093374804
29 0.9261845207230657 0.26771010175555504 0.01189250494291585 0.024074536831702888
29 0.41900337349853467 0.14576388118886036 0.01189250494291585 0.024074536831702888
29 0.6850448675670358 0.18945078093474654 0.01189250494291585 0.024074536831702888
29 0.9386049021674469 0.03976711227889873 0.01189250494291585 0.024074536831702974
17 0.4197767173395742 0.49194093117474297 0.01976867193911023 0.026092063140062294
17 0.7106882188224489 0.5018366598457069 0.019768671939110406 0.026092063140062294
17 0.33576245057084125 0.17067360495108827 0.01976867193911023 0.026092063140062117
17 0.8630624382135516 0.26011813865784517 0.019768671939110048 0.026092063140062204
17 0.9385571867306769 0.2715631438489298 0.019768671939110048 0.026092063140062117
17 0.3334160419776039 0.13216484179690866 0.01976867193911023 0.026092063140062117
30 0.37947005232054615 0.4817622943712749 0.01801517095052709 0.021313557878390378
30 0.4525892173395742 0.4938520416698518 0.01801517095052709 0.021313557878390378
30 0.6446666293928527 0.5269661914863251 0.01801517095052709 0.021313557878390198
30 0.4976443907615592 0.46436893899666354 0.01801517095052709 0.021313557878390198
30 0.8594294663509909 0.5222464123353685 0.01801517095052709 0.021313557878390198
30 0.5077661486702246 0.4273694679358587 0.01801517095052709 0.021313557878390378
30 0.49606593920213476 0.23404440216496064 0.01801517095052709 0.021313557878390378
30 0.42685036558986933 0.18380991275889152 0.01801517095052709 0.021313557878390378
30 0.48050194760509174 0.19319959428657024 0.01801517095052709 0.021313557878390378
30 0.28451562695857585 0.1214856760542454 0.01801517095052709 0.021313557878390378
30 0.6975767010651329 0.18939757302812135 0.014890170950527092 0.02113154735504672
30 0.7901501561217794 0.01232610978923714 0.01801517095052709 0.021313557878390333
30 0.9099214866541271 0.03261476493796951 0.01801517095052709 0.021313557878390378
28 0.40190346783386577 0.4885506206655167 0.01801517095052709 0.021313557878390198
28 0.5855436387843929 0.478885736281123 0.014890170950527092 0.02113154735504672
28 0.6640997203053237 0.49207525199555135 0.014890170950527092 0.02113154735504672
28 0.3016262366169461 0.39343627076433874 0.01801517095052709 0.021313557878390198
28 0.56062318771926 0.24485237052434233 0.01814250494291585 0.024438557878390377
28 0.6329292692401909 0.25767786519208336 0.015017504942915849 0.02425654735504663
28 0.6477093522439965 0.26010491517796586 0.01814250494291585 0.024438557878390377
28 0.6788320182516077 0.2650500204114029 0.01801517095052709 0.021313557878390378
28 0.8351947647915665 0.2906022992094237 0.01801517095052709 0.021313557878390378
28 0.8935656803048861 0.299483746522118 0.01664367193911005 0.02591005261671846
28 0.5388410296203142 0.20286229159926455 0.01814250494291585 0.024438557878390377
28 0.738013358669787 0.23482346509326132 0.01801517095052709 0.021313557878390378
28 0.72421875 0.00546875 0.0171875 0.0109375
13 0.4749907993547966 0.5014216179640936 0.019768671939110406 0.026092063140062294
13 0.5450486313700191 0.5117668547393268 0.01976867193911023 0.026092063140062294
13 0.78671875 0.5453125 0.0203125 0.009375
13 0.5247653062748789 0.4714302810759209 0.019768671939110406 0.026092063140062117
13 0.28443873661694613 0.3924352128859484 0.01976867193911023 0.026092063140062117
13 0.3060776091640787 0.20731676024099502 0.01976867193911023 0.026092063140062204
13 0.7354812662744413 0.2777467124624254 0.019768671939110406 0.026092063140062204
13 0.8600037638029834 0.2967458833961733 0.022893671939110405 0.02627407366340595
13 0.9649631778334282 0.3153887385590231 0.02289367193911005 0.02627407366340595
13 0.27109375 0.16015625 0.0046875 0.0265625
13 0.9044050212173573 0.2640922780921492 0.01664367193911005 0.02591005261671846
13 0.69921875 0.0078125 0.0203125 0.015625
14 0.519426548860505 0.5063590179217413 0.01801517095052709 0.021313557878390378
14 0.7069119614080751 0.5368564019531992 0.01801517095052709 0.021313557878390198
14 0.7224732944118808 0.5393289545699176 0.01801517095052709 0.021313557878390378
14 0.753125 0.540625 0.01875 0.01875
14 0.27890625 0.4265625 0.0203125 0.021875
14 0.34671856072350316 0.43991642861449415 0.01801517095052709 0.021313557878390198
14 0.38024864372730877 0.4434355417404389 0.01801517095052709 0.021313557878390378
14 0.7925284678338658 0.511301936083479 0.01814250494291585 0.0244385578783902
14 0.8850833823586022 0.5268729991529539 0.01801517095052709 0.021313557878390378
14 0.4113686511416826 0.41000839171220405 0.01801517095052709 0.021313557878390198
14 0.5334837316740302 0.43043355475344425 0.01801517095052709 0.021313557878390198
14 0.29070727714885625 0.20015670762427656 0.01814250494291585 0.024438557878390377
14 0.6625212687458992 0.26175071516384846 0.01801517095052709 0.021313557878390378
14 0.7621074332706357 0.27773130191084683 0.01801517095052709 0.021313557878390378
14 0.793230099278247 0.2826764071442838 0.01801517095052709 0.021313557878390378
14 0.8772230973010806 0.2969656912745636 0.01801517095052709 0.021313557878390378
14 0.950405929316303 0.30749293857314053 0.01814250494291585 0.024438557878390377
14 0.283705202053716 0.16059367868508137 0.02126750494291585 0.024620568401734034
14 0.3529499505708413 0.17167466282947866 0.02126750494291585 0.024620568401734034
14 0.7208895256659815 0.23225990721487094 0.01814250494291585 0.024438557878390377
14 0.8476921061983292 0.2529580860411267 0.01814250494291585 0.024438557878390377
14 0.9573708537268713 0.271092706988992 0.01814250494291585 0.024438557878390377
14 0.35919729197760386 0.13366642861449418 0.021140170950527094 0.021495568401734035
14 0.3903199579852151 0.13861153384793118 0.021140170950527094 0.021495568401734035
14 0.6034592865403965 0.17373550469697446 0.01801517095052709 0.021313557878390378
14 0.7256380340689385 0.19259816773821462 0.01801517095052709 0.021313557878390378
14 0.68359375 0.003125 0.0171875 0.00625
14 0.73984375 0.0078125 0.0171875 0.015625
14 0.8469267381370018 0.021897801840259624 0.02126750494291585 0.024620568401734034
14 0.9892906516731552 0.04506853328323381 0.01814250494291585 0.024438557878390377
10 0.40590255973491995 0.4480621285580245 0.01801517095052709 0.021313557878390198
10 0.8306505503433798 0.5174378149944392 0.015017504942915849 0.02425654735504672
10 0.4789872326626134 0.42256087059492947 0.01801517095052709 0.021313557878390198
10 0.6158691032325796 0.253551807313693 0.015017504942915849 0.02425654735504672
10 0.7037683512554133 0.2680686045981525 0.01801517095052709 0.021313557878390378
10 0.5645267791260226 0.20670762841685014 0.01814250494291585 0.024438557878390377
10 0.6080857781374395 0.21394327574366184 0.01814250494291585 0.024438557878390377
10 0.8041331071869123 0.24572243871431487 0.01814250494291585 0.024438557878390377
10 0.27265625 0.11640625 0.0078125 0.0234375
10 0.6703602850575217 0.18467998094886404 0.01801517095052709 0.021313557878390378
10 0.8633011546389046 0.023634607087814043 0.019768671939110048 0.026092063140062204
16 0.6043917978719218 0.516006304682857 0.02308467292769336 0.030961573663405774
16 0.3290044787082807 0.43261986810526787 0.01995967292769345 0.030779563140062294
16 0.9093339658566993 0.5275023307088677 0.01664367193911005 0.02591005261671846
16 0.545157355209746 0.24003606790762383 0.01976867193911023 0.026092063140062204
16 0.9170031803048861 0.3008488254471958 0.01983233893530496 0.027654563140062115
16 0.5809648626241197 0.20688193366440455 0.022893671939110228 0.02627407366340595
16 0.8306796556274879 0.017035996592705216 0.026209672927693363 0.031143584186749583
23 0.76875 0.54296875 0.01875 0.0140625
23 0.3630293102292116 0.44321573386204866 0.01801517095052709 0.021313557878390198
23 0.45561605825204515 0.4580055469315236 0.01801517095052709 0.021313557878390378
23 0.8150255503433798 0.5165277623777207 0.01801517095052709 0.021313557878390198
23 0.271875 0.3875 0.00625 0.021875
23 0.5279061882135516 0.24059751002923352 0.01801517095052709 0.021313557878390378
23 0.7201109342592189 0.2705866598457069 0.01814250494291585 0.024438557878390377
23 0.8079783487839552 0.28588470713016634 0.01801517095052709 0.021313557878390378
23 0.9323735123201086 0.30800887806391425 0.014890170950527092 0.02113154735504672
23 0.5217490301146058 0.19951748372087427 0.01814250494291585 0.024438557878390377
23 0.8881261052097459 0.26001172284459473 0.01801517095052709 0.021313557878390378
23 0.30085820996238144 0.12400373130179983 0.01801517095052709 0.021313557878390378
23 0.4066625409890207 0.14112958909548556 0.01801517095052709 0.021313557878390378
23 0.4478777900004375 0.14822872852978958 0.01801517095052709 0.021313557878390378
0 0.40029052418310673 0.2206350785721419 0.01976867193911023 0.026092063140062117
0 0.41660127368881517 0.22393438381969633 0.01976867193911023 0.026092063140062117
0 0.4337251066926207 0.22649794169808665 0.019768671939110406 0.026092063140062204
0 0.28828125 0.00390625 0.0203125 0.0078125
22 0.271875 0.25703125 0.00625 0.0203125
22 0.6283027776431478 0.21747009414539592 0.03057883794672165 0.023604099971765092
22 0.321875 0.00390625 0.025 0.0078125
27 0.6586654623966584 0.5293477388413719 0.011765170950527093 0.020949536831702885
27 0.39340255973491994 0.44733408646464967 0.011765170950527093 0.020949536831702885
27 0.5738567222824901 0.4774219468185842 0.011765170950527093 0.020949536831702885
27 0.6455088877958097 0.48707693885548925 0.011765170950527093 0.020949536831702885
27 0.9207662143738247 0.5352161201714065 0.011765170950527093 0.020949536831702885
27 0.38330731813787694 0.4068077970021108 0.011765170950527093 0.020949536831702885
27 0.5202661486702247 0.4280975100292335 0.011765170950527093 0.020949536831702885
27 0.49450078060889735 0.19558114164161688 0.011637836958138336 0.017824536831702886
27 0.5956494451336338 0.21165273365028708 0.011765170950527093 0.020949536831702975
27 0.701421942662176 0.22955984144397285 0.011765170950527093 0.020949536831702975
27 0.7854467741831067 0.24306787557425266 0.011765170950527093 0.020949536831702885
27 0.5746803705327852 0.16892690735604532 0.011637836958138336 0.017824536831702886
27 0.7123567840689384 0.19182462301400394 0.011637836958138336 0.017824536831702886
27 0.753125 0.0078125 0.0125 0.015625
27 0.8765187376427104 0.025970651812024757 0.011765170950527093 0.020949536831702975
21 0.46255446635099096 0.4991310758707188 0.01033000494291585 0.023983531570031146
21 0.6523491368072265 0.4921739625330126 0.01033000494291585 0.023983531570031146
21 0.7464665513319629 0.5078360308641594 0.013518671939110227 0.025728042093374804
21 0.6055855192401909 0.256085273112826 0.01033000494291585 0.023983531570031146
21 0.9549474851712525 0.04228516752645315 0.008703837946721648 0.02233002630835923
15 0.4469241491645162 0.4214765127306566 0.013518671939110227 0.025728042093374804
15 0.3458258586697871 0.21198114441362717 0.013518671939110227 0.025728042093374804
15 0.3543241081754955 0.21482542335282231 0.01189250494291585 0.024074536831702888
15 0.7565405241831067 0.24138427823332348 0.013518671939110227 0.025728042093374804
15 0.6367983685556189 0.18194211782291925 0.013518671939110227 0.025728042093374804
24 0.3040071373015181 0.4695360391801902 0.021140170950527094 0.021495568401734035
24 0.36146946882244896 0.48149698386204864 0.01801517095052709 0.021313557878390198
24 0.436151133841477 0.4936777364222974 0.01801517095052709 0.021313557878390378
24 0.5637031308757274 0.515202667879389 0.01801517095052709 0.021313557878390378
24 0.6283558798871443 0.5236668862387707 0.021012836958138336 0.018370568401734032
24 0.4385240587463368 0.4546607390531333 0.01801517095052709 0.021313557878390198
24 0.4813018077577536 0.4618508837491092 0.01801517095052709 0.021313557878390198
24 0.5419846397729761 0.47165008895431126 0.021140170950527094 0.021495568401734035
24 0.5598578892786844 0.47504039946353754 0.02126750494291585 0.024620568401734034
24 0.726313218822449 0.5027467124624254 0.01801517095052709 0.021313557878390378
24 0.7605608848300601 0.507873828219206 0.01801517095052709 0.021313557878390378
27 0.8710845493547966 0.5244914517979072 0.011765170950527093 0.020949536831702885
24 0.9372042978719218 0.535390425418961 0.014890170950527092 0.02113154735504672
24 0.3685272351340713 0.4043807470162283 0.021140170950527094 0.021495568401734035
24 0.3311094426621759 0.20799159442774462 0.01801517095052709 0.021313557878390378
24 0.47659835619832913 0.23134433639406252 0.021140170950527094 0.021495568401734035
24 0.41128903258606375 0.18133736014217297 0.01801517095052709 0.021313557878390378
24 0.46184744809938333 0.1897637811465081 0.021140170950527094 0.021495568401734035
24 0.6866736931564674 0.22635154145809028 0.01801517095052709 0.021313557878390378
24 0.5599002875289796 0.16649985737016273 0.01801517095052709 0.021313557878390378
24 0.771875 0.01015625 0.01875 0.0203125
28 0.9254828196579327 0.03508731755468801 0.015017504942915849 0.02425654735504663
11 0.5006128818643106 0.5068294547816791 0.01976867193911023 0.026092063140062294
11 0.8320034392021348 0.25361053342440815 0.019768671939110048 0.026092063140062117
28 0.806492739125585 0.014844165036791557 0.01814250494291585 0.024438557878390332
23 0.5870451303814359 0.5189114968044667 0.01801517095052709 0.021313557878390198
31 0.7753409678338657 0.5103008782050886 0.01814250494291585 0.024438557878390377
31 0.7784181827763441 0.2810306071584012 0.01801517095052709 0.021313557878390378
31 0.3739773749814095 0.13609347860037674 0.01801517095052709 0.021313557878390378
12 0.39418115114168256 0.4090073338338137 0.01801517095052709 0.021313557878390378
12 0.594839020228774 0.250760736281123 0.01801517095052709 0.021313557878390378
12 0.37004195007654966 0.175019470707869 0.01814250494291585 0.024438557878390377
12 0.31798204296618704 0.1265672891801902 0.021140170950527094 0.021495568401734035
12 0.586367287034688 0.17039069681858415 0.01814250494291585 0.024438557878390377
25 0.2734375 0.46171875 0.009375 0.0265625
34 0.34587630232054617 0.4798056812453301 0.024456171939110226 0.026365078925077688
32 0.6858182114080751 0.5356278309206292 0.03389483893530461 0.028473610495108836
20 0.73671875 0.540625 0.0203125 0.01875
33 0.2961601452101835 0.43149000761015904 0.01801517095052709 0.021313557878390198
16 0.6196639707996153 0.48713785203790366 0.026018671939110404 0.026456084186749607
15 0.35130790163597414 0.4041609391378379 0.01976867193911023 0.026092063140062117
24 0.43064523315690495 0.4173959574831022 0.024456171939110226 0.026365078925077688
23 0.4617678991645162 0.4223410627165391 0.02308467292769336 0.030961573663405774
20 0.27578125 0.20078125 0.0140625 0.0265625
1 0.3730422746773983 0.21669873649288451 0.013518671939110227 0.025728042093374804
12 0.3170761175670357 0.16801904181102612 0.02777217292769345 0.031234589448421436
20 0.38632086608416094 0.1791000259554234 0.019832338935304606 0.027654563140062205
18 0.5091535296203142 0.20113319162749949 0.01052100593149916 0.028671031570031057
28 0.6601430266545647 0.22402320200966885 0.026082338935304605 0.028018584186749608
24 0.7706666911793011 0.24064082558837008 0.01801517095052709 0.021313557878390378
21 0.47421745551375716 0.155244567978211 0.022893671939110405 0.02627407366340586
10 0.49052820501946554 0.15854387322576544 0.024456171939110406 0.026365078925077688
15 0.5434622040308824 0.1663255521226083 0.016643671939110226 0.02591005261671846
24 0.6211733685556189 0.1810320652062008 0.024456171939110226 0.026365078925077688
23 0.6531091180613273 0.18524142307047367 0.024456171939110226 0.026365078925077688
19 0.8967357371484187 0.029497470213758793 0.013837006920082117 0.0335405420933748
20 0.9728525681750579 0.0448942280356794 0.01664367193911005 0.02591005261671846
0 0.06015625 0.9171875 0.1203125 0.165625
24 0.4578125 0.94296875 0.378125 0.1140625
26 0.4953125 0.66484375 0.453125 0.2296875