30 0.2578125 0.2546875 0.515625 0.509375
2 0.78671875 0.04296875 0.1953125 0.0859375
3 0.88046875 0.06953125 0.2109375 0.1390625
4 0.9390625 0.09609375 0.121875 0.1921875
9 0.6471384582004004 0.2940595930895541 0.22659332223840883 0.27160333098930584
0 0.7486367284929398 0.34309251160926907 0.21546490746575647 0.2606021984757484
5 0.290625 0.7546875 0.45625 0.490625
4 0.5703125 0.71875 0.103125 0.3875
22 0.6669780308491415 0.7821509873105764 0.2536388376596843 0.3889362767345794
4 0.86875 0.834375 0.2625 0.33125
21 0.94140625 0.86015625 0.1171875 0.2796875