17 0.75 0.21779126249999997 0.73953814375 0.136648621875 0.643259428125 0.1333300703125 0.650964028125 0.19308730000000002 0.5996490796875 0.200589996875 0.50116905 0.18019795156250001 0.309712275 0.1820975953125 0.2112322453125 0.16170555 0.1927738390625 0.08612527343750001 0.09759578125 0.0913434671875 0.137219434375 0.3986663703125 0.23349815000000002 0.40198492343750003 0.2417978765625 0.33119004531249996 0.39049219687500003 0.33554264843750004 0.41910928125 0.5574980796875 0.2693143015625 0.5446087281249999 0.24120275000000002 0.46174215468749996 0.1545771828125 0.46570989999999995 0.1640085984375 0.559375 0.5235712484375 0.559375 0.48787157031249995 0.3473979484375 0.6547715296875001 0.3577864 0.674077825 0.3723589953125 0.68288308125 0.44065297187499997 0.75 0.43697324687499994 0.75 0.21779126249999997
9 0.9390625 0.52421875 0.121875 0.0703125
3 0.94453125 0.41875 0.1109375 0.134375
3 0.9484375 0.28359375 0.103125 0.1484375
3 0.95390625 0.14453125 0.0921875 0.1453125
0 0.959375 0.04140625 0.08125 0.0828125
33 0.209375 0.91328125 0.41875 0.1734375
11 0.18828125 0.6546875 0.3765625 0.190625
20 0.63125 0.8953125 0.2375 0.196875
16 0.6140625 0.7140625 0.271875 0.196875
18 0.93671875 0.6625 0.1265625 0.20625