10 0.29453125 0.19453125 0.5890625 0.3890625
32 0.79453125 0.19453125 0.4109375 0.3890625
12 0.15625 0.928125 0.23125 0.14375
33 0.496875 0.87109375 0.184375 0.2390625
32 0.45457417398648214 0.6579371057783996 0.23577884099925886 0.22134971247102042
34 0.1597305656924081 0.6584677104938541 0.21566183063166627 0.2049607085166878
23 0.3359375 0.47734375 0.21875 0.1765625
27 0.54296875 0.45 0.0921875 0.121875
14 0.78984375 0.5578125 0.3640625 0.3375
21 0.7125 0.59921875 0.246875 0.4171875
25 0.63125 0.6890625 0.084375 0.4125
30 0.9546875 0.84140625 0.090625 0.3171875
33 0.884375 0.88515625 0.23125 0.2296875
17 0.7859375 0.93046875 0.353125 0.1390625