9 0.2234375 0.33046875 0.446875 0.5171875
8 0.7650094599868217 0.46144098753009466 0.020585210772388507 0.047466033386094966
2 0.6078776951560987 0.3144248981923628 0.014244307181592397 0.031659176959604095
0 0.6211589451560987 0.31403845328607005 0.012681807181592397 0.03161371285298138
0 0.675 0.0046875 0.0125 0.009375
1 0.6360026951560986 0.3136065442731545 0.009556807181592398 0.03152278463973612
7 0.6500697403356386 0.3139786173135504 0.01269089754067192 0.03317621285298138
7 0.6562192255049155 0.16221152883374837 0.01740566861791084 0.03800010517284953
3 0.6609375 0.0046875 0.0125 0.009375
8 0.6734021803253758 0.16093017366089885 0.017414758976990363 0.03956260517284953
11 0.559375 1 0.559375 0.5890625 0.19946819531249999 0.5890625 0.209036759375 1 0.559375 1
10 0.73984375 0.7953125 0.3609375 0.409375