14 0.509375 0 0.041963934375 0 0.029210346874999998 0.12171395625 0.0467533875 0.1458639765625 0.509375 0.31433666875 0.509375 0
6 0.95625 0.15390625 0.0875 0.2890625
7 0.88828125 0.13515625 0.2234375 0.2703125
8 0.76484375 0.11328125 0.2453125 0.2265625
9 0.6375 0.103125 0.25625 0.20625
0 0.57109375 0.0953125 0.1234375 0.190625
1 0.18990799606472758 0.5456987658309748 0.23841691585911243 0.29271420171816526
2 0.09921875 0.4859375 0.1984375 0.271875
3 0.034375 0.4546875 0.06875 0.209375
5 0.3703125 0.93984375 0.24375 0.1203125
6 0.25625 0.91328125 0.2375 0.1734375
7 0.14765625 0.86796875 0.2546875 0.2640625
8 0.071875 0.815625 0.14375 0.284375
25 0.509375 0.35 0.509375 0.9052775937499999 0.615893865625 0.958360421875 0.6889046796875 0.9512410093749999 0.6859193593749999 1 0.8181812468749999 1 0.8287662078124999 0.4019174828125 0.6918851109374999 0.3672380359375 0.67430751875 0.35 0.509375 0.35