34 0.2 0.21484375 0.4 0.4296875
10 0.8921875 0.1921875 0.215625 0.384375
18 0.65546875 0.31875 0.5109375 0.221875
12 0.69921875 0.18125 0.4671875 0.3625
29 0.434375 0.09375 0.06875 0.1875
20 0.51796875 0.22578125 0.2359375 0.3671875
6 0.2 0.71484375 0.4 0.5703125
0 0.6104914376962127 0.7831023782237458 0.028282130257724792 0.03482528589277152
3 0.543665785841762 0.8146115647365729 0.02992651741285455 0.03650618506293437
2 0.5991002363167317 0.7884643844475233 0.026637743102595035 0.033144386722608485
7 0.6340550904551747 0.7724375653612728 0.026637743102595035 0.033144386722608485
1 0.4434068362713032 0.8614847195058133 0.028445904567984303 0.03795028589277152
3 0.4715761018751355 0.8496126041538293 0.028445904567984303 0.03795028589277134
9 0.48370760967705156 0.8435285475151335 0.02671963025772479 0.03470688672260831
1 0.6219235826532585 0.7785216219999687 0.028445904567984303 0.03795028589277152
1 0.4540986748059139 0.8576260136969545 0.028445904567984303 0.03795028589277152
0 0.7154422885552953 0.899995725529098 0.033379066033373664 0.04299298340326061
7 0.7297947156245168 0.8917455176456468 0.033379066033373664 0.04299298340326061
2 0.53359375 0.98125 0.0328125 0.0375
6 0.5627920013547371 0.9716903589277142 0.03658595318850333 0.04479228174358667
8 0.54765625 0.97734375 0.0359375 0.0453125
8 0.7001448371758144 0.9050617338274677 0.03831222749876275 0.0480356809137497
8 0.9510798954072717 0.9715434518833884 0.029926517412854636 0.03650618506293455
0 0.9617717339418826 0.9676847460745297 0.026719630257724704 0.034706886722608486
7 0.9739032417437986 0.9616006894358339 0.026637743102595125 0.033144386722608485