18 0.25546875 0.2515625 0.5109375 0.396875
0 0.7124925986335391 0.06847931083504628 0.04059028366526398 0.04534167490485981
17 0.5494345818433162 0.7871868429639994 0.01940476442797028 0.019514003954332716
17 0.5929836852013608 0.7608763523555396 0.017842264427970277 0.019450336958138338
27 0.528658290373504 0.7730779220134723 0.01299107332097762 0.014571835969555025
27 0.46479665389834957 0.5528171601504742 0.014608137023308565 0.01619800296574958
28 0.5777307074338793 0.748552765891693 0.01940476442797028 0.01951400395433254
24 0.64765625 0.85546875 0.0046875 0.0203125
24 0.5031448804847045 0.6456559175648481 0.014608137023308387 0.01619800296574958
24 0.5646081701404183 0.6185150974126238 0.01778770072563951 0.017887836958138337
22 0.6390625 0.8453125 0.021875 0.021875
22 0.6212748655085802 0.8338018577927471 0.022584328130301045 0.021203837946721472
22 0.64453125 0.5890625 0.0109375 0.021875
14 0.6084202014434297 0.8231362718231919 0.017787700725639156 0.017887836958138337
14 0.5198462855641803 0.7664777535344032 0.014608137023308387 0.01619800296574958
14 0.64609375 0.79609375 0.0078125 0.0203125
14 0.6152406311176769 0.772705190302261 0.017787700725639156 0.017887836958138337
14 0.5534003408289909 0.6773489279449714 0.01778770072563951 0.017887836958138337
14 0.6170635367453068 0.6908649412908442 0.01940476442797028 0.019514003954332716
14 0.5462029105217715 0.6052829269563882 0.01778770072563951 0.017887836958138337
14 0.5126810823914705 0.583633420036306 0.020967264427970277 0.019577670950527093
14 0.4560119309401916 0.5469982416714052 0.01940476442797028 0.019514003954332716
14 0.64453125 0.640625 0.0109375 0.01875
14 0.636627013879816 0.5808824462337602 0.01778770072563951 0.017887836958138337
23 0.5957292284852717 0.8171581858536368 0.01778770072563951 0.017887836958138337
23 0.4927430938242157 0.6382108320895845 0.01778770072563951 0.017887836958138337
23 0.6254439772193272 0.5734055272603994 0.01778770072563951 0.017887836958138337
18 0.6328919225874892 0.7866867772603994 0.013045637023308387 0.016134335969555026
18 0.5841716803920374 0.7542761838764704 0.011483137023308387 0.016070668973360826
18 0.6370585782151192 0.7049420287432742 0.013045637023308387 0.016134335969555113
18 0.5822594616102308 0.6324966843707621 0.013045637023308387 0.016134335969555113
29 0.5869445055271136 0.8113392673745675 0.01622520072563951 0.01782416996194396
29 0.6009598763083535 0.7658821873365115 0.016225200725639155 0.017824169961943782
29 0.5151637308475243 0.654727170036306 0.011374009618646852 0.012945668973360825
29 0.5103671034428625 0.6514111690477229 0.01299107332097762 0.014571835969555113
29 0.5318948738612825 0.5976786739906388 0.013045637023308387 0.016134335969555113
29 0.48161213166583094 0.5652044136105154 0.014608137023308387 0.01619800296574958
29 0.6166592542611692 0.5675866087813303 0.016225200725639155 0.01782416996194396
10 0.5381969814804964 0.7781474239906387 0.01778770072563951 0.017887836958138337
10 0.5718056004476377 0.6905810984012068 0.01940476442797028 0.019514003954332716
31 0.5629935956383143 0.6839809299221378 0.01778770072563951 0.017887836958138337
31 0.556577415331095 0.6119467624316518 0.01778770072563951 0.017887836958138337
11 0.5335962723173366 0.6687405904925414 0.021076391832632168 0.022702670950527092
30 0.5255109538056824 0.6606097555115695 0.01778770072563951 0.017887836958138337
30 0.49034229092165804 0.5694608320895845 0.01778770072563951 0.017887836958138337
30 0.47517115870767296 0.5594809956257378 0.017787700725639333 0.017887836958138337
20 0.6241344814804964 0.7816491087813302 0.01940476442797028 0.019514003954332716
20 0.6267386371081265 0.6998406932680106 0.017842264427970277 0.019450336958138338
28 0.5614261503549706 0.7954768454354574 0.02263889183263217 0.02276633794672147
21 0.6384697999921507 0.7900346117470798 0.01142857332097762 0.014508168973360824
28 0.5838790145127882 0.7012148508726648 0.022693455534962936 0.02432883794672147
21 0.64140625 0.70859375 0.0171875 0.0203125
21 0.5734201749497417 0.625115265891693 0.01310020072563951 0.017696835969555114
17 0.5231101509031246 0.5918597555115696 0.01778770072563951 0.017887836958138337
15 0.4984003275821469 0.5768104170705565 0.014608137023308565 0.01619800296574949
7 0.825 0.725 0.35 0.55