7 0.2796875 0.34453125 0.559375 0.6890625
3 0.93828125 0.13203125 0.1234375 0.1515625
8 0.8269830600857032 0.16865768587267543 0.14393055247554418 0.16640802434972918
1 0.7053201626883043 0.19697182629559862 0.1388790314288567 0.16007620373287815
6 0.609375 0.228125 0.1 0.1625
29 0.328125 0.75078125 0.265625 0.1234375
33 0.09609375 0.79296875 0.1921875 0.2078125
25 0.52265625 0.84765625 0.0734375 0.2390625
19 0.412655249576477 0.8932525369283357 0.2542911998023559 0.21203989853730273
15 0.10625 0.93203125 0.2125 0.1359375
13 0.7796875 0.84453125 0.440625 0.3109375