9 0.3546875 0.275 0.709375 0.55
23 0.95703125 0.2515625 0.0859375 0.503125
6 0.9109375 0.275 0.178125 0.55
25 0.87734375 0.3046875 0.2453125 0.490625
14 0.8546875 0.37265625 0.290625 0.3546875
6 0.8546875 0.415625 0.290625 0.26875
2 0.8546875 0.446875 0.290625 0.20625
10 0.3546875 0.775 0.709375 0.45
14 0.8546875 0.603125 0.290625 0.10625
33 0.8546875 0.62734375 0.290625 0.1546875
13 0.8546875 0.6765625 0.290625 0.253125
14 0.8546875 0.71953125 0.290625 0.3390625
20 0.8453125 0.77421875 0.271875 0.4484375
22 0.80546875 0.775 0.1921875 0.45
8 0.7515625 0.775 0.084375 0.45