3 0.259375 0.17265625 0.51875 0.2734375
26 0.759375 0.1546875 0.48125 0.309375
10 0.34892774366842194 0.456929985751042 0.05476274310259503 0.03248649810013893
21 0.46197446178338897 0.88195078238816 0.05418953301668665 0.021548998100139015
21 0.34679203358251365 0.46783111815986145 0.050982645861556986 0.01991376291777782
21 0.21483386816039554 0.7917206002080905 0.055833920171816584 0.023147865691319502
14 0.50859375 0.7078125 0.0203125 0.025
14 0.48609139247065497 0.7949053772779171 0.03716580732694617 0.02427395459715278
14 0.4680507213943274 0.8406354513661116 0.0481851944820761 0.026091027735416716
14 0.4380113393275803 0.9212853861116324 0.04168953301668665 0.021258057370694416
14 0.483701134102912 0.5867837527528824 0.03716580732694617 0.02427395459715278
14 0.3348685656946893 0.47146461122600725 0.03716580732694634 0.024273954597152824
14 0.31054027306706405 0.5326923987450698 0.04522396879233552 0.029143292553055568
14 0.2627877685445083 0.6528224075787851 0.048267081637205764 0.027653527735416718
14 0.24030858095983723 0.708617812689028 0.048267081637205854 0.027653527735416718
14 0.17365226820582405 0.8760222118153476 0.04349769448207601 0.02598192496187508
14 0.23590212121261325 0.49419163677722244 0.048267081637205764 0.027653527735416718
10 0.496875 0.765625 0.04375 0.025
10 0.4554345347141675 0.8724121282278476 0.043415807326946165 0.02441942496187508
10 0.4307377498884584 0.9406711657469101 0.043415807326946165 0.02441942496187508
10 0.47383813319840085 0.6108024810013893 0.043415807326946346 0.02441942496187508
10 0.32496462121261327 0.49626458947451424 0.049993355947465276 0.030814895326597203
10 0.26911633367337073 0.636543444147917 0.048267081637205764 0.027653527735416718
10 0.21059674751360916 0.7830177474345488 0.05287269448207601 0.026200130508958353
10 0.2283419267305372 0.5190461664125002 0.043415807326946346 0.02441942496187508
23 0.5015625 0.7421875 0.034375 0.025
23 0.49921875 0.75390625 0.0390625 0.0234375
23 0.4401879929910534 0.9096030037028129 0.043415807326946165 0.02441942496187508
23 0.4922063528952476 0.558822406913195 0.043415807326946165 0.02441942496187508
23 0.32040327397157525 0.5086736704965629 0.04349769448207601 0.02598192496187508
23 0.23665131445149384 0.7187013275066669 0.043415807326946255 0.02441942496187508
23 0.22999520070211243 0.741230290937535 0.043415807326946346 0.02441942496187508
23 0.19765301221293025 0.8210444242962851 0.03716580732694634 0.02427395459715278
23 0.24905389642738393 0.4671206437110767 0.03708392017181659 0.02271145459715278
13 0.4953125 0.78359375 0.046875 0.0296875
13 0.48983719018666283 0.8129832300514588 0.057723968792335614 0.02943423328249999
13 0.3242719024202777 0.5244077732701045 0.057723968792335524 0.02943423328249999
13 0.19860468057572445 0.8476614756830557 0.057723968792335524 0.02943423328249999
13 0.18429984113660253 0.8668836011580211 0.057642081637205855 0.027871733282499988
33 0.33030721845365124 0.4838736922480559 0.049993355947465276 0.030814895326597203
27 0.5125 0.6984375 0.0125 0.01875
27 0.419066587518558 0.9693410264042365 0.037002033016686656 0.02114895459715278
27 0.403125 0.99453125 0.0375 0.0109375
27 0.30828173224846117 0.5459372811538892 0.041607645861557074 0.019695557370694415
30 0.5125 0.68671875 0.0125 0.0234375
30 0.47844931083344927 0.8213224069131948 0.0434976944820761 0.02598192496187508
30 0.409375 0.98984375 0.0375 0.0203125
30 0.4885490863869041 0.5689059217308338 0.03708392017181659 0.02271145459715278
30 0.1826111883776406 0.8543290497712501 0.0434976944820761 0.02598192496187508
30 0.24535568634147564 0.4779854085287155 0.0370839201718165 0.02271145459715278
28 0.4591327448000756 0.8615473634102088 0.043415807326946165 0.02441942496187508
28 0.413683046699955 0.9825131736306949 0.043415807326946165 0.02441942496187508
28 0.4792626175945687 0.596849083774931 0.04333392017181659 0.02285692496187508
28 0.21421307044438764 0.7737154826169099 0.048267081637205854 0.027653527735416718
28 0.234547661126705 0.5051109529816322 0.04333392017181659 0.02285692496187508
29 0.27100970432015703 0.6451917455346877 0.05114642017181659 0.023038762917777865
29 0.24494625056582686 0.4857979085287155 0.04637703301668683 0.02136716014423614
29 0.49192306987856077 0.5791530907087852 0.0528726944820761 0.026200130508958353
15 0.4308229590698554 0.9539705995425004 0.0559976944820761 0.0262728656913195
18 0.49453125 0.78984375 0.0484375 0.0203125
18 0.4984375 0.553125 0.040625 0.021875
18 0.2562578075540889 0.6878695548052434 0.051064533016686744 0.021476262917777867
18 0.2601961143152083 0.4634689668493405 0.051146420171816497 0.023038762917777823
17 0.26213599332973764 0.6801843413743753 0.0528726944820761 0.026200130508958353
16 0.50078125 0.72109375 0.0359375 0.0265625
16 0.4624911974227521 0.6183604078631254 0.057642081637205675 0.027871733282499988
16 0.21773529737732358 0.5274035270698266 0.057642081637205765 0.027871733282499988
12 0.25736328414834053 0.6667758048052433 0.03708392017181659 0.02271145459715278
12 0.24750028324382942 0.6907945330537503 0.04333392017181659 0.02285692496187508
13 0.47853452001484637 0.8346218407087852 0.057723968792335614 0.02943423328249999
24 0.503125 0.73359375 0.03125 0.0265625
24 0.4438043159218319 0.900300738885174 0.043415807326946346 0.02441942496187508
24 0.4195169668717716 0.9607472764042365 0.043415807326946346 0.02441942496187508
24 0.46570140660414927 0.6317325768410769 0.043415807326946165 0.02441942496187508
24 0.22317199061620419 0.7520223205728127 0.0370839201718165 0.02271145459715278
24 0.19978872229883846 0.8101432918874656 0.03708392017181659 0.02271145459715278
24 0.22016425655872068 0.5407575122521877 0.043333920171816497 0.02285692496187508
22 0.4491469131628699 0.8879098416587157 0.0434976944820761 0.02598192496187508
22 0.5 0.5421875 0.0375 0.028125
22 0.2051313195398765 0.7977523946610072 0.03889208163720577 0.027435322188333444
22 0.2584255744011165 0.45247691546256974 0.03889208163720585 0.027435322188333354
34 0.5125 0.6640625 0.0125 0.028125
29 0.2242022241078608 0.7622149381639933 0.05279080732694634 0.024637630508958352
21 0.4421665728192369 0.931550738885174 0.055833920171816584 0.023147865691319502
21 0.4412215485089773 0.9346575550895839 0.055833920171816584 0.023147865691319502
1 0.5046875 0.5171875 0.028125 0.025
1 0.27231765603832236 0.42620535619201416 0.057723968792335524 0.029434233282500034
5 0.5015625 0.528125 0.034375 0.028125
18 0.2814901809144087 0.6243162010817711 0.05279080732694626 0.024637630508958352
20 0.25317707315792115 0.7018775034184724 0.057642081637205765 0.027871733282499988
14 0.6663355578125 0.309375 0.51875 0.662355471875 0.51875 0.7648331296875 0.5565772499999999 0.7789940765625001 0.6957349234375 0.4310482609375 0.7317354593750001 0.427132290625 0.85743586875 0.5002788953125 0.950160909375 0.5697774296875 0.8110032374999999 0.9177232437499999 0.8454158234375001 0.9393024171875 0.8753660249999999 0.9505145265625 0.8994166265625001 0.9334284609375001 1 0.6819327093750001 1 0.4771204125 0.7312680578125 0.309375 0.6663355578125 0.309375