12 0 0.61875 0.2838205359375 0.61875 0.3297179640625 0.574084434375 0.3748124109375 0.45835686718749996 0.370623984375 0.37861554062499997 0.30154713593750004 0.25425592343750003 0.2246189609375 0.3051715765625 0.2210046078125 0.3446106375 0.259444421875 0.4269415796875 0.2522157171875 0.5058197 0.21494832343749998 0.5540607640624999 0.1434295390625 0.5997122125 0.0130300703125 0.6068727796875 0 0.6016452953125 0 0.61875
6 0.43984375 0.36328125 0.1203125 0.1890625
7 0.5144702255337088 0.3137410654885494 0.194033495308423 0.19336911035393456
2 0.6237088317182246 0.2625264469597585 0.21398536238870208 0.2116486734939967
7 0.7386893395118947 0.21553659684681908 0.20897008045771698 0.20668815770898127
0 0.8488184563400722 0.16592998094886405 0.21064184110137862 0.208341662970653
3 0.928125 0.1109375 0.14375 0.20625
10 0.18984375 0.809375 0.3796875 0.38125
2 0.63046875 0.97109375 0.1953125 0.0578125
6 0.7328125 0.93671875 0.18125 0.1265625
4 0.8338268768907616 0.8893087548381489 0.1856746920901143 0.18510158404557514
8 0.925 0.81484375 0.15 0.1640625
6 0.96796875 0.7359375 0.0640625 0.178125