16 0.26953125 0.1796875 0.5390625 0.359375
21 0.8649554328391081 0.03268843739397749 0.012956356986241601 0.05819444591631608
14 0.728125 0.34609375 0.021875 0.0265625
14 0.671875 0.34375 0.021875 0.03125
14 0.55 0.3359375 0.021875 0.046875
14 0.9865278763931714 0.1989632234214941 0.023348219962933216 0.042951391832631816
14 0.9572793420949353 0.033375428956457044 0.018497028855940557 0.03810020072563951
14 0.9077877735832809 0.027281685579878888 0.02200397477225664 0.049146828130301044
14 0.81953125 0.0203125 0.0171875 0.040625
14 0.72421875 0.01171875 0.0203125 0.0234375
10 0.81953125 0.35 0.0234375 0.01875
10 0.8484375 0.353125 0.025 0.0125
10 0.65859375 0.33984375 0.0265625 0.0390625
10 0.54375 0.33125 0.009375 0.053125
10 0.9886930332019277 0.03697165490983991 0.020223219962933213 0.042842264427970275
10 0.8740030506251231 0.02298605517999235 0.020223219962933213 0.042842264427970275
10 0.80078125 0.01875 0.0203125 0.0375
23 0.715625 0.3453125 0.021875 0.028125
23 0.6125 0.33984375 0.021875 0.0390625
23 0.9953125 0.03828125 0.009375 0.0421875
23 0.83203125 0.01953125 0.0203125 0.0390625
13 0.9718056335647475 0.046165605635479244 0.023948420688572548 0.06013889183263181
13 0.9411731924577549 0.04254209783093099 0.023948420688572548 0.06013889183263199
27 0.83125 0.35390625 0.021875 0.0109375
27 0.684375 0.34453125 0.021875 0.0296875
27 0.76796875 0.015625 0.0171875 0.03125
27 0.73359375 0.01171875 0.0171875 0.0234375
30 0.9306622783926043 0.032740511896081514 0.020223219962933213 0.042842264427970275
30 0.74296875 0.0140625 0.0171875 0.028125
28 0.64609375 0.3390625 0.0234375 0.040625
28 0.5796875 0.33671875 0.021875 0.0453125
28 0.8849951143274538 0.024166609263676354 0.020223219962933213 0.042842264427970275
28 0.753125 0.01640625 0.01875 0.0328125
29 0.6359375 0.34140625 0.01875 0.0359375
15 0.78671875 0.02421875 0.0171875 0.0484375
18 0.75859375 0.3484375 0.0140625 0.021875
18 0.99765625 0.2078125 0.0046875 0.059375
18 0.9638567243089204 0.04253217414713362 0.012792665879249121 0.053506945916316086
17 0.7671875 0.35 0.025 0.01875
16 0.871875 0.346875 0.025 0.025
32 0.803125 0.35 0.03125 0.01875
32 0.5640625 0.33671875 0.028125 0.0453125
12 0.7828125 0.34921875 0.021875 0.0203125
12 0.75078125 0.35 0.0203125 0.01875
20 0.73828125 0.34765625 0.0234375 0.0234375
20 0.99296875 0.209375 0.0140625 0.05625
11 0.69453125 0.34375 0.0234375 0.03125
13 0.9167361876484315 0.037137835217059226 0.023948420688572548 0.06013889183263199
24 0.5984375 0.33828125 0.025 0.0421875
24 0.84296875 0.0203125 0.0203125 0.040625
24 0.77734375 0.01640625 0.0203125 0.0328125
22 0.85546875 0.02109375 0.0203125 0.0421875
21 0.81171875 0.02734375 0.0140625 0.0546875
21 0.80859375 0.02734375 0.0140625 0.0546875
25 0.5390625 0.43909204218750003 0.37071034531249997 0.418420996875 0.337175846875 0.6915375640625 0.0951319234375 0.6786203734375 0 0.70763703125 0 1 0.5093272437499999 1 0.5390625 0.7578257828125 0.5390625 0.43909204218750003
30 0.7074628474524128 0.7097345762313846 0.25602185462398896 0.2258631286706061
24 0.9328125 0.69375 0.134375 0.234375
29 0.94765625 0.93984375 0.1046875 0.1203125