24 0.5390625 0.4296875 0.5390625 0 0.15124936875 0 0.141071384375 0.1069978703125 0.1843083953125 0.24134110468749997 0.3087211421875 0.37845094218750003 0.41796497187500004 0.4296875 0.5390625 0.4296875
9 0.94921875 0.3046875 0.1015625 0.134375
4 0.940625 0.17265625 0.11875 0.1171875
8 0.92890625 0.053125 0.1421875 0.10625
5 0.3796875 0.9328125 0.18125 0.134375
9 0.3460918159306917 0.8067174554025878 0.18517170970237729 0.14576812802354447
4 0.310441745168208 0.6759578040658607 0.16670875212603206 0.12994313335454458
8 0.28351297016335886 0.5468606500636335 0.18309902667183914 0.13949994668999893
7 0.2515625 0.4546875 0.16875 0.05
7 0.98046875 0.90859375 0.0390625 0.1484375
8 0.97578125 0.77421875 0.0484375 0.1515625
8 0.97734375 0.64375 0.0453125 0.1375
5 0.97578125 0.51328125 0.0484375 0.1453125