13 0.28046875 0.24375 0.5609375 0.471875
1 0.603125 0.4296875 0.028125 0.0125
1 0.6 0.3390625 0.021875 0.0125
0 0.603125 0.41015625 0.028125 0.0171875
0 0.6 0.35390625 0.021875 0.0171875
0 0.7453613337632266 0.11597804556830127 0.044842063140062116 0.021042840343632997
5 0.5984375 0.3125 0.01875 0.01875
5 0.59765625 0.296875 0.0171875 0.01875
9 0.7472801495341247 0.1354683519907364 0.044842063140062206 0.021042840343632997
22 0.3546875 0.73984375 0.46875 0.5203125
29 0.79453125 0.68203125 0.4109375 0.4046875