12 0.00939533125 0 0.0097645765625 0.0640644265625 0.0371596265625 0.1619396390625 0.1292087421875 0.30489555468749996 0.25328098906249996 0.4176641 0.4283980578125 0.490167975 0.5268205515625 0.4975255953125 0.5796875 0.4877416765625 0.5796875 0.342884653125 0.42543714843749997 0.28679279375 0.21245325625000003 0.1616279796875 0.10818706874999999 0.0714220484375 0.0710856140625 0 0.00939533125 0
2 0.6624868379812969 0.4129234529816322 0.013683991701630215 0.01591594072944442
2 0.740884525118824 0.4389242149494795 0.013683991701630305 0.01591594072944442
2 0.8735320043728996 0.4810052250174657 0.013683991701630305 0.01591594072944442
2 0.9854525865314046 0.5171447064001047 0.013683991701630305 0.01591594072944442
9 0.6667123966945853 0.39664448955076403 0.015483290041956366 0.01907730832062491
9 0.7450508842470306 0.4218640015186114 0.018726689212119396 0.020712543502986236
9 0.8777575630861877 0.46472626158659763 0.015483290041956366 0.019077308320625087
9 0.9889560948297742 0.5016288091736463 0.015483290041956366 0.01907730832062491
1 0.8254604346619491 0.4229556824644101 0.011766294191141214 0.011192073138263935
2 0.8289639429603188 0.40743978523795177 0.018726689212119396 0.020712543502986236
1 0.8802752213799131 0.26123823888517406 0.011766294191141214 0.011192073138263935
0 0.8844415805081198 0.244178025454306 0.018726689212119396 0.02071254350298606
1 0.9667967522983071 0.4870753466927088 0.011766294191141214 0.011192073138263935
0 0.9703002605966768 0.4715594494662505 0.018726689212119396 0.02071254350298606
33 0.28984375 0.79453125 0.5796875 0.4109375
28 0.79296875 0.8203125 0.4140625 0.359375