35 0.209375 0.3 0.41875 0.6
7 0.88515625 0.515625 0.2046875 0.16875
8 0.6703125 0.49453125 0.228125 0.2109375
9 0.48828125 0.453125 0.1390625 0.29375
7 0.209375 0.8 0.41875 0.4
24 0.6937172545751406 0.9604718683407867 0.03175907733927241 0.045935212873234654
24 0.49855020524350413 0.9343142878830699 0.03644657733927246 0.046262994804219915
24 0.6637581292568672 0.8473491554675521 0.03648294000636332 0.04938799480421992
24 0.5505677859245944 0.8316152588020763 0.031795440006363404 0.04906021287323466
24 0.9405938966025029 0.7760086590738483 0.0348840773392725 0.0461537341605581
27 0.9760035905872309 0.8910762841998991 0.022420440006363406 0.04840464901126431
27 0.7199626759230036 0.8551887886393746 0.0223840773392725 0.045279649011264314
27 0.6364325605904126 0.8438745942034718 0.02238407733927241 0.045279649011264314
27 0.990625 0.67421875 0.01875 0.0453125
27 0.8661489746180931 0.6558657678562542 0.022365896005727137 0.04371714901126431
10 0.9921875 0.890625 0.015625 0.05
10 0.9104604065881855 0.8794560871661062 0.031849984006999676 0.053747712873234835
10 0.7582348352562308 0.8586469244090871 0.03493862133990877 0.0508412341605581
10 0.7048654819382756 0.7415415518809263 0.03648294000636341 0.04938799480421992
23 0.8022110072406405 0.9766592330752774 0.034884077339272325 0.0461537341605581
23 0.45112286394018464 0.7097241972858944 0.034920440006363365 0.0492787341605581
18 0.7355149505888218 0.8625313950759919 0.013190890674726851 0.06024908514929379
18 0.47321494525782165 0.8269881069408204 0.011592028007636035 0.05701482450563215
18 0.8046745779360484 0.7649404830752774 0.011592028007635946 0.05701482450563215
18 0.47290695727245735 0.7190663462971587 0.011592028007636035 0.05701482450563215
29 0.8869592719207763 0.8832859275111803 0.01938634667409058 0.05599862772394069
29 0.8580893845878673 0.8781396056034382 0.022511346674090583 0.05621714901126431
29 0.6215797199236398 0.8436178680886852 0.019349984006999676 0.052873627723940865
29 0.4234375 0.815625 0.009375 0.05625
29 0.9647217399347756 0.7855146990506052 0.01938634667409058 0.05599862772394069
29 0.759443893937003 0.7547406744090871 0.019349984006999676 0.052873627723940685
29 0.681346165937321 0.7469338922260003 0.022511346674090583 0.05621714901126431
29 0.6118876412715029 0.7358217935830531 0.022474984006999675 0.053092149011264314
29 0.9745700019494115 0.6783031325907448 0.022511346674090583 0.05621714901126431
28 0.4529933519255488 0.8177552185732179 0.028670440006363318 0.04884169158591121
28 0.8968711686028211 0.7706056110513197 0.0286340773392725 0.045716691585911205
28 0.6455177539385938 0.7350458974217805 0.031795440006363404 0.04906021287323483
28 0.8435018152848659 0.653500238523159 0.0286340773392725 0.045716691585911205
34 0.8068921532861385 0.6415576133971083 0.033521572008272216 0.06323197351689647
32 0.9015625 0.98203125 0.05 0.0359375
32 0.5680360019096404 0.9430826365260172 0.04896475867281787 0.048699579953513705
32 0.4486047492441404 0.9261304472858944 0.04582157733927246 0.046918558666190435
32 0.5139035799252307 0.8243601336760256 0.048946577339272414 0.047137079953513704
17 0.8640625 0.97890625 0.034375 0.0421875
17 0.5289280485757769 0.9442573704344739 0.031922709341181486 0.05999771287323465
17 0.8299552939210946 0.8769541640175269 0.033521572008272216 0.06323197351689629
17 0.5817359699236399 0.840831721675311 0.031922709341181486 0.05999771287323483
17 0.7343984406031392 0.7568987541104993 0.031922709341181486 0.05999771287323483
17 0.5860791192711847 0.7363627429626345 0.031922709341181486 0.05999771287323483
23 0.990625 0.9890625 0.01875 0.021875
16 0.96640625 0.9796875 0.0359375 0.040625
14 0.8328125 0.97734375 0.034375 0.0453125
14 0.7249581639083679 0.9634383312140216 0.0348840773392725 0.0461537341605581
14 0.6172183892425497 0.9496493468013618 0.0317590773392725 0.045935212873234654
14 0.4234375 0.91875 0.009375 0.046875
14 0.9541740439210946 0.8856403851886349 0.03175907733927232 0.045935212873234654
14 0.8003950632559127 0.863940711787954 0.03181362133990877 0.05062271287323465
14 0.99140625 0.7859375 0.0171875 0.04375
14 0.8687734406031392 0.7662951694654085 0.031795440006363404 0.04906021287323483
14 0.8383319626034573 0.7618208369140047 0.0348840773392725 0.0461537341605581
14 0.5541842292727754 0.7224041497675688 0.031795440006363404 0.04906021287323483
25 0.7593877079090042 0.9611545653745797 0.031922709341181486 0.05999771287323483
25 0.6602507739099587 0.9471852645020595 0.03661020934118149 0.06032549480421991
25 0.6958530139242762 0.8441202486626176 0.031922709341181486 0.05999771287323483
21 0.6397746419080497 0.9598273761344569 0.011592028007635946 0.05701482450563215
21 0.8238796586171386 0.6599469804773873 0.010065890674727029 0.06003056386197052
22 0.5151399106063209 0.7181101336760255 0.05052725867281791 0.04880884059717552
15 0.7906211686028211 0.7631758872823218 0.01942270934118149 0.059123627723940864
28 0.8925932959500479 0.6678794487985037 0.04135225334181776 0.065340776735205