24 0 0 0 0.41875 0.4531602125 0.41875 0.45075944999999995 0.240745653125 0.40992873437500005 0.1443632359375 0.2975140421875 0.01620705 0.264886440625 0 0 0
20 0.74453125 0.209375 0.5109375 0.41875
1 0.4625 0.50078125 0.053125 0.1640625
6 0.0970617997035339 0.6607350402288585 0.1765302208490433 0.22553486758448216
7 0.21835994703034567 0.7127888491471503 0.15209166297065294 0.20670845792955622
8 0.34320032331047 0.7588658096745965 0.16146666297065293 0.20736402179152655
9 0.44140625 0.8078125 0.0953125 0.203125
28 0.91328125 0.6125 0.1734375 0.234375
14 0.707302807737216 0.6173606427302034 0.39468795762427644 0.31081607576613984
24 0.9703125 0.8125 0.059375 0.275
15 0.90859375 0.9296875 0.1828125 0.140625
29 0.8447782338620486 0.8269373745449731 0.2830378260824801 0.26410533070981845
21 0.6890665601562904 0.8386129298569689 0.3161079313159174 0.2975405435830531
13 0.575 0.9015625 0.171875 0.196875