32 0.25 0.375 0.5 0.75
1 0.5171875 0.58984375 0.034375 0.1046875
2 0.6658858258927414 0.604896599221999 0.09364730024766903 0.10570760818516849
3 0.8273840980186478 0.62984931754919 0.09477315260503386 0.09646015394280312
4 0.97109375 0.646875 0.0578125 0.096875
6 0.5649056385464072 0.3166149624081373 0.09499147642635145 0.10114765394280312
7 0.727039611458102 0.3446289078565111 0.08085620181924558 0.09843724212409218
8 0.8868491050479612 0.35571044482015396 0.08874147642635144 0.10063747091226496
2 0.6325641352366383 0.05036833801211131 0.09157537799792799 0.094642562427534
3 0.7895204565767566 0.07257869361220597 0.08852315260503403 0.09594997091226487
4 0.9536535771310864 0.09109009330294524 0.0868151033908223 0.09269742515463038
16 0.25 0.875 0.5 0.25
34 0.75 0.875 0.5 0.25