17 0.3796875 0 0.17453817968750002 0 0 0.0202640171875 0 0.55 0.1826851734375 0.55 0.198020925 0.523268465625 0.1897460125 0.366430740625 0.1131345296875 0.2525932640625 0.3796875 0.22164625937500002 0.3796875 0
18 0.99296875 0.0859375 0.0140625 0.00625
15 0.99296875 0.0703125 0.0140625 0.0125
13 0.99296875 0.11015625 0.0140625 0.0171875
24 0.990625 0.04453125 0.01875 0.0171875
23 0.99296875 0.05859375 0.0140625 0.0109375
19 0.98671875 0.009375 0.0265625 0.0125
28 0.990625 0.0328125 0.01875 0.0125
27 0.99296875 0.078125 0.0140625 0.009375
10 0.98984375 0.02109375 0.0203125 0.0171875
14 0.9921875 0.09453125 0.015625 0.0171875
29 0.8476640575540889 0.2771928259070952 0.04621325870642714 0.017714758672817865
29 0.83046875 0.003125 0.0515625 0.00625
29 0.8493184107880207 0.3201161225732315 0.04629514586155707 0.019277258672817866
29 0.8423391497067442 0.18512350457514057 0.04448698439616763 0.014571577339272413
29 0.8434202928547678 0.23898430124127695 0.04629514586155707 0.019277258672817866
27 0.8445833231579212 0.29128259790741334 0.03363137155129756 0.016006808004454243
27 0.8340153946183616 0.10558145524350415 0.03659259724103805 0.012918170671545149
24 0.8330194606517353 0.06499281791059501 0.0372476944820761 0.025418170671545236
28 0.8421919855278215 0.26242180124127695 0.04012703301668683 0.020767033338636054
12 0.8351717808689803 0.12821043324318598 0.04012703301668683 0.020767033338636144
24 0.8364509978522934 0.14849566124286778 0.040208920171816584 0.022329533338636142
23 0.8376892712580417 0.16956213924254962 0.03700203301668683 0.020730670671545236
28 0.829884494572933 0.020525202578004074 0.043252033016686654 0.020803396005727004
30 0.8319139840574834 0.08608656791059502 0.03387703301668665 0.02069430800445433
23 0.8403329144060653 0.22340475457514058 0.03700203301668683 0.020730670671545236
10 0.8445866451841886 0.3061172572406406 0.04333392017181659 0.022365896005727137
14 0.8460329585040286 0.33811214457354966 0.043415807326946165 0.02392839600572714
14 0.8382724474227521 0.20312861724223147 0.03708392017181659 0.022293170671545237
34 0.8230646065132922 0.04637008724541314 0.05270892017181659 0.022474984006999675
34 0.84081983604822 0.37799225724064056 0.055833920171816584 0.022511346674090403
16 0.8403628126424716 0.356916688574186 0.056079581637205854 0.02719884667409058
18 0.7866778906616327 0.42781099124764027 0.050573210085908295 0.011519302673454135
15 0.7901503714397559 0.5105325845799131 0.05254514586155708 0.019349984006999676
21 0.7636420188831925 0.018172909253685487 0.04588571008590812 0.011464758672817866
18 0.7830482796257847 0.37788371658182207 0.04588571008590812 0.011464758672817866
20 0.7841670443251059 0.41612860391473117 0.048021420171816584 0.022420440006363406
18 0.7642218730216356 0.03690472792014003 0.050573210085908295 0.011519302673454223
18 0.7915114755781989 0.5292553125795949 0.050573210085908114 0.011519302673454135
21 0.763972889529979 0.02675756858691276 0.050573210085908295 0.011519302673454223
18 0.767360161126705 0.09620700258595827 0.04588571008590829 0.011464758672817866
29 0.7764983864777613 0.32408655458309477 0.04629514586155707 0.019277258672817866
29 0.7667869510407967 0.10714450258595827 0.04621325870642732 0.017714758672817865
23 0.7771468396662644 0.28191723591664025 0.04999335594746519 0.03025112133990877
29 0.7760922727283799 0.346733713916322 0.04777575870642714 0.017732940006363405
29 0.7695600689740496 0.18831268658500377 0.04473264586155708 0.019259077339272502
29 0.7721218249669434 0.24371780191759473 0.04621325870642714 0.017714758672817865
17 0.7814824575995175 0.3630672385821402 0.048021420171816584 0.022420440006363406
29 0.78671875 0.540625 0.0453125 0.01875
10 0.7546875 0.00703125 0.04375 0.0140625
23 0.7767606580744872 0.3935723512492311 0.03387703301668683 0.020694308004454244
24 0.7824164365686184 0.494226331914413 0.0372476944820761 0.02541817067154515
24 0.7644941106971637 0.15089450258595827 0.0372476944820761 0.025418170671545236
24 0.7726707016066235 0.30773484858373107 0.040208920171816584 0.022329533338636055
23 0.7795680755327703 0.44428996658182207 0.03708392017181659 0.022293170671545327
12 0.7632148937138504 0.1306092745862764 0.03700203301668683 0.02073067067154515
23 0.7648692469477822 0.1735325712524128 0.04012703301668665 0.020767033338636144
14 0.7655343102676223 0.20553654925209464 0.040208920171816584 0.022329533338636142
23 0.7675538336733707 0.22659393658500376 0.04012703301668683 0.020767033338636054
23 0.7587155014703381 0.052584271920776374 0.037002033016686656 0.020730670671545236
16 0.7529225248760865 0.07373256592141271 0.05295458163720568 0.027162484006999676
16 0.7737750989385187 0.4654382605824584 0.05295458163720568 0.027162484006999676
18 0.7087786199694178 0.33502460192554884 0.050573210085908295 0.011519302673454135
17 0.68828125 0.00546875 0.0484375 0.0109375
17 0.6960683372914154 0.13060982192873052 0.048021420171816584 0.022420440006363406
17 0.7087752979431505 0.3201899425923216 0.048021420171816584 0.022420440006363406
17 0.7155088975590378 0.4598700605904126 0.048021420171816584 0.022420440006363406
29 0.7034260566495778 0.3030751679265034 0.04629514586155707 0.019277258672817866
29 0.7078468837642278 0.3974973299252307 0.04785764586155707 0.019295440006363407
28 0.6948533180695385 0.21338595926163967 0.04012703301668665 0.020767033338636144
31 0.6917183519907364 0.16891834392904875 0.03708392017181659 0.022293170671545147
22 0.6977835662605162 0.2617598245942306 0.042344630257724704 0.033285214672181596
10 0.6934413042747286 0.15094050326227598 0.04333392017181659 0.02236589600572696
23 0.7024500548405553 0.35149448659295784 0.037002033016686656 0.020730670671545326
14 0.6845310509953683 0.022997316597730456 0.040208920171816584 0.022329533338636142
23 0.6881130744011166 0.0440365225970941 0.04012703301668665 0.020767033338636144
32 0.6879559441433918 0.07683084126354864 0.0392196302577247 0.03324885200509069
10 0.7089346709647859 0.48102744525782165 0.04497830732694617 0.023946577339272503
14 0.6882491932388806 0.10103140993000323 0.04357958163720586 0.02705339600572696
24 0.6953922286304166 0.23289902792809425 0.0403726944820761 0.025454533338636055
14 0.6980358717784402 0.2867416432606852 0.0403726944820761 0.025454533338636055
24 0.7046023750578005 0.4147121019255488 0.043579581637205676 0.027053396005727138
27 0.7095554686807939 0.49897801392427626 0.03988137155129756 0.016079533338636053
14 0.710421927862191 0.5122410825907308 0.04333392017181659 0.022365896005727137
14 0.6930794561291794 0.18764107192873053 0.040208920171816584 0.022329533338636055
28 0.7070755998430298 0.44201039859168534 0.04012703301668665 0.020767033338636054
16 0.6965751910911739 0.3742052805935943 0.05591580732694616 0.02407384667409058
3 0.5403948694035909 0.13632511461650232 0.033713258706427315 0.01756930800445433
10 0.5351109051338112 0.043474543284547695 0.03387703301668683 0.02069430800445433
30 0.5311260900049488 0.05991715595163858 0.029025758706427318 0.017514764003817972
16 0.528045355608781 0.07400692795195676 0.03683825870642732 0.017605670671545236
3 0.39375 0.18203125 0.028125 0.0234375
18 0.39140625 0.225 0.0234375 0.00625
21 0.390625 0.215625 0.021875 0.015625
29 0.38515625 0.03203125 0.0109375 0.0109375
4 0.39453125 0.1453125 0.0296875 0.028125
27 0.3859375 0.00703125 0.0125 0.0140625
29 0.38671875 0.084375 0.0140625 0.0125
28 0.384375 0.09453125 0.009375 0.0140625
14 0.38203125 0.01953125 0.0046875 0.0171875
32 0.3828125 0.04453125 0.00625 0.0203125
28 0.38828125 0.259375 0.0171875 0.0125
14 0.384375 0.06171875 0.009375 0.0171875
20 0.3921875 0.234375 0.025 0.0125
14 0.38671875 0.24765625 0.0140625 0.0109375
14 0.384375 0.0734375 0.009375 0.01875
21 0.18984375 0.68359375 0.3796875 0.2671875
11 0.3796875 0.55 0.3796875 1 0.48626484843749995 1 0.5521691671875 0.987261478125 0.6463618062500001 0.9324927375 0.6957753640625001 0.8653897203125 0.7050443109375 0.706515140625 0.6561277734375001 0.6157620015624999 0.9128123234375 0.62979363125 0.9086023328125 0.55 0.3796875 0.55