25 0.31875 0.5796875 0.31875 0.237285015625 0.20098387187500003 0.2848784390625 0.10131606875000002 0.36824832343749997 0.0197785796875 0.5108857171875 0.0121841296875 0.5796875 0.31875 0.5796875
8 0.9765625 0.07890625 0.046875 0.1578125
1 0.8890625 0.0875 0.14375 0.175
0 0.7639663782028159 0.11125868527725621 0.14394270678164425 0.18297148091420468
5 0.6282835893276862 0.1278239161914608 0.1420891083532208 0.17659393515657004
2 0.49899634966676853 0.14700396407512722 0.14394270678164425 0.18297148091420468
1 0.378125 0.1625 0.11875 0.178125
32 0.165625 0.81875 0.30625 0.3625
20 0.69765625 0.9453125 0.3078125 0.109375
25 0.90859375 0.825 0.1828125 0.25625
11 0.78671875 0.63125 0.3234375 0.103125
17 0.46109608932768625 0.7925864995409581 0.24976036724456102 0.24920200091808392