28 0.259375 0.18125 0.51875 0.3625
6 0.9390625 0.22421875 0.121875 0.1703125
8 0.8215452854169826 0.23929555139929048 0.13531130698520055 0.16484741316955062
9 0.6958549390077786 0.2585804119824163 0.13532039734428025 0.16640991316955062
7 0.5765625 0.2828125 0.115625 0.165625
29 0.3421875 0.496875 0.221875 0.09375
12 0.1015625 0.53203125 0.203125 0.1640625
14 0.45625 0.77109375 0.125 0.4078125
10 0.35390625 0.8109375 0.2390625 0.378125
35 0.1484375 0.84453125 0.225 0.3109375
10 0.0515625 0.87109375 0.103125 0.2578125
2 0.9328640596174793 0.7526293110327089 0.11805108411256385 0.1518473079967011
6 0.8135782493126289 0.7982948151893441 0.13063289734428024 0.16627352084968267
0 0.6911356227509999 0.8385824975592244 0.12746244554888211 0.15837009263643723
3 0.5765625 0.8796875 0.115625 0.1625