34 0.16953125 0.31953125 0.3390625 0.6390625
2 0.35390625 0.4875 0.0296875 0.153125
4 0.4330449575995175 0.4744286245913153 0.1414925384437537 0.1679432508107789
1 0.5608767085040286 0.45241903124629274 0.1380399898232348 0.16163870373287814
6 0.6869412415207152 0.43428841436232 0.1413287641334943 0.1648182508107789
0 0.8189691694944481 0.4217356416341486 0.13812187697836437 0.16320120373287814
5 0.94140625 0.4078125 0.1171875 0.178125
29 0.16953125 0.84296875 0.3390625 0.3140625
9 0.38828125 0.68984375 0.0984375 0.1015625
6 0.48359375 0.7125 0.1640625 0.146875
8 0.6078125 0.72265625 0.159375 0.1671875
9 0.731857593850136 0.7500225085181214 0.16246013568479167 0.18079780681713337
7 0.8574407700148463 0.7858390519425741 0.15917136137453217 0.17761825973923262
5 0.95078125 0.82265625 0.0984375 0.1921875