0 0.24453125 0.25234375 0.4890625 0.5046875
27 0.74453125 0.26484375 0.5109375 0.5296875
9 0.45625 0.66015625 0.065625 0.0984375
5 0.45703125 0.79921875 0.0640625 0.0859375
9 0.46171875 0.94140625 0.0546875 0.0890625
7 0.45546875 0.546875 0.0671875 0.034375
2 0.5187182409458221 0.7188733351145897 0.04895095222957298 0.03105142319868044
1 0.532245509383154 0.7717171902874392 0.05207595222957293 0.031142351411925784
5 0.51171875 0.68125 0.0453125 0.03125
0 0.523766373865543 0.7362426915410805 0.05051345222957293 0.031096887305303154
2 0.5280878871070949 0.75280806591426 0.05051345222957293 0.031096887305303154