0 0.234375 0.13984375 0.46875 0.2796875
9 0.734375 0.13984375 0.53125 0.2796875
2 0.2527558883601653 0.8033949052911209 0.021843049091614476 0.019696069892376045
2 0.23949048487640426 0.8315734092200625 0.021843049091614476 0.019696069892376045
2 0.2811197465453339 0.89343986248705 0.021843049091614476 0.019696069892376045
2 0.2677267973039383 0.9200558664159916 0.021843049091614476 0.019696069892376045
2 0.4609375 0.92578125 0.015625 0.0234375
2 0.4517987794260908 0.953534108143824 0.021970594849248924 0.021258569892376046
0 0.24609130017887626 0.8170935322555918 0.021843049091614476 0.019696069892376045
0 0.2320446466951151 0.8452356488809801 0.021843049091614476 0.019696069892376045
0 0.27439138548522746 0.9063572394515209 0.021843049091614476 0.019696069892376045
0 0.26184345912264906 0.9337908806840151 0.023660640606883377 0.02289384449948173
0 0.45703125 0.9390625 0.0234375 0.021875
0 0.4451341912448017 0.9672327351082946 0.023660640606883377 0.02289384449948173
1 0.4124194780392666 0.3376372803935649 0.015082866061076316 0.01315497146395268
1 0.21653160381241854 0.7410019131490039 0.016772911818710767 0.014790246071058633
1 0.428839898362105 0.8629626120727654 0.015082866061076316 0.013154971463952591
6 0.265367587601561 0.7767425140586267 0.021843049091614476 0.019696069892376045
6 0.29523017290791226 0.8660789958616615 0.023660640606883554 0.02289384449948173
23 0.734375 0.63984375 0.53125 0.7203125