19 0.21953125 0.1296875 0.4390625 0.259375
7 0.59375 0.08203125 0.309375 0.1640625
8 0.634375 0.1296875 0.390625 0.259375
9 0.71640625 0.1296875 0.4046875 0.259375
0 0.80078125 0.17265625 0.3984375 0.1734375
2 0.09140625 0.5671875 0.1828125 0.290625
3 0.1686242199067986 0.6320799224933331 0.266647661417225 0.266683579406528
4 0.28359375 0.6859375 0.3109375 0.325
5 0.3515625 0.75859375 0.175 0.3109375
7 0.025 0.8703125 0.05 0.259375
8 0.078125 0.90859375 0.15625 0.1828125
9 0.14453125 0.9390625 0.2890625 0.121875
0 0.265625 0.97265625 0.325 0.0546875
1 0.8829603296597053 0.4250550985020478 0.2121969597575511 0.2685357137152085
4 0.5 0.56875 0.121875 0.325
5 0.55859375 0.64140625 0.2390625 0.3109375
6 0.6587010777856056 0.7086891353555202 0.3377190232447241 0.34008601823611145