27 0.3296875 0 0 0 0 0.02089495625 0.020566340625000002 0.0320781375 0.0471215 0.0742876765625 0 0.20664457656250002 0 0.4846664484375 0.14456666093749998 0.48828289375 0.1854014484375 0.46420415625 0.07699249999999999 0.45153867812500004 0.043113314062500005 0.423859859375 0.1421718875 0.24630850468749999 0.1485748484375 0.13871070624999998 0.1220196875 0.0965011671875 0.3296875 0.0806199875 0.3296875 0
27 0.39765625 0.01484375 0.0296875 0.0296875
27 0.5991626637654253 0.12180753393541206 0.029075494804219913 0.03624658267027261
10 0.8596631211907784 0.11252125123332277 0.03554401609154336 0.03944430800445424
10 0.6099198473055649 0.13028310526736667 0.03732503737886681 0.04258748933799979
10 0.6837451133971083 0.16851835459104897 0.037215776735205 0.041024989337999786
18 0.6453125 0.0046875 0.03125 0.009375
18 0.35111791971751005 0.30921881663750134 0.022497712873234654 0.0314863573360908
16 0.66875 0.021875 0.04375 0.04375
16 0.5787955334435944 0.12126264127150285 0.04579310124083733 0.05205339600572696
25 0.6631594617879539 0.16484846192713967 0.04255884059717552 0.05045453333863605
24 0.7125753177203682 0.03291666191918554 0.038778276735204995 0.04104317067154524
24 0.7767524322027572 0.06735474924414046 0.038778276735204995 0.04104317067154524
24 0.9256758872823218 0.15084740722473225 0.04045003737886681 0.04262385200509069
24 0.971010166615417 0.17299457988545974 0.038778276735204995 0.04104317067154532
24 0.4123185916055817 0.021554637293138203 0.037215776735205174 0.041024989337999786
28 0.5587344057196536 0.1027308172740482 0.03398151609154336 0.039426126670908876
28 0.37904617776328176 0.32844098396722876 0.023950952229573018 0.029942038669636163
23 0.65390625 0.01015625 0.0359375 0.0203125
23 0.7940327673520511 0.0796638452419133 0.03376299480421992 0.03630112667090888
23 0.8783420653745797 0.12246841589755011 0.03543475544788173 0.037881808004454245
23 0.4968464109154338 0.06748420794877505 0.032091234160558105 0.034720445337363515
23 0.6284895308457044 0.13866776993159408 0.03543475544788173 0.037881808004454245
29 0.8163994402485291 0.08644055657227705 0.03587179802252862 0.04413180800445442
29 0.8936228579492266 0.12854569322886844 0.03263753737886681 0.042532945337363515
29 0.9130830521330278 0.1384837672263231 0.03263753737886717 0.042532945337363515
14 0.3640625 0.0078125 0.0375 0.015625
14 0.36778089583229656 0.3238807533020469 0.02551345222957293 0.029960220003181704
13 0.7586362167316325 0.05427349391314036 0.04255884059717552 0.05045453333863614
13 0.9528939511442921 0.15991332455445964 0.04255884059717552 0.05045453333863605
13 0.6476219430985205 0.14391834392904865 0.04255884059717552 0.05045453333863605
22 0.4350676767548756 0.033800098623501994 0.04357503737886681 0.0426602146721816
34 0.6922081873985373 0.032371769255276295 0.040887079953513705 0.04887385200509069
30 0.7291290331914929 0.0460160985837311 0.03554401609154336 0.03944430800445433
32 0.838749687650639 0.10416385856941357 0.04368429802252862 0.0442227146721816
32 0.5366573099266981 0.08891376527691168 0.041903276735205 0.04107953333863605
15 0.390625 0.01328125 0.0375 0.0265625
8 0.5173774322027572 0.0703728506126843 0.04255884059717552 0.05045453333863614
0 0.33671875 0.13359375 0.0140625 0.0328125
1 0.3421875 0.140625 0.025 0.03125
7 0.35627032342035136 0.14809041263527423 0.032091234160558105 0.034720445337363515
7 0.39296875 0.5015625 0.0328125 0.015625
21 0.3438681484301866 0.3061756326384558 0.025622712873234654 0.0315227200031817
20 0.35931283197032615 0.31459665996977415 0.023950952229573018 0.029942038669636163
8 0.40546875 0.5046875 0.0296875 0.009375
1 0.071875 0.62109375 0.14375 0.2234375
2 0.24375 0.728125 0.171875 0.353125
16 0.66484375 0.7546875 0.6703125 0.490625