30 0.2796875 0.29765625 0.559375 0.5421875
24 0.72421875 0.37265625 0.3015625 0.3921875
17 0.75625 0.5453125 0.259375 0.046875
34 0.2796875 0.7390625 0.559375 0.340625
28 0.59140625 0.91484375 0.0640625 0.1703125
33 0.6578125 0.64140625 0.140625 0.1453125
27 0.9203125 0.596875 0.159375 0.05625
24 0.6609849565921738 0.840168594405567 0.13992514951546742 0.17845873195336798
15 0.8339579168675184 0.9022336543682551 0.15333208565349707 0.17014932448483505
30 0.8110892273752942 0.7085545093472769 0.14287518689433423 0.22064623195336797
31 0.9390625 0.709375 0.121875 0.209375
18 0.94609375 0.9078125 0.1078125 0.184375
29 0.75859375 0.959375 0.1515625 0.08125