23 0.30078125 0.2734375 0.3578125 0.43125
6 0.73984375 0.24453125 0.5203125 0.4890625
16 0.03203125 0.7421875 0.0640625 0.309375
30 0.24921875 0.75625 0.3390625 0.4875
12 0.68515625 0.54296875 0.1171875 0.1078125
13 0.6697032049539895 0.6939814196406211 0.11172052434972927 0.13628414772652384
14 0.6253962771956936 0.9042098076279121 0.11396486282348768 0.17537392126547413
20 0.7403082110430695 0.9023081627407622 0.102645533278183 0.15330800649282175
19 0.7889247633959758 0.7585814821397973 0.11470915665497756 0.12852619480442443
18 0.8059328056026127 0.5900769439903504 0.10889553327818291 0.15341710064862307
23 0.946875 0.53671875 0.10625 0.0953125
24 0.9226333360414218 0.664792346181101 0.11369212743398442 0.15974892126547413
25 0.9117661996789839 0.8396559784863491 0.12422052434972919 0.1365023360381265
26 0.87734375 0.95703125 0.1296875 0.0859375
31 0.975 0.89453125 0.05 0.1640625