19 0.3296875 0.2796875 0.540625 0.559375
22 0.8 0.2796875 0.4 0.559375
14 0.59140625 0.73125 0.0171875 0.0375
14 0.5278178685665973 0.7491888084175342 0.02208407825883114 0.03644664627652787
14 0.59140625 0.91640625 0.0171875 0.0390625
28 0.5744434045727548 0.6567097144777078 0.01739657825883114 0.036337543502986056
29 0.5627155642136753 0.658544971411562 0.020557939695149584 0.042660278685347205
27 0.5525365883159761 0.6626876107542357 0.017378397540672098 0.03321254350298623
10 0.5400002268796577 0.6692285514836801 0.02209316861791084 0.03800914627652787
18 0.547072383495516 0.6620336473233676 0.017423849336070062 0.04102504350298606
18 0.5489752510801545 0.7377603459365967 0.017423849336070062 0.04102504350298623
1 0.5298702061952023 0.933491073235173 0.023682939695149584 0.04273301386770854
20 0.5403769559006146 0.7387416176880898 0.025263620413308985 0.04589438145888884
20 0.596875 0.90546875 0.00625 0.0453125
21 0.59609375 0.721875 0.0078125 0.04375
30 0.585399085290914 0.6533301413394439 0.02363748789975162 0.03492051386770818
21 0.5575780914392341 0.7359978241851037 0.01897725897699054 0.03949891109416655
10 0.59375 0.64609375 0.0125 0.0453125
10 0.29453125 0.565625 0.0265625 0.0125
20 0.27734375 0.56640625 0.0265625 0.0140625
14 0.2640625 0.56953125 0.025 0.0203125
25 0.24453125 0.57265625 0.0265625 0.0265625
18 0.23046875 0.57265625 0.0171875 0.0265625
12 0.2203125 0.575 0.028125 0.03125
29 0.20546875 0.5765625 0.0265625 0.034375
30 0.1921875 0.5796875 0.025 0.040625
27 0.17725985324489493 0.5847152664331595 0.025263620413308985 0.04589438145888884
14 0.16241610324489492 0.5850607585493748 0.025254530054229285 0.04433188145888885
28 0.1475359918085765 0.59165625066559 0.025263620413308895 0.04589438145888884
18 0.12877235626995706 0.5944364117597567 0.017423849336070062 0.04102504350298623
23 0.1185979255517978 0.5977978011024303 0.025263620413308895 0.04589438145888884
28 0.09666838339732009 0.6076819473789582 0.025263620413308895 0.04589438145888884
34 0.07868145267916087 0.6112251746775346 0.025254530054229285 0.04433188145888885
13 0.06459622678146185 0.6154587329981596 0.025254530054229285 0.04433188145888885
23 0.049725205704222966 0.6204917251143749 0.023682939695149674 0.04273301386770818
14 0.03407747980652394 0.6247616510261805 0.025263620413308895 0.04589438145888884
34 0.016880889447444314 0.6267241945291666 0.025254530054229306 0.04433188145888885
23 0.8 0.7796875 0.4 0.440625