31 0.26484375 0.28984375 0.5296875 0.5796875
29 0.759375 0.50703125 0.278125 0.1453125
22 0.88046875 0.36875 0.2390625 0.334375
25 0.7582089723816576 0.24416843321116338 0.30966693325224204 0.3402743468013618
19 0.63828125 0.42421875 0.2171875 0.2921875
34 0.56171875 0.2234375 0.0640625 0.29375
30 0.64296875 0.0875 0.2265625 0.175
30 0.26484375 0.78984375 0.5296875 0.4203125
5 0.79375 0.628125 0.1625 0.096875
6 0.7143958607489475 0.6970317172358356 0.16811471662612104 0.1710658888718056
5 0.635335595525441 0.7992719244090871 0.1508363130353249 0.15423902179152654
7 0.58203125 0.89453125 0.1046875 0.1671875