17 0.3 0.08984375 0.5375 0.1796875
7 0.784375 0.08984375 0.43125 0.1796875
1 0.45546875 0.66875 0.2265625 0.246875
2 0.37379456662052596 0.7407498574778215 0.22515589605020364 0.23785888797200821
3 0.2771884793281673 0.810397661417225 0.21684274830195704 0.22945439212119326
5 0.4765625 0.246875 0.184375 0.134375
6 0.41171875 0.27890625 0.2265625 0.1984375
7 0.33215567010889707 0.3457566661911098 0.24530770974529412 0.2611546780139645
8 0.23728206353820697 0.4303074197155947 0.2301437846991515 0.24290158548249732
9 0.15050155921927033 0.5076968686759763 0.24354495064599546 0.2579112788438014
0 0.08828125 0.58046875 0.1765625 0.2578125
1 0.784375 0.58984375 0.43125 0.8203125