28 0.19453125 0.284375 0.3890625 0.56875
3 0.7078125 0.284375 0.584375 0.56875
27 0.19453125 0.784375 0.3890625 0.43125
2 0.8465056716500566 0.9393180433049938 0.018889702344038462 0.027463258706427317
2 0.8932001989479523 0.9511087143813214 0.022114831893687813 0.029189533016686652
2 0.9264632819213745 0.9598595946390462 0.018889702344038462 0.02746325870642714
0 0.8631121807493551 0.9433028584338562 0.018689443244739933 0.02433825870642714
0 0.908244208047251 0.9550116423550541 0.018689443244739756 0.024338258706427317
0 0.9415072910206732 0.9637625226127788 0.018889702344038462 0.027463258706427317
1 0.4915375693983031 0.9285012155129753 0.015564443244739845 0.024174484396167806
3 0.4593887985788122 0.7913354081860289 0.021914572794389152 0.02606453301668683
1 0.9302717974990781 0.8370362483025193 0.015564443244739934 0.024174484396167806