12 0.559375 0 0.3461563609375 0 0.22090152187499998 0.0855868421875 0.14047456875 0.2065831796875 0.11952005624999999 0.3043209671875 0.142402275 0.41875 0.250735934375 0.41875 0.1874493984375 0.2839733390625 0.1929621734375 0.21590389375000002 0.22881012812499998 0.17576776249999998 0.3597043296875 0.1158719546875 0.5089843921874999 0.097288171875 0.559375 0.10393916249999999 0.559375 0
1 0.69609375 0.0875 0.2734375 0.175
2 0.68828125 0.34296875 0.2578125 0.1515625
27 0.3078125 0.709375 0.503125 0.58125
1 0.8174638469174063 0.8195622983427084 0.02425654735504672 0.015975686364518005
3 0.5946850415286774 0.9327805490916145 0.022694047355046633 0.015848140606883377
1 0.9586888154179622 0.7478940766815374 0.02747255261671846 0.017793277879787083
4 0.9591438417263214 0.7557065766815374 0.029217063140062293 0.02104582363742171
2 0.9600993969738759 0.7721128266815375 0.029217063140062293 0.02104582363742171
2 0.9595379548522663 0.7891727809239029 0.029217063140062293 0.02104582363742171
0 0.959818675913071 0.7806428038027201 0.029217063140062293 0.021045823637421534
0 0.9592572337914614 0.7977027580450857 0.029217063140062293 0.021045823637421534