13 0.29453125 0.2296875 0.5890625 0.459375
24 0.6578125 0.2703125 0.1375 0.284375
27 0.684375 0.09765625 0.190625 0.1953125
34 0.8357265803229179 0.29683089997934076 0.28498515752654663 0.292338196047778
29 0.915625 0.34140625 0.16875 0.2359375
0 0.31640625 0.9296875 0.1953125 0.140625
1 0.24287937061160375 0.7643463615103477 0.19528276206571746 0.18252547853284734
1 0.16963038748664472 0.5781166143601393 0.20186014427970278 0.19204594889756949
0 0.91953125 0.8203125 0.1609375 0.184375
4 0.8316839541842004 0.6393444018792017 0.20972720798203354 0.19379028685347244
2 0.71015625 0.5078125 0.2015625 0.096875