9 0.2484375 0.3 0.440625 0.6
11 0.8234375 0.03671875 0.246875 0.0734375
12 0.7265625 0.10390625 0.228125 0.2078125
13 0.6279921189493057 0.2684684253146722 0.25519426956056107 0.3259275730349426
19 0.72734375 0.49375 0.2234375 0.2125
18 0.8457528290352141 0.29586340996733257 0.2519054952503016 0.32256577469461656
17 0.90625 0.14609375 0.1875 0.2921875
23 0.96640625 0.384375 0.0671875 0.36875
24 0.91171875 0.49375 0.1765625 0.2125
0 0.22356913330994255 0.7316386570675475 0.16905097241038014 0.13731351369695446
7 0.17344405981333716 0.918486539016271 0.18056168249628843 0.14907980788809566
23 0.734375 0.8 0.53125 0.4