18 0.22890625 0.25 0.3421875 0.4375
15 0.70625 0.234375 0.5875 0.46875
1 0.25286156490171974 0.6819185730807928 0.20825067051050078 0.2548333745242989
2 0.315625 0.73671875 0.16875 0.2984375
6 0.06953125 0.89140625 0.1390625 0.2171875
7 0.13359375 0.92890625 0.2328125 0.1421875
8 0.24765625 0.959375 0.2515625 0.08125
1 0.809375 0.5890625 0.21875 0.240625
2 0.90625 0.634375 0.1875 0.25625
3 0.965625 0.70703125 0.06875 0.2484375
6 0.46328125 0.74453125 0.1265625 0.2609375
7 0.5420656642904643 0.7956547623201086 0.23168152645796614 0.2854122124710205
8 0.6707505862713032 0.8608739026245573 0.2210782191310198 0.26159271049385424
9 0.78671875 0.890625 0.2328125 0.21875
0 0.8921875 0.9234375 0.215625 0.153125