16 0.11015625 0.3 0.2203125 0.6
1 0.9427767280046757 0.12161792011531318 0.023295790041956366 0.019259146276527785
0 0.9158590304941867 0.12568717106524369 0.032789189212119395 0.021039851823611143
2 0.8628048854732085 0.13384385676069505 0.028101689212119398 0.02093074905006951
2 0.8042227908671489 0.14265450588701445 0.028101689212119398 0.020930749050069464
2 0.7773642929417413 0.14594250683694496 0.028101689212119398 0.02093074905006951
0 0.8343246879627195 0.137876740119445 0.028101689212119398 0.020930749050069464
2 0.8066705167972321 0.28593238041204916 0.018134693361304244 0.012900043502986147
2 0.816446413268103 0.373814240119445 0.018134693361304244 0.012900043502986236
2 0.8302576916876971 0.522052371578334 0.018134693361304244 0.012900043502986059
9 0.7876245188718246 0.28940221931788246 0.021259693361304243 0.012972778685347209
9 0.7966191653426953 0.3772658952296881 0.021614890871793337 0.017660278685347208
9 0.811270893347371 0.5247409604841673 0.021259693361304243 0.012972778685347209
1 0.7775480113986475 0.4636937045002436 0.011766294191141214 0.011192073138263935
2 0.7601237130583215 0.4664186609972575 0.021614890871793337 0.017660278685347208
1 0.5868628891981862 0.5116915273541671 0.011766294191141214 0.011192073138263935
0 0.5678760908578602 0.5143801162600004 0.021614890871793337 0.017660278685347208
13 0.1453125 0.8 0.1875 0.4
11 0.7441382828124999 0.6 0.5829351968750001 0.6243471015625001 0.6133372749999999 0.927941234375 0.5205846109375 0.8891181515625 0.3971587484375 0.8989543093750001 0.32886330625 0.9268798453125001 0.2656164203125 1 0.8249425468750001 1 0.792096896875 0.6720044281249999 0.8700150578125001 0.6514308484375 0.8648647453125001 0.6 0.7441382828124999 0.6