30 0.275 0.18984375 0.55 0.3796875
7 0.08359375 0.528256287071869 0.03125 0.04189833992388774
2 0.14765625 0.5589916339158391 0.03125 0.04189833992388792
0 0.16171875 0.5642521368815887 0.03125 0.04189833992388792
5 0.0078125 0.4890625 0.015625 0.040625
1 0.175 0.5694808063492409 0.03125 0.04189833992388792
7 0.18671875 0.5762083088206988 0.03125 0.04189833992388792
4 0.01484375 0.49609375 0.0296875 0.0421875
0 0.20859375 0.7653808967674204 0.0390625 0.05159167490485981
4 0.1921875 0.7561186433073792 0.0421875 0.05640650889724856
1 0.15234375 0.7365263849044223 0.0421875 0.05640650889724856
1 0.1671875 0.744943721368269 0.04375 0.059595175893442945
7 0.225 0.7722994002274615 0.0421875 0.05640650889724856
0 0.00859375 0.6671875 0.0171875 0.05625
1 0.2484375 0.98203125 0.03125 0.0359375
1 0.2609375 0.98515625 0.034375 0.0296875
5 0.08203125 0.9117863700756746 0.03125 0.04189833992388792
4 0.28203125 0.9890625 0.0328125 0.021875
2 0.10078125 0.9211441240300073 0.03125 0.04189833992388792
18 1 0.3796875 0.8580573859375 0.3796875 0.5691860703125 0.9601908671875 0.55 0.9660153874999999 0.55 1 0.67719509375 1 0.6791774125 0.9792803687500001 0.9291258734374999 0.476994696875 0.9754636421875 0.4038865953125 1 0.400174784375 1 0.3796875