28 0.240625 0.29453125 0.48125 0.5890625
1 0.6300331943995097 0.04193947312694339 0.013865078925077868 0.024165542093374803
4 0.6230929496611817 0.043092449449420124 0.017081084186749605 0.02591005261671846
2 0.6078125 0.04375 0.015625 0.025
0 0.60390625 0.04296875 0.0078125 0.0265625
1 0.7012234678652716 0.2749941678088018 0.013774073663405773 0.022603042093374805
3 0.6926752204961074 0.27527488886960666 0.017081084186749605 0.02591005261671846
2 0.6794394731269434 0.27528259414539596 0.01699007892507769 0.02434755261671846
2 0.6639509810194512 0.27671629152867744 0.017081084186749605 0.02591005261671846
0 0.6716724757577793 0.2756088178370367 0.017081084186749605 0.02591005261671846
1 0.6569652336502871 0.27708801785115417 0.013865078925077868 0.024165542093374626
2 0.6340044177382147 0.40421966524855313 0.012029563140062293 0.019387036831702887
9 0.6284901651073787 0.40311989683270166 0.012029563140062293 0.019387036831702887
1 0.7397832518543771 0.5092627519955514 0.013774073663405773 0.022603042093374624
4 0.7320617571160489 0.5103702256871921 0.017081084186749605 0.02591005261671846
2 0.7180447597468849 0.5103324283321455 0.016990078925077867 0.02434755261671846
0 0.7103232650085567 0.5114399020237862 0.017081084186749605 0.025910052616718814
2 0.7017295150085567 0.510939373084591 0.017081084186749605 0.02591005261671846
1 0.6947437676393926 0.5113110994070678 0.013865078925077868 0.024165542093374626