28 0.25 0.275 0.5 0.55
10 0.8640625 0.1015625 0.271875 0.203125
30 0.596875 0.39140625 0.19375 0.3171875
18 0.81875 0.47734375 0.3625 0.1453125
34 0.73984375 0.41875 0.2921875 0.2625
13 0.65234375 0.275 0.3046875 0.353125
23 0.8578125 0.328125 0.284375 0.3625
22 0.9421875 0.2640625 0.115625 0.31875
33 0.9421875 0.46015625 0.115625 0.1796875
24 0.71484375 0.13203125 0.2984375 0.2640625
24 0.5 1 0.5 0.55 0.15584062031249998 0.55 0.0718937421875 0.62340144375 0 0.7529574046875 0 0.964339421875 0.0145733515625 1 0.5 1
21 0.75 0.82109375 0.5 0.3578125