24 0.55 0 0 0 0 0.1738698203125 0.03361735625 0.2308685046875 0.1965629765625 0.34290118125 0.32415783125000003 0.3687171421875 0.480033590625 0.3417475390625 0.55 0.30213223437500003 0.55 0
18 0.961069148074451 0.25229558934879803 0.018931813335454704 0.017265412441111037
18 0.9079339627227702 0.12165047356185354 0.02681703866963616 0.024198917624907425
18 0.8956339573917699 0.1399315818559276 0.023673857336090974 0.0223630155513888
18 0.814848128739633 0.2541396362857885 0.028397720003181703 0.02589811866166656
18 0.7809458434118145 0.2977720590944921 0.028397720003181703 0.02589811866166656
18 0.6828125 0.4296875 0.028125 0.01875
18 0.6438736520925866 0.4137763508476864 0.02681703866963616 0.024198917624907425
27 0.729338437420405 0.3656327938259272 0.020530676002545434 0.020527113477870174
27 0.83247888204168 0.02189377280791822 0.01578863200190881 0.015429510367592592
10 0.9101777153882702 0.11285167200671467 0.025272720003181703 0.025624716588148112
10 0.867872584062679 0.17364220051759416 0.030014764003817973 0.03072231969842587
10 0.719345819422314 0.3805838505648624 0.025272720003181703 0.025624716588148112
10 0.6140625 0.4359375 0.028125 0.00625
10 0.8378658160407253 0.014384069179260805 0.020530676002545434 0.02052711347787035
23 0.8986225973901792 0.12793942978240908 0.025272720003181703 0.025624716588148112
23 0.8039651727402694 0.2597840435431033 0.025272720003181703 0.025624716588148112
23 0.7747594780792235 0.3037876132415292 0.022129538669636163 0.023788814514629664
23 0.6734375 0.4328125 0.025 0.0125
23 0.6345441054264502 0.4185028070682419 0.025272720003181703 0.025624716588148112
23 0.8009112560470888 0.06453989406148297 0.01894999466899989 0.01882791244111104
17 0.84609375 0.009375 0.0265625 0.01875
24 0.9741504034054511 0.2339461305363444 0.02053067600254508 0.02052711347787035
24 0.971768648710998 0.029258630536344386 0.025272720003181703 0.025624716588148112
24 0.9440709100493159 0.068437999198011 0.025272720003181703 0.025624716588148112
24 0.8493680320655426 0.19637636295870528 0.02843408267027243 0.02902311866166656
24 0.7370418494191324 0.3555742886421309 0.025272720003181703 0.025624716588148112
24 0.7901464787157705 0.08034055131879776 0.022129538669636163 0.023788814514629573
24 0.7516748720559974 0.13453932723777914 0.020530676002545434 0.02052711347787035
30 0.842482232733906 0.20949151762412194 0.022129538669636163 0.023788814514629664
30 0.7031850174251776 0.40311296145083464 0.022129538669636163 0.023788814514629664
24 0.7762748827179976 0.09797711064963104 0.022129538669636163 0.023788814514629573
28 0.9828125 0.01171875 0.025 0.0234375
28 0.7863055054105419 0.2879186054658348 0.025272720003181703 0.025624716588148112
28 0.7447436193904974 0.14374823190319583 0.020512494668999893 0.018964613477870353
16 0.876266339393679 0.1557028448154183 0.029996582670272432 0.02915981969842587
16 0.793918010741542 0.2700476002820385 0.02999658267027261 0.02915981969842587
16 0.7623594754137235 0.3134749715356032 0.03159544533736351 0.032421520735185186
16 0.62265625 0.42578125 0.0296875 0.0265625
31 0.99609375 0.19296875 0.0078125 0.0203125
18 0.99453125 0.19765625 0.0109375 0.0171875
10 0.99140625 0.20546875 0.0171875 0.0203125
22 0.9794827934038605 0.22174892690768697 0.025272720003181703 0.025624716588148112
22 0.9332970420512249 0.08345740645532577 0.02845226400381797 0.030585618661666557
11 0.9688180134070421 0.2461433341650018 0.02843408267027243 0.02902311866166656
11 0.8617862160645879 0.18825150466463123 0.03315794533736351 0.03255822177194432
11 0.827929384070633 0.23579017747333478 0.03631930800445442 0.03595662384546294
21 0.9595611920750875 0.2571197903855573 0.023655676002545433 0.020800515551388798
21 0.9202794213876337 0.10727561526777948 0.02681703866963616 0.024198917624907425
21 0.7617418574156326 0.3276058220539829 0.02681703866963616 0.024198917624907425
21 0.6500691080919503 0.4085420467006493 0.023673857336090797 0.0223630155513888
21 0.7879027260502705 0.0891393528739366 0.01893181333545435 0.017265412441111037
21 0.7840510200509068 0.09416860546583479 0.018913632001908987 0.01570291244111104
14 0.9518214174092693 0.26405329556935353 0.022129538669636163 0.023788814514629664
14 0.8170555187380423 0.24221583473064962 0.028434082670272608 0.02902311866166656
14 0.7539657200827234 0.3314143272377791 0.025272720003181703 0.025624716588147932
14 0.6576452507558596 0.387546041516853 0.025272720003181703 0.025624716588148112
14 0.6499418387571322 0.3976045467006493 0.028415901336727067 0.027460618661666557
14 0.8263288793761798 0.031034326954955206 0.022129538669636163 0.023788814514629664
29 0.9787089920432708 0.020830975870927748 0.025272720003181703 0.025624716588148112
29 0.8371134800684059 0.21856372125277934 0.025254538669636162 0.02406221658814811
29 0.7393475947246791 0.15047668553185317 0.020530676002545434 0.02052711347787035
25 0.9601498960454979 0.03887763831203879 0.029996582670272432 0.02915981969842587
25 0.9209243113860431 0.09548851474939983 0.029996582670272432 0.02915981969842587
12 0.9517652313812706 0.05759824401421474 0.025272720003181703 0.025624716588148112
12 0.6947185367599957 0.4148023171530105 0.025272720003181703 0.025624716588148112
23 0.8878850920591791 0.14608383703972386 0.022129538669636163 0.023788814514629573
15 0.7471526460852689 0.35077948190319574 0.031577264003817974 0.030859020735185184
15 0.7117424047580867 0.3992361057486587 0.031577264003817974 0.030859020735185184
15 0.6685282067552232 0.38190163425953827 0.028397720003181703 0.02589811866166656
15 0.798685684715134 0.07490119561662185 0.022093176002545435 0.020663814514629664
20 0.68984375 0.42421875 0.0328125 0.0296875
32 0.7678174927195884 0.11044771635180695 0.025272720003181703 0.025624716588148112
30 0.9421875 0.0078125 0.034375 0.015625
28 0.93359375 0.01328125 0.0328125 0.0265625
14 0.9255567200429524 0.023135061120742418 0.029996582670272432 0.02915981969842587
13 0.9140106927116343 0.03900406889643686 0.03159544533736351 0.032421520735185096
10 0.9039998933799979 0.05239262563537204 0.0347386266709087 0.03425742280870363
22 0.893998184715134 0.06656243237430717 0.0347568080044546 0.03581992280870363
23 0.8808714760502705 0.08100564118676087 0.03159544533736351 0.032421520735185186
13 0.8685987427195885 0.10163049948083494 0.03473862667090906 0.03425742280870363
24 0.8562441933879519 0.11522410777490899 0.0347386266709087 0.03425742280870363
34 0.8447436193904974 0.13499936555060338 0.03473862667090906 0.03425742280870363
24 0.8355049793920882 0.14753832177115891 0.03473862667090906 0.03425742280870363
30 0.8262754300604517 0.16085852799171446 0.03473862667090888 0.03425742280870363
28 0.813185084062679 0.17842673680416815 0.03473862667090888 0.03425742280870363
24 0.8047276940642698 0.1908973425063441 0.03473862667090888 0.03425742280870363
30 0.7931362133990879 0.2028601002820385 0.03473862667090888 0.03425742280870363
23 0.7847151860677697 0.21845570598421435 0.03159544533736351 0.032421520735185186
13 0.7747043867361332 0.23184426272314954 0.03473862667090888 0.03425742280870363
29 0.7600424500715877 0.24876792257236247 0.03159544533736351 0.032421520735185186
17 0.7523844914067239 0.2627326777561588 0.03473862667090888 0.03425742280870363
18 0.7454714200747693 0.2735040824215755 0.023673857336090797 0.0223630155513888
27 0.7400753954089512 0.2802325360502328 0.029996582670272432 0.02915981969842587
28 0.7316089147437692 0.2919218917524088 0.03315794533736351 0.03255822177194432
29 0.7231424340785872 0.3036112474545846 0.03473862667090888 0.03425742280870363
34 0.71309527207986 0.3138748041935198 0.03473862667090906 0.03425742280870363
28 0.8515625 0.0046875 0.028125 0.009375
30 0.8117669400461341 0.05655173680416814 0.028434082670272608 0.02902311866166656
25 0.7593964653882702 0.12604332205398286 0.02843408267027243 0.029023118661666646
30 0.275 0.71953125 0.55 0.5609375
32 0.775 0.71953125 0.45 0.5609375