27 0.2046875 0.26484375 0.409375 0.5296875
13 0.7046875 0.26484375 0.590625 0.5296875
3 0.35859375 0.63515625 0.1015625 0.1421875
4 0.2708109415703287 0.6234068913673939 0.14268355172143127 0.15404019566510635
5 0.1684944734214941 0.6184554531166613 0.1281845421027846 0.14096719269935692
6 0.07582582378431386 0.6060735168430951 0.12645835099579195 0.13621602570316255
7 0.02109375 0.60390625 0.0421875 0.1296875
1 0.99765625 0.91640625 0.0046875 0.0265625
2 0.9758804206037546 0.7740342910633828 0.014771828130301045 0.02088550296574958
9 0.96965770245492 0.7729983730786052 0.014771828130301045 0.02088550296574958
1 0.99453125 0.55546875 0.0109375 0.0203125
2 0.9897693389300743 0.5555389590481603 0.014771828130301045 0.020885502965749536