34 0.1578125 0.1796875 0.315625 0.359375
6 0.7765625 0.1796875 0.446875 0.359375
6 0.40078125 0.79765625 0.0359375 0.2640625
7 0.3154745166265404 0.7859574594421653 0.1596551109788372 0.28872328243518836
8 0.16854569233250327 0.8006323286161315 0.16737668276559176 0.2861445856534971
9 0.05 0.78203125 0.1 0.2984375
3 0.9203125 0.81484375 0.159375 0.3328125
4 0.77890625 0.83203125 0.2140625 0.3359375
5 0.63046875 0.85 0.2171875 0.3
6 0.5 0.85234375 0.1625 0.2953125
8 0.93203125 0.4203125 0.1359375 0.121875
9 0.80625 0.434375 0.209375 0.15
0 0.65 0.44609375 0.209375 0.1734375