25 0.1344852359375 0 0 0.21903738593750002 0 0.5296875 0.31070180468749997 0.5296875 0.37338860937499996 0.46219085781249997 0.459375 0.3271879546875 0.459375 0.1065298921875 0.143785171875 0 0.1344852359375 0
12 0.63125 0.02283615843509329 0.01875 0.02039041244111107
12 0.653125 0.035766093920463704 0.0171875 0.018691211404351815
12 0.59375 0.12846073331731545 0.01875 0.020390412441111082
12 0.7734375 0.027583864090000975 0.01875 0.020390412441111082
12 0.63984375 0.23614680273291738 0.0171875 0.017128711404351814
12 0.69765625 0.2514013643728249 0.01875 0.02039041244111104
12 0.9921875 0.15703125 0.015625 0.0203125
12 0.86171875 0.366735255513103 0.0171875 0.018691211404351815
12 0.88046875 0.45415734307199196 0.0171875 0.018691211404351905
29 0.5640625 0.0771518030157413 0.0140625 0.015292809330833301
29 0.4984375 0.17976824655963006 0.0171875 0.017128711404351814
29 0.46328125 0.24140625 0.0078125 0.0171875
29 0.62265625 0.0321817641372692 0.015625 0.01542951036759257
29 0.58828125 0.08675168694597284 0.015625 0.015429510367592547
29 0.57578125 0.10737654524004689 0.015625 0.015429510367592592
29 0.5359375 0.1686749216774079 0.015625 0.015429510367592547
29 0.5265625 0.18355762789796345 0.0171875 0.017128711404351814
29 0.4796875 0.2571899090007411 0.015625 0.015429510367592592
29 0.6453125 0.045043349104259986 0.015625 0.01542951036759257
29 0.62421875 0.07813881310050994 0.015625 0.015429510367592547
29 0.57109375 0.16169289835032466 0.015625 0.015429510367592592
29 0.4734375 0.31476796314777816 0.0171875 0.017128711404351814
29 0.765625 0.03764236927379725 0.0171875 0.017128711404351814
29 0.6328125 0.24613695739833402 0.0171875 0.017128711404351814
29 0.740625 0.13279833586194534 0.0171875 0.017128711404351814
29 0.6015625 0.3504334781335191 0.01875 0.01882791244111104
29 0.74453125 0.1762065832700472 0.015625 0.015429510367592547
29 0.7234375 0.2100832972662972 0.0140625 0.015292809330833278
29 0.67578125 0.2845651788874545 0.015625 0.015429510367592592
29 0.609375 0.3888124729497228 0.015625 0.015429510367592592
29 0.52109375 0.52421875 0.0171875 0.0109375
29 0.78515625 0.2078086063143066 0.015625 0.015429510367592592
29 0.86640625 0.17570015240282522 0.0171875 0.017128711404351814
29 0.8078125 0.26754519128129733 0.0140625 0.015292809330833278
29 0.98671875 0.1675179225723625 0.0171875 0.017128711404351814
29 0.85390625 0.3767937606968993 0.01875 0.01882791244111104
18 0.490625 0.03826425174342636 0.0171875 0.015566211404351816
18 0.55546875 0.08962240871791723 0.015625 0.013867010367592547
18 0.5796875 0.09922229264814875 0.0171875 0.015566211404351816
18 0.496875 0.23068619759638934 0.015625 0.01386701036759259
18 0.63515625 0.05843190584319515 0.015625 0.013867010367592547
18 0.75859375 0.04607002393921391 0.0171875 0.015566211404351816
18 0.6890625 0.1568407200750008 0.015625 0.013867010367592547
18 0.628125 0.25201581050861177 0.015625 0.01386701036759259
18 0.5609375 0.35711270508925985 0.015625 0.01386701036759259
18 0.5375 0.4497882206406487 0.015625 0.013867010367592414
18 0.7171875 0.2168801014133342 0.0140625 0.012167809330833279
18 0.62421875 0.36329506310050996 0.015625 0.01386701036759259
18 0.61328125 0.3814394703578247 0.015625 0.01386701036759259
18 0.5234375 0.520549779971482 0.015625 0.01386701036759259
18 0.7359375 0.23633343897222314 0.0140625 0.012167809330833279
18 0.6828125 0.3191062742220378 0.015625 0.01386701036759259
18 0.8765625 0.06153034566389006 0.015625 0.013867010367592547
18 0.82265625 0.1467152814320844 0.015625 0.01386701036759259
18 0.81171875 0.2601721886893992 0.015625 0.01386701036759259
18 0.98125 0.17424637620101988 0.01875 0.01570291244111104
18 0.909375 0.2867846238919457 0.0171875 0.015566211404351816
18 0.84921875 0.38189136380717703 0.0171875 0.015566211404351816
18 0.7828125 0.4861386578694454 0.0171875 0.015566211404351904
18 0.9953125 0.26171875 0.009375 0.0140625
18 0.92890625 0.374138360932455 0.0171875 0.015566211404351816
18 0.86796875 0.47009470136606596 0.0171875 0.015566211404351904
31 0.7546875 0.05656802653111205 0.01875 0.02039041244111106
31 0.62421875 0.26251381310051 0.01875 0.02039041244111104
31 0.63125 0.3556486584350933 0.0171875 0.018691211404351815
31 0.9765625 0.18637522931129766 0.01875 0.021952912441111083
31 0.8453125 0.3931706163990752 0.0171875 0.018691211404351905
31 0.9921875 0.27421875 0.015625 0.0203125
31 0.86328125 0.4806610544763437 0.0171875 0.018691211404351905
14 0.571875 0.06631204783194503 0.01875 0.020390412441111082
14 0.51328125 0.15815708671041712 0.01875 0.021952912441111038
14 0.6390625 0.01015625 0.01875 0.0203125
14 0.51328125 0.20737583671041718 0.01875 0.02039041244111104
14 0.46328125 0.29375 0.0078125 0.021875
14 0.6609375 0.02258258873666742 0.01875 0.020390412441111082
14 0.5453125 0.2053547154568524 0.01875 0.021952912441111038
14 0.46328125 0.3390625 0.0078125 0.01875
14 0.74609375 0.06981988223328796 0.01875 0.02039041244111106
14 0.61640625 0.2749160682843062 0.01875 0.02039041244111104
14 0.75234375 0.11692932808625094 0.01875 0.021952912441111038
14 0.7265625 0.15824739519277867 0.01875 0.021952912441111083
14 0.68671875 0.21954577163013972 0.01875 0.02039041244111104
14 0.57109375 0.40231789835032467 0.01875 0.02039041244111104
14 0.5265625 0.47183887789796347 0.01875 0.021952912441111038
14 0.8109375 0.07430303920777882 0.01875 0.02039041244111106
14 0.8015625 0.08840449542833435 0.01875 0.020390412441111082
14 0.73828125 0.18769088741708423 0.01875 0.020390412441111082
14 0.6484375 0.32914494703074143 0.01875 0.02039041244111104
14 0.54765625 0.4871809139017135 0.0171875 0.018691211404351905
14 0.7234375 0.2608645472662972 0.01875 0.02039041244111104
14 0.58828125 0.47190793694597283 0.0171875 0.018691211404351725
14 0.56640625 0.5058530014606024 0.0171875 0.018691211404351905
14 0.84765625 0.1124968148439363 0.01875 0.020390412441111082
14 0.8 0.18697869646509363 0.01875 0.021952912441111083
14 0.8515625 0.2004363122520382 0.01875 0.02039041244111104
14 0.96796875 0.1996270850134736 0.01875 0.02039041244111104
14 0.83828125 0.4047232710644918 0.01875 0.02039041244111104
14 0.98671875 0.28626792257236244 0.01875 0.02039041244111104
14 0.85625 0.4922137091417603 0.0171875 0.018691211404351905
14 0.98203125 0.3554280256826402 0.01875 0.02039041244111104
14 0.95078125 0.40347454641782543 0.01875 0.021952912441111038
10 0.49765625 0.031399097078009704 0.01875 0.021952912441111073
10 0.59609375 0.028255681762176556 0.01875 0.020390412441111082
10 0.53984375 0.1175519190855098 0.01875 0.021952912441111038
10 0.50625 0.16970974137583378 0.01875 0.020390412441111082
10 0.478125 0.21513911003750036 0.01875 0.02039041244111104
10 0.60625 0.10861712502324139 0.01875 0.021952912441111083
10 0.72734375 0.10036654467439905 0.021875 0.023788814514629573
10 0.69765625 0.1474951143728249 0.01875 0.021952912441111083
10 0.59765625 0.3031189807254173 0.01875 0.02039041244111104
10 0.56953125 0.3477670993870839 0.01875 0.021952912441111038
10 0.5171875 0.431252834118519 0.01875 0.02039041244111104
10 0.6515625 0.275746544957223 0.01875 0.02039041244111104
10 0.6203125 0.32379306569240807 0.01875 0.02039041244111104
10 0.59609375 0.36263068176217655 0.01875 0.02039041244111104
10 0.71328125 0.22659685400523238 0.01875 0.021952912441111038
10 0.80625 0.1294006423180566 0.01875 0.020390412441111082
10 0.690625 0.3113915190382416 0.0171875 0.018691211404351815
10 0.9484375 0.2294608479729643 0.01875 0.02039041244111104
10 0.91875 0.2773706676713902 0.01875 0.021952912441111038
10 0.81953125 0.43370743350560287 0.01875 0.02039041244111104
10 0.78984375 0.47927350320402873 0.01875 0.02039041244111104
10 0.96875 0.31518373449509396 0.01875 0.02039041244111104
10 0.93671875 0.36564235574865867 0.01875 0.021952912441111038
10 0.8375 0.51953125 0.01875 0.0203125
10 0.87890625 0.5167940441087511 0.0171875 0.018691211404351905
10 0.99765625 0.37578125 0.0046875 0.0203125
22 0.5171875 0.00625 0.021875 0.0125
22 0.60625 0.01171875 0.021875 0.0234375
22 0.5546875 0.18890950923629685 0.021875 0.025351314514629575
22 0.715625 0.11701680245009345 0.0234375 0.028613015551388843
22 0.5875 0.31963253746435244 0.021875 0.025351314514629575
22 0.6296875 0.3096916094718526 0.021875 0.025351314514629665
22 0.659375 0.3117817897734267 0.021875 0.025351314514629665
22 0.9375 0.24526150523027904 0.0234375 0.028613015551388798
22 0.809375 0.4502209902445381 0.021875 0.026913814514629663
22 0.95703125 0.3333964922707884 0.021875 0.026913814514629576
22 0.828125 0.52578125 0.021875 0.0078125
22 0.94140625 0.4191385026383809 0.021875 0.026913814514629663
25 0.5078125 0.018010540339074538 0.0203125 0.022089613477870328
25 0.64765625 0.00390625 0.0203125 0.0078125
25 0.66953125 0.009375 0.0203125 0.01875
25 0.70703125 0.13417490815226935 0.021875 0.023788814514629573
25 0.578125 0.336858993684908 0.0203125 0.022089613477870352
25 0.76171875 0.15360912186569536 0.0203125 0.022089613477870352
25 0.928125 0.2648317114508346 0.021875 0.023788814514629573
25 0.79921875 0.4667345469834732 0.0203125 0.020527113477870174
25 0.946875 0.35225379900972353 0.021875 0.023788814514629664
16 0.48671875 0.051106004335324494 0.021875 0.023788814514629598
16 0.590625 0.04123413539083396 0.0234375 0.023925515551388842
16 0.5296875 0.13797172582444495 0.0234375 0.023925515551388842
16 0.6859375 0.16805162214851932 0.021875 0.023788814514629573
16 0.559375 0.36740565612601905 0.0203125 0.022089613477870352
16 0.753125 0.21529847756787132 0.021875 0.023788814514629664
16 0.90703125 0.2979271754470846 0.021875 0.023788814514629573
16 0.78046875 0.4980624594245843 0.0203125 0.02052711347787035
16 0.92578125 0.3869117630059735 0.025 0.02718721658814811
23 0.47578125 0.0653441615926393 0.01875 0.021952912441111083
23 0.58125 0.05377309161138949 0.01875 0.020390412441111082
23 0.63125 0.0681486584350933 0.0171875 0.018691211404351815
23 0.675 0.1822897794058341 0.01875 0.021952912441111038
23 0.5484375 0.3800813133833339 0.015625 0.01855451036759259
23 0.69453125 0.2071435164463434 0.01875 0.02039041244111104
23 0.5875 0.37588253746435246 0.0171875 0.018691211404351815
23 0.73125 0.1992435420825009 0.01875 0.02039041244111104
23 0.8265625 0.09715477884018626 0.01875 0.020390412441111082
23 0.87265625 0.0720283482557882 0.01875 0.020390412441111082
23 0.89609375 0.3121653327043994 0.01875 0.02039041244111104
23 0.7703125 0.5098885161635195 0.0171875 0.017128711404351904
23 0.91484375 0.39958742026328825 0.01875 0.02039041244111104
23 0.8984375 0.4853977811492605 0.0171875 0.017128711404351904
34 0.51015625 0.44436798878393563 0.0203125 0.02052711347787035
34 0.78671875 0.16235940527754728 0.01875 0.018827912441111084
34 0.84609375 0.21341476588069558 0.021875 0.023788814514629573
16 0.5546875 0.00390625 0.021875 0.0078125
10 0.54375 0.01171875 0.021875 0.0234375
22 0.53359375 0.02747372323254681 0.0234375 0.02705051555138884
14 0.52265625 0.044055630489861594 0.0203125 0.022089613477870328
29 0.51015625 0.06389923878393565 0.0203125 0.022089613477870328
18 0.50390625 0.07460229293097267 0.0140625 0.013730309330833301
22 0.4953125 0.08785414863314858 0.025 0.02718721658814811
14 0.48515625 0.10358645537208375 0.01875 0.020390412441111082
21 0.61171875 0.333138671394584 0.015625 0.01386701036759259
21 0.60859375 0.3388808234681025 0.015625 0.01386701036759259
21 0.79453125 0.09605090009375102 0.015625 0.013867010367592547
21 0.70625 0.23424325867064902 0.015625 0.01386701036759259
21 0.81875 0.10565078402398254 0.015625 0.013867010367592547
21 0.6796875 0.32406717629555637 0.015625 0.01386701036759259
21 0.9859375 0.34336752309074214 0.015625 0.01386701036759259
21 0.88984375 0.49318088685143635 0.015625 0.01386701036759259
13 0.57734375 0.38770859420328757 0.0203125 0.02052711347787035
13 0.85234375 0.05271171173365853 0.0203125 0.022089613477870328
13 0.79609375 0.14122669905699176 0.0203125 0.022089613477870352
13 0.81640625 0.15663708557912143 0.0203125 0.02052711347787035
13 0.88515625 0.14515348996171412 0.021875 0.022226314514629576
13 0.83046875 0.23040677624828812 0.021875 0.023788814514629573
13 0.92421875 0.44095471404273273 0.0203125 0.022089613477870352
13 0.86796875 0.5234375 0.0203125 0.0125
13 0.99140625 0.3875 0.0171875 0.021875
28 0.55078125 0.10018876182819499 0.0171875 0.018691211404351815
28 0.56640625 0.12382175146060241 0.0171875 0.018691211404351815
28 0.54296875 0.15946601701199126 0.0171875 0.017128711404351814
28 0.4875 0.24869390381694484 0.0171875 0.018691211404351815
28 0.47109375 0.2735667647029171 0.0171875 0.017128711404351814
28 0.67734375 0.003125 0.0171875 0.00625
28 0.57890625 0.1524156431665284 0.0171875 0.018691211404351815
28 0.640625 0.29310970221453775 0.015625 0.01699201036759259
28 0.5140625 0.4909012361920375 0.0171875 0.018691211404351905
28 0.78984375 0.10661725320402878 0.0171875 0.018691211404351815
28 0.68203125 0.27620587474041747 0.0171875 0.018691211404351815
28 0.6203125 0.3737930656924081 0.0171875 0.017128711404351814
28 0.60390625 0.39944717657838036 0.0171875 0.017128711404351904
28 0.53125 0.5128350247876856 0.0171875 0.018691211404351905
28 0.675 0.3354147794058341 0.0171875 0.018691211404351815
28 0.55859375 0.5174740066443986 0.0171875 0.017128711404351904
28 0.79140625 0.20023055216726954 0.0171875 0.017128711404351814
29 0.9984375 0.3171875 0.003125 0.015625
29 0.97421875 0.36392403086643654 0.015625 0.015429510367592592
29 0.96484375 0.378025487086992 0.015625 0.015429510367592592
27 0.5203125 0.14816693204500048 0.0140625 0.015292809330833278
27 0.49296875 0.23884045018828742 0.0140625 0.015292809330833278
27 0.75859375 0.1077887739392139 0.015625 0.015429510367592592
27 0.6796875 0.23109842629555635 0.0140625 0.015292809330833278
27 0.64140625 0.33991635169615814 0.0140625 0.015292809330833278
27 0.56953125 0.45323584938708394 0.0140625 0.013730309330833279
27 0.7625 0.19807202134731577 0.0140625 0.015292809330833278
27 0.696875 0.30068846489120454 0.0140625 0.013730309330833279
27 0.6515625 0.371840294957223 0.0140625 0.013730309330833279
32 0.4875 0.19947515381694486 0.0203125 0.02365211347787035
32 0.48671875 0.29719975433532453 0.0203125 0.02365211347787035
32 0.7046875 0.19219245970740823 0.0203125 0.02365211347787035
32 0.55703125 0.47229820768115793 0.0203125 0.02365211347787035
32 0.8359375 0.08227207261963072 0.0203125 0.02365211347787033
32 0.63203125 0.4040178079167137 0.0203125 0.02365211347787035
32 0.809375 0.17287724024453807 0.021875 0.025351314514629575
32 0.90078125 0.12347397959412158 0.021875 0.025351314514629575
32 0.90859375 0.4704467244103253 0.0203125 0.02365211347787035
34 0.471875 0.22818591418453743 0.0203125 0.02052711347787035
24 0.61875 0.09033601672916734 0.0171875 0.018691211404351836
24 0.56484375 0.17317720249736168 0.01875 0.020390412441111082
24 0.5109375 0.258362138265556 0.0171875 0.018691211404351815
24 0.49609375 0.28231704811476893 0.0171875 0.018691211404351815
24 0.7140625 0.1773097534868527 0.0171875 0.018691211404351815
24 0.66875 0.24768033355287117 0.01875 0.02039041244111104
24 0.4984375 0.5157057465596301 0.01875 0.02039041244111104
24 0.75234375 0.16614807808625093 0.01875 0.02039041244111104
24 0.66953125 0.2952682330344915 0.01875 0.021952912441111038
24 0.584375 0.42928093953787094 0.0171875 0.018691211404351905
24 0.84609375 0.06732101588069556 0.0171875 0.018691211404351815
24 0.815625 0.11608043609750104 0.01875 0.020390412441111082
24 0.778125 0.1732675109797232 0.0171875 0.018691211404351815
24 0.65859375 0.3618501402918063 0.0171875 0.018691211404351815
24 0.621875 0.41818761465564885 0.01875 0.02039041244111104
24 0.87734375 0.15989949514551044 0.01875 0.02039041244111104
24 0.909375 0.10944087389194568 0.0171875 0.018691211404351815
24 0.8234375 0.24508443091370474 0.0171875 0.018691211404351815
24 0.99453125 0.32890625 0.0109375 0.0203125
24 0.91796875 0.4547827681897697 0.01875 0.02039041244111104
24 0.88671875 0.5036105389249549 0.01875 0.02039041244111104
17 0.51953125 0.19354778256338012 0.01875 0.018827912441111084
29 0.46484375 0.2828125 0.0109375 0.015625
17 0.4671875 0.325 0.015625 0.021875
17 0.7328125 0.14285684104574164 0.0203125 0.02052711347787035
17 0.5046875 0.5018776924125931 0.0203125 0.02052711347787035
17 0.8171875 0.06125623506074179 0.0203125 0.02052711347787033
17 0.853125 0.09873711121527891 0.0203125 0.020527113477870305
17 0.85859375 0.1865399075866215 0.0203125 0.02052711347787035
17 0.9578125 0.3887968917524088 0.01875 0.01882791244111104
30 0.59609375 0.07747443176217657 0.0171875 0.018691211404351815
30 0.5515625 0.14777666130981534 0.0171875 0.018691211404351815
30 0.5859375 0.14086298850111173 0.0171875 0.018691211404351815
30 0.7703125 0.08957601616351948 0.0171875 0.018691211404351815
30 0.68984375 0.2638036195566212 0.0171875 0.018691211404351815
30 0.5765625 0.44246444472166724 0.015625 0.01855451036759259
30 0.76953125 0.1865193666818991 0.015625 0.018554510367592546
30 0.74296875 0.22790578430680647 0.0171875 0.018691211404351815
11 0.603125 0.0635780270967599 0.0203125 0.022089613477870328
11 0.54375 0.43986641649361163 0.0203125 0.022089613477870352
11 0.5375 0.4997882206406487 0.0203125 0.020527113477870174
19 0.5578125 0.13707360716277833 0.0203125 0.018964613477870353
15 0.5 0.2233815455228708 0.0171875 0.017128711404351904
15 0.66015625 0.25780718925504703 0.0171875 0.017128711404351814
15 0.66328125 0.34894003718152855 0.0171875 0.017128711404351814
25 0.49140625 0.5234375 0.0203125 0.0125
27 0.53828125 0.21612612012226906 0.0140625 0.015292809330833278
15 0.5171875 0.24453408411851899 0.0203125 0.02052711347787035
21 0.503125 0.2668581434493523 0.015625 0.01386701036759259
21 0.5 0.2718190455228708 0.015625 0.01386701036759259
10 0.78046875 0.0125 0.0234375 0.025
12 0.73515625 0.08405803949060275 0.021875 0.025351314514629575
10 0.64765625 0.2221820475491211 0.021875 0.023788814514629573
12 0.6046875 0.2884413260600006 0.021875 0.025351314514629575
22 0.52421875 0.41501267945310233 0.025 0.02718721658814811
2 0.49453125 0.4613599991515282 0.0203125 0.022089613477870352
34 0.78515625 0.06327735631430656 0.021875 0.025351314514629575
24 0.778125 0.07639251097972319 0.01875 0.020390412441111082
22 0.56015625 0.4188998056076395 0.021875 0.025351314514629665
20 0.53203125 0.459641674269306 0.0203125 0.02052711347787035
32 0.82734375 0.04396142832180663 0.0265625 0.030448917624907357
10 0.77265625 0.13155846460838058 0.021875 0.025351314514629575
34 0.5953125 0.4173865322805562 0.0203125 0.02052711347787035
13 0.72890625 0.24632359363763978 0.0203125 0.022089613477870352
29 0.7015625 0.2909033617809268 0.021875 0.023788814514629573
29 0.6390625 0.38855890325129705 0.0234375 0.0254880155513888
29 0.60234375 0.44489637761513945 0.021875 0.023788814514629664
17 0.5953125 0.45801153228055613 0.021875 0.022226314514629662
11 0.5734375 0.49117534679518576 0.021875 0.023788814514629664
29 0.55078125 0.52421875 0.0171875 0.0109375
29 0.8609375 0.08945985603148263 0.0171875 0.017128711404351814
22 0.83125 0.1350259257299085 0.025 0.02718721658814811
17 0.91796875 0.09306401818976977 0.021875 0.025351314514629575
10 0.9953125 0.140625 0.009375 0.025
12 0.95703125 0.2130839922707884 0.021875 0.025351314514629575
10 0.86875 0.35283885084768635 0.0234375 0.02548801555138889
12 0.8265625 0.4182485288401862 0.021875 0.023788814514629664
29 0.99765625 0.25546875 0.0046875 0.0171875
12 0.97578125 0.3012873298296773 0.021875 0.023788814514629664
10 0.88828125 0.4401925878881956 0.0234375 0.0254880155513888
29 0.87265625 0.4642158482557882 0.0171875 0.017128711404351904
12 0.84609375 0.5056022658806956 0.021875 0.025351314514629665
23 0.2296875 0.76484375 0.459375 0.4703125
32 0.7296875 0.76484375 0.540625 0.4703125