29 0.21484375 0.275 0.4296875 0.55
11 0.61484375 0.02578125 0.2140625 0.0515625
12 0.74765625 0.02734375 0.2734375 0.0546875
13 0.8953125 0.0390625 0.209375 0.078125
19 0.97265625 0.14765625 0.0546875 0.2390625
18 0.86015625 0.13828125 0.2796875 0.2546875
17 0.68515625 0.1328125 0.3234375 0.265625
16 0.5241137512605077 0.1481197106080483 0.18542331981405513 0.2037605787839034
22 0.5948572120400555 0.3408917685570258 0.30483959135348015 0.2869664628859484
23 0.840625 0.34453125 0.31875 0.2828125
24 0.93671875 0.325 0.1265625 0.25
28 0.74140625 0.47734375 0.3296875 0.1453125
29 0.89375 0.4625 0.2125 0.175
11 0.4296875 1 0.4296875 0.55 0.1402929625 0.55 0 0.8953238328124999 0 0.9664122296875 0.0698089640625 0.9954055921875 0.0999623328125 0.9438440546875 0.127660321875 1 0.4296875 1
14 0.4296875 0.55 0.4296875 0.775054309375 0.8307572546875001 0.9486281625 0.8607520531249999 0.9427757437500001 0.9431769109375001 0.8305288734375 0.9940950609375001 0.7051965 0.995924103125 0.632716184375 0.95182145 0.55 0.4296875 0.55