2 0.20078125 0.25546875 0.3171875 0.5109375
22 0.6796875 0.18125 0.640625 0.3625
1 0.4714603731551783 0.8578637599459116 0.16730641026922974 0.27207608935390815
2 0.5881018415851471 0.8471251599300033 0.20131738922254244 0.2662260786919079
3 0.7160903336926394 0.8432905405792767 0.20351692605424532 0.27718176002545347
4 0.8453125 0.83671875 0.23125 0.3265625
6 0.41484375 0.5921875 0.1109375 0.146875
7 0.4921875 0.590625 0.215625 0.14375
8 0.62734375 0.5859375 0.2203125 0.134375
9 0.76484375 0.5796875 0.2046875 0.121875
0 0.89296875 0.5921875 0.2140625 0.146875