23 0.375 0.3546875 0.75 0.709375
12 0.7736883838882994 0.6296875 0.01414431323171641 0.0140625
29 0.753125 0.02578125 0.00625 0.0171875
29 0.88984375 0.003125 0.0140625 0.00625
29 0.8159304260427771 0.6203125 0.01259999394987581 0.0171875
18 0.9984375 0.00703125 0.003125 0.0140625
18 0.7515625 0.5953125 0.003125 0.015625
14 0.94443021428843 0.01875 0.01572499394987581 0.0171875
14 0.7760468111886131 0.35859375 0.01727840359079611 0.015625
10 0.7858273739293503 0.0203125 0.01572499394987581 0.0171875
10 0.8609375 0.00703125 0.015625 0.0140625
10 0.7754893167477579 0.0515625 0.01572499394987581 0.0171875
10 0.8959381721339522 0.028125 0.01885908430895533 0.01875
10 0.7911269105246832 0.31796875 0.014144313231716587 0.0140625
10 0.759449142767094 0.52578125 0.014144313231716587 0.0140625
10 0.8403764350197676 0.58125 0.01885908430895533 0.01875
10 0.75390625 0.63359375 0.0078125 0.0140625
22 0.962417145006589 0.015625 0.02668067466803521 0.0203125
22 0.8479889471200159 0.615625 0.02509999394987581 0.0171875
22 0.9136866699926529 0.603125 0.02509999394987581 0.0171875
16 0.7629372362494315 0.59765625 0.015743174668035032 0.0203125
23 0.8014705546475096 0.0171875 0.014144313231716587 0.0140625
23 0.87578125 0.0046875 0.0171875 0.009375
23 0.9115813528521116 0.025 0.014144313231716587 0.0140625
23 0.7793753025062102 0.5921875 0.014144313231716587 0.0140625
34 0.8051894105246831 0.31796875 0.015743174668035032 0.0203125
34 0.7750832331261737 0.52421875 0.015743174668035032 0.0203125
34 0.8544480253788471 0.5796875 0.015743174668035032 0.0203125
13 0.8171273709042882 0.01171875 0.015743174668035032 0.0203125
13 0.9287915787498104 0.02109375 0.01574317466803521 0.0203125
13 0.761207606368153 0.3578125 0.01887726502711473 0.021875
28 0.9 0.00234375 0.015625 0.0046875
28 0.816941018543156 0.04375 0.01572499394987581 0.0171875
28 0.8041889501450781 0.62421875 0.014144313231716587 0.0140625
27 0.862303515518094 0.03515625 0.011019313231716588 0.0140625
27 0.8972622392744937 0.60625 0.01101931323171641 0.0140625
32 0.8437035064429077 0.009375 0.02510908430895533 0.01875
24 0.8490086299794746 0.0375 0.014144313231716587 0.0140625
24 0.828434971222317 0.61953125 0.01414431323171641 0.0140625
24 0.8847486037358742 0.60859375 0.01727840359079611 0.015625
17 0.8005347685431561 0.04375 0.015743174668035032 0.0203125
30 0.7893315646064586 0.6265625 0.01414431323171641 0.0140625
15 0.8357319251590145 0.03671875 0.012618174668035031 0.0203125
15 0.8722486037358742 0.60859375 0.012618174668035031 0.0203125
25 0.7625 0.00234375 0.015625 0.0046875
2 0.7782501815037262 0.2484375 0.015743174668035032 0.0203125
2 0.8118802929400445 0.2421875 0.015743174668035032 0.0203125
2 0.8282945915374299 0.509375 0.015743174668035032 0.0203125
2 0.8611434529737485 0.503125 0.015743174668035032 0.0203125
2 0.8607399737563999 0.30390625 0.015743174668035032 0.0203125
2 0.8943791755517978 0.29609375 0.015743174668035032 0.0203125
2 0.9084360886105637 0.565625 0.015743174668034855 0.0203125
2 0.9412849500468823 0.559375 0.01574317466803521 0.0203125
14 0.7623626028521115 0.025 0.01572499394987581 0.0171875
29 0.7895699974659173 0.0484375 0.01259999394987581 0.0171875
25 0.7621989763886784 0.053125 0.01572499394987581 0.0171875
29 0.8826614673134919 0.02734375 0.01572499394987581 0.0171875
11 0.98984375 0.01015625 0.0203125 0.0203125
6 0.753125 0.25390625 0.00625 0.0203125
6 0.8286723623200812 0.31015625 0.015743174668035032 0.0203125
6 0.7977849349215717 0.51640625 0.015743174668035032 0.0203125
6 0.8779309771742453 0.571875 0.01887726502711473 0.021875
0 0.794683702580965 0.24375 0.01572499394987581 0.0171875
0 0.8275234736582039 0.2390625 0.015743174668035032 0.0203125
0 0.8763831544745588 0.30078125 0.015743174668035032 0.0203125
0 0.9084598562699571 0.29296875 0.01887726502711473 0.021875
0 0.8439377722555893 0.50625 0.015743174668035032 0.0203125
0 0.8767866336919077 0.5 0.015743174668035032 0.0203125
0 0.9256417693287229 0.5625 0.01572499394987581 0.0171875
0 0.9584906307650414 0.55625 0.01887726502711473 0.021875
22 0.7715865701656035 0.31953125 0.026698855386194254 0.0234375
22 0.8208360946606881 0.5828125 0.026698855386194254 0.0234375
19 0.3515625 0.8546875 0.703125 0.290625