13 0.334375 0.225 0.66875 0.45
6 0.9490740683465877 0.17715668636104143 0.046811098183228775 0.03851829255305557
6 0.9714593803150798 0.14454355490215248 0.0469386439408634 0.040080792553055564
7 0.870087683199716 0.30266713905833315 0.04862868969849794 0.041679660144236054
2 0.8589906865336958 0.32014557978777763 0.04512105242559432 0.03691942496187508
7 0.9408469801652984 0.19143739190812478 0.0469386439408634 0.040080792553055564
4 0.8790322485021879 0.28758699971565954 0.04512105242559432 0.03691942496187508
2 0.9574287022855114 0.16443848081395807 0.04681109818322886 0.03851829255305557
14 0.1453125 0.6 0.290625 0.3
30 0.1296875 0.8453125 0.259375 0.309375
19 0.31328125 0.628125 0.3796875 0.35625
15 0.5171875 0.5375 0.303125 0.175
21 0.47578125 0.73828125 0.3859375 0.4046875
32 0.55390625 0.84140625 0.2296875 0.3171875
1 0.8609375 0.49296875 0.278125 0.0859375
2 0.82578125 0.575 0.3140625 0.25
3 0.759375 0.675 0.18125 0.33125
6 0.90859375 0.76484375 0.1828125 0.3578125
7 0.8484375 0.86796875 0.303125 0.2640625