21 0.1859375 0.29453125 0.371875 0.4703125
5 0.83671875 0.065625 0.3265625 0.13125
4 0.75859375 0.134375 0.3953125 0.26875
22 0.6410432383528967 0.2368501066926208 0.3949871099041942 0.36690624608284833
4 0.5609375 0.375 0.2625 0.309375
21 0.51171875 0.43984375 0.1640625 0.1796875
34 0.21484375 0.76484375 0.4296875 0.4703125
28 0.540625 0.92109375 0.221875 0.1578125
13 0.75 0.92734375 0.29375 0.1453125
17 0.91640625 0.94765625 0.1671875 0.1046875
33 0.8875 0.80546875 0.225 0.2734375
19 0.642155358999683 0.7734468398867068 0.29944223654387425 0.2990873933073793
12 0.81015625 0.63671875 0.2984375 0.2140625
16 0.94453125 0.6703125 0.1109375 0.28125