26 0.25 0.18984375 0.5 0.3796875
7 0.921875 0.01328125 0.03125 0.0265625
2 0.96171875 0.01015625 0.0328125 0.0203125
0 0.9484375 0.0109375 0.034375 0.021875
1 0.93515625 0.0125 0.0359375 0.025
16 0.25 0.68984375 0.5 0.6203125
0 0.85546875 0.97890625 0.1109375 0.0421875
4 0.8218563906365166 0.878076194587482 0.11622556956195354 0.12848204274124875
5 0.6875031699696116 0.9110331723916651 0.1161163089182919 0.12691954274124875
6 0.55078125 0.93984375 0.1015625 0.1203125
8 0.796507193350622 0.7401976862891123 0.1161163089182919 0.12691954274124875
9 0.6573025817182246 0.7711661116037846 0.11131954827463027 0.12500184523075966
1 0.54765625 0.79140625 0.0953125 0.1171875
0 0.52265625 0.80546875 0.0453125 0.1234375
1 0.7629630838119116 0.5974424238415577 0.11077324505632155 0.11718934523075966
2 0.6231411131450068 0.6308137987413114 0.12047602698730664 0.12258724025173776
3 0.51953125 0.6578125 0.0390625 0.115625
5 0.7349259291006641 0.466050713883514 0.1161163089182919 0.12691954274124867
6 0.5962294158591123 0.4930536896131047 0.11589778763096845 0.12379454274124865
1 0.6 0.39375 0.096875 0.028125
0 0.54921875 0.40078125 0.0984375 0.0421875