5 0.23984375 0.21953125 0.4796875 0.4390625
22 0.73984375 0.21953125 0.5203125 0.4390625
5 0.09296875 0.48984375 0.1609375 0.1015625
2 0.1520757890490354 0.5413889249497418 0.20295253954332698 0.19432046279135698
3 0.2424063117864484 0.6522024285779389 0.20464237353571574 0.19750002649368775
0 0.3342038340295699 0.7607267459084668 0.22578254448624283 0.21852185462398896
9 0.3953125 0.875 0.16875 0.2125
5 0.43828125 0.93984375 0.0828125 0.1203125
33 0.8390625 0.8734375 0.321875 0.253125
34 0.953125 0.7921875 0.09375 0.321875
31 0.9046875 0.52421875 0.190625 0.1703125