8 0.284375 0.2796875 0.56875 0.559375
22 0.8649867554600117 0.04040340664856312 0.03198332363742153 0.030548369395056164
18 0.96171875 0.00703125 0.0171875 0.0140625
18 0.8734375 0.00390625 0.015625 0.0078125
18 0.9793838374323831 0.10263272649296291 0.015720594849248926 0.021460411818710813
18 0.571875 0.459375 0.00625 0.01875
23 0.859375 0.003125 0.025 0.00625
23 0.9444031884905499 0.04021234588801907 0.023788186364518182 0.02522314060688351
28 0.79453125 0.00703125 0.0265625 0.0140625
28 0.57734375 0.46796875 0.0171875 0.0234375
10 0.9271678910659255 0.031395326343181706 0.027040732122152633 0.027040732122152567
10 0.98828125 0.0671875 0.0234375 0.028125
10 0.77890625 0.003125 0.0265625 0.00625
10 0.6220646424430514 0.41728386847697224 0.023788186364518005 0.025223140606883375
32 0.94609375 0.00625 0.0328125 0.0125
32 0.9741225104609816 0.057447772250597454 0.03198332363742153 0.030548369395056164
17 0.978125 0.0140625 0.028125 0.028125
17 0.89765625 0.0125 0.0234375 0.025
17 0.6093892992607923 0.40652171165923134 0.023788186364518005 0.025223140606883375
24 0.99375 0.02734375 0.0125 0.0265625
24 0.8452801622777528 0.030215205740177543 0.027040732122152633 0.027040732122152567
14 0.80859375 0.01171875 0.0265625 0.0234375
14 0.8840396443999055 0.05221788043576594 0.027168277879787085 0.028603232122152544
14 0.9227353536432407 0.0734393051313544 0.027168277879787085 0.028603232122152544
14 0.99453125 0.11796875 0.0109375 0.0265625
14 0.6426800313829448 0.4289707965065405 0.025350686364518003 0.025350686364518184
31 0.98671875 0.11015625 0.0265625 0.0265625
27 0.6342298025947721 0.42179602529471333 0.015465503333979846 0.01833541181871077
29 0.9671875 0.009375 0.021875 0.01875
29 0.9088962521260319 0.019517079677161587 0.018845594849248925 0.02171550333397989
29 0.9349642866737788 0.07873271194909537 0.018973140606883376 0.02327800333397989
29 0.57109375 0.38203125 0.0046875 0.0203125
16 0.8796875 0.01171875 0.03125 0.0234375
16 0.9056913748550681 0.06696603558651701 0.030548369395056164 0.03198332363742162
21 0.9728149730382969 0.09923665952350105 0.017283094849248927 0.02158795757634535
12 0.8312336377319456 0.021924344680071095 0.023788186364518005 0.02522314060688351
34 0.9556435774304435 0.05266454846339461 0.02898586939505634 0.031855777879787085
34 0.99375 0.07890625 0.0125 0.0328125
18 0.9572697213713068 0.09185459422102912 0.017283094849248927 0.02158795757634535
28 0.5962515704726197 0.39972957772030754 0.028858323637421624 0.030293277879787084
15 0.34140625 0.7796875 0.4546875 0.440625
7 0.65390625 0.59609375 0.1703125 0.0734375
8 0.76015625 0.61875 0.2140625 0.11875
9 0.8859375 0.640625 0.20625 0.1625
0 0.9515625 0.66640625 0.096875 0.2140625