12 0.014079875 0 0 0.058686285937500006 0 0.4 0.23233569843750002 0.4 0.3249310546875 0.2786858578125 0.371906753125 0.082886584375 0.35899170625 0 0.014079875 0
5 0.92109375 0.0640625 0.1453125 0.128125
7 0.796875 0.053125 0.140625 0.10625
3 0.675 0.046875 0.140625 0.09375
6 0.54609375 0.0421875 0.1421875 0.084375
0 0.45390625 0.040625 0.0703125 0.08125
2 0.36171875 0.85625 0.1140625 0.1625
6 0.2523335441122173 0.8480320372374589 0.14635097316352946 0.16408177601845358
3 0.12768399753598986 0.8440177939210946 0.15985226866002264 0.17985222668681722
8 0.03984375 0.8296875 0.0796875 0.171875
22 0.667543941242155 0.5340166325986849 0.22703976866002265 0.18063402402927142
18 0.5733970157345871 0.7240336526098208 0.24296515730897053 0.18550333736472596