23 0.275 0.31953125 0.55 0.6390625
0 0.958332761981044 0.20970819764989473 0.04604447351689629 0.035105340343633086
30 0.275 0.81953125 0.55 0.3609375
21 0.7889714847416358 0.915148128675845 0.05523380321830871 0.01067855042954129
14 0.5546875 0.66875 0.009375 0.021875
14 0.55625 0.71953125 0.0125 0.0234375
14 0.6346221103718898 0.7403163042747286 0.04171760643661741 0.017754066033373574
14 0.6385176526944351 0.8070534249215149 0.04193612772394086 0.02087906603337366
14 0.7904350677972427 0.7383775887617533 0.04182686708027905 0.01931656603337357
14 0.7950900807866931 0.827648128675845 0.037139367080279054 0.019070904567984215
14 0.7972810114768409 0.874236523632891 0.04640510643661742 0.017999727498762753
14 0.7993573276845998 0.9558583378572422 0.03993658514929379 0.014547178878243727
10 0.628125 0.64296875 0.046875 0.0078125
10 0.7933144133380969 0.7973840965636695 0.04182686708027905 0.019316566033373662
10 0.7990020486036062 0.9052818057450664 0.04171760643661741 0.017754066033373483
10 0.8003353196388282 0.9752667571245477 0.04171760643661741 0.01775406603337366
10 0.8648666212676529 0.6535245539360443 0.04171760643661741 0.017754066033373574
23 0.6331306661880884 0.7505134978522934 0.0416083457929556 0.016191566033373572
23 0.7918283229930229 0.774110370873929 0.04171760643661741 0.01775406603337366
23 0.7926259984873907 0.7849659837187992 0.04171760643661741 0.01775406603337366
23 0.8009034021902319 0.9448798942796774 0.04171760643661741 0.01775406603337366
13 0.7835734265796487 0.8142407259168831 0.05745186708027905 0.020135437584671224
13 0.7846224743500756 0.8437644516066236 0.05745186708027905 0.020135437584671224
27 0.7895281316592132 0.7290844759168831 0.035249085149293966 0.014301517412854547
30 0.7888397168085071 0.7166663630720128 0.0416083457929556 0.016191566033373482
30 0.7941231604881053 0.8526071850982803 0.04182686708027905 0.019316566033373662
28 0.55625 0.68125 0.0125 0.01875
28 0.7989309927874075 0.8951664993226315 0.04171760643661741 0.017754066033373483
28 0.8625 0.64296875 0.040625 0.0078125
29 0.630912602326118 0.7599703850074231 0.04931158514929388 0.015038501809022354
15 0.7947191041677034 0.9887936685899369 0.05556158514929379 0.015366050429541289
18 0.6302352591310525 0.7919197478522934 0.05534306386197043 0.01224105042954129
18 0.7862067536831707 0.8211082016066236 0.05065556386197043 0.011995388964152198
16 0.6355451080261012 0.6491966593176827 0.051092606436617415 0.01824538896415202
16 0.7956470916824563 0.7528937901412344 0.052764367080279054 0.019889776119281777
16 0.8727501770838517 0.6632304245828307 0.05578010643661742 0.01849105042954129
20 0.6281810862345747 0.7990328850074231 0.051092606436617324 0.018245388964152197
13 0.7885069450169805 0.8661340965636695 0.05745186708027905 0.020135437584671224
24 0.6285849138422999 0.6596804579382016 0.037030106436617416 0.017508404567984213
24 0.6303770067852639 0.7008410464728124 0.036920845792955605 0.015945904567984302
24 0.7888232913141392 0.7057698066495777 0.04182686708027905 0.019316566033373485
24 0.7917026368549933 0.7647763144514939 0.04182686708027905 0.01931656603337357
24 0.8008323463740332 0.9347645878572421 0.04171760643661741 0.01775406603337366
24 0.80390625 0.99296875 0.0421875 0.0140625
24 0.8657353525782195 0.6744954732033497 0.04171760643661741 0.017754066033373574
22 0.5546875 0.70234375 0.009375 0.0265625
22 0.6310654216359701 0.7132591593176827 0.04204538836760259 0.02244156603337357
22 0.6315899455211836 0.7280210221625529 0.037248627723940865 0.020633404567984303
22 0.8001439315233272 0.922346475012372 0.04182686708027905 0.019316566033373662
34 0.7927131158197713 0.6946685323393182 0.052764367080279054 0.019889776119281777
12 0.6249464616127269 0.6894498450933314 0.052982888367602496 0.023014776119281776
21 0.6298910517056994 0.7857106914298584 0.0556708457929556 0.01692855042954129
21 0.7909438941444604 0.964861523632891 0.05534306386197052 0.01224105042954129
21 0.7915066228571369 0.967945580055326 0.05534306386197052 0.01224105042954129