26 0.2 0.23984375 0.4 0.3203125
29 0.71171875 0.2 0.5765625 0.4
2 0.2703125 0.946875 0.259375 0.10625
3 0.2546875 0.896875 0.290625 0.20625
4 0.2625 0.80234375 0.275 0.2328125
5 0.234375 0.68828125 0.33125 0.2453125
6 0.2734375 0.5828125 0.253125 0.23125
7 0.2234375 0.50078125 0.353125 0.2015625
8 0.27578125 0.4484375 0.2484375 0.096875
1 0.7171875 0.9265625 0.35 0.146875
2 0.7630008976534457 0.8499460564414931 0.3755903101589517 0.2641554441675904
3 0.81953125 0.7296875 0.3609375 0.265625
4 0.846875 0.59921875 0.30625 0.2703125
5 0.88125 0.49453125 0.2375 0.1890625
6 0.44765625 0.85546875 0.0953125 0.2890625
7 0.45859375 0.72578125 0.1171875 0.2609375
8 0.48125 0.5953125 0.1625 0.265625
9 0.50703125 0.496875 0.2140625 0.19375