1 0.9625 0.46484375 0.04375 0.0078125
0 0.96953125 0.4515625 0.0453125 0.034375
1 0.7029641408227187 0.4026951148947962 0.030488020678164494 0.019089961443336988
1 0.7075253622866715 0.38888293876891955 0.03219606989237604 0.02231509099298634
1 0.7328571561241997 0.3160660024640102 0.035321069892376045 0.022515350092285048
1 0.7780862270500333 0.20299430598006776 0.030488020678164317 0.019089961443336988
1 0.8004192994236087 0.14408967535068432 0.030488020678164494 0.019089961443336988
2 0.717429055214577 0.3613086512919909 0.03234161910658777 0.025440090992986518
2 0.729858434660247 0.3299783081395361 0.03063356989237622 0.02221496144333699
2 0.5917013091435184 0.3689232873200453 0.03077911910658786 0.02533996144333699
0 0.7244431885891884 0.3453029194905882 0.03234161910658777 0.02544009099298634
8 0.7834650858175388 0.18845094462901582 0.03234161910658777 0.02544009099298634
3 0.7896615818885975 0.17317639805278837 0.03234161910658777 0.02544009099298634
3 0.8057981581911143 0.12954631399963237 0.03234161910658777 0.02544009099298634
3 0.679653035155585 0.12929838525286197 0.03077911910658777 0.02533996144333699
9 0.795076827959656 0.15785178670173644 0.03234161910658777 0.02544009099298634
9 0.811994654262173 0.11427176742340492 0.030633569892376044 0.022214961443337167
5 0.8182639249403373 0.09743472084717748 0.03063356989237622 0.02221496144333699
5 0.6742014017809735 0.145404246603914 0.03077911910658777 0.025339961443337167
6 0.23396169954744322 0.9097506554540441 0.051382717535011224 0.03289164558877822
6 0.231215535155585 0.9518880906792194 0.04818494292790554 0.031128886489479514
7 0.24351013565092305 0.755213349778518 0.04818494292790554 0.0311288864894796
2 0.2452738428468521 0.7341696645533426 0.04803939371369381 0.0280038864894796
7 0.2347622202256076 0.8925631554540441 0.04818494292790554 0.03112888648947969
4 0.24345447766920572 0.7732321645533426 0.04818494292790554 0.031128886489479514
2 0.2331247915657258 0.9277194054540441 0.04818494292790554 0.03112888648947969
2 0.4453125 0.59453125 0.028125 0.0359375
2 0.44375 0.615625 0.03125 0.0375
2 0.7296875 0.734375 0.540625 0.53125