15 0.26953125 0.309375 0.5390625 0.61875
20 0.816728587579312 0.27713203846414763 0.2745585782151192 0.36366828813517155
27 0.6421875 0.40390625 0.20625 0.3484375
30 0.74765625 0.48984375 0.2828125 0.2578125
12 0.92421875 0.48203125 0.1515625 0.2734375
23 0.61953125 0.11796875 0.1609375 0.2359375
29 0.9640625 0.28203125 0.071875 0.3796875
35 0.87890625 0.11328125 0.2421875 0.2265625
14 0.7140625 0.1796875 0.31875 0.359375
19 0.34609375 0.68671875 0.3203125 0.1359375
13 0.10390625 0.70546875 0.2078125 0.1734375
33 0.15078125 0.846875 0.3015625 0.30625
12 0.409375 0.85390625 0.259375 0.2921875
34 0.76953125 0.809375 0.4609375 0.38125