28 0.7796875 0.21953125 0.440625 0.3203125
8 0.209375 0.984375 0.1625 0.03125
9 0.242816731222187 0.9019928269604129 0.1623556440165448 0.13407011452679143
0 0.2771473725732315 0.7690376943869894 0.1512908746817267 0.12230382033565021
1 0.3091069919239581 0.6386039105688105 0.15445223734881744 0.12566561867597628
0 0.3418296799411391 0.50967342716555 0.14026246801399936 0.11366252614450909
4 0.36640625 0.4109375 0.1515625 0.0625
0 0.7171875 0.90546875 0.35625 0.1890625
3 0.746875 0.76796875 0.415625 0.2984375
3 0.75703125 0.6515625 0.4359375 0.303125
4 0.7578125 0.53671875 0.4375 0.2859375
9 0.76953125 0.47109375 0.4609375 0.1828125