17 0.0576162234375 0 0 0.2683335296875 0 0.3773382328125 0.2872647859375 0.45 0.41674911718749996 0.45 0.44995290624999995 0.29536144375 0.4074382609375 0.2931202234375 0.3970363390625 0.3415646375 0.3656331296875 0.36767174062499997 0.0458077328125 0.29528656249999996 0.1026940765625 0 0.0576162234375 0
17 0.5191816636866324 0.3901816559284871 0.016170637023308565 0.015715903590795933
17 0.5750720212210283 0.24600492993259238 0.016170637023308565 0.015715903590796287
17 0.616046740002835 0.3680935533709633 0.016170637023308565 0.015715903590795933
17 0.7087376930907271 0.22647420081343944 0.016170637023308565 0.01571590359079611
17 0.6930556733052793 0.4036906857863247 0.016170637023308565 0.015715903590795933
17 0.8111111810250096 0.04898098076947281 0.016170637023308565 0.015715903590796287
17 0.8943453216765154 0.1510070890825334 0.016170637023308388 0.015715903590796287
17 0.9267833102437699 0.09573832698228504 0.016170637023308388 0.015715903590796287
17 0.945907854793625 0.39735082395722293 0.016170637023308388 0.015715903590795933
17 0.970076986374638 0.2842332004206559 0.016170637023308388 0.015715903590796287
17 0.9888691371929447 0.19607921544777068 0.016170637023308388 0.015715903590796287
27 0.5544048571558777 0.23573050526455736 0.011319445916316085 0.011001132513557365
27 0.6042461113322289 0.11963787265280405 0.011319445916316085 0.011001132513557365
27 0.5673017051564446 0.40374016188041556 0.011319445916316085 0.011001132513557365
27 0.5854217333794131 0.3187066317279904 0.011319445916316085 0.011001132513557365
27 0.5988914671373442 0.25707878531878664 0.011319445916316085 0.011001132513557365
27 0.7334177784774225 0.418766239942855 0.011319445916316085 0.011001132513557365
27 0.7528820518910674 0.3274918001495095 0.011319445916316085 0.011001132513557365
27 0.7495760026167068 0.34465657425181034 0.011319445916316085 0.011001132513557365
27 0.8373289737607662 0.30767472471934865 0.011319445916316085 0.011001132513557365
27 0.9125471954529798 0.0683173089301082 0.011319445916316085 0.011001132513557365
27 0.8832863145049391 0.30403664031219735 0.011319445916316085 0.011001132513557365
27 0.8926960308396751 0.26035027282575474 0.011319445916316085 0.011001132513557365
27 0.8946851167745244 0.2502076583643742 0.011319445916316085 0.011001132513557365
27 0.9436211245790729 0.22002979985492194 0.011319445916316085 0.011001132513557365
27 0.9537575272114779 0.17478547754801904 0.011319445916316085 0.011001132513557365
27 0.996875 0.15078125 0.00625 0.0109375
14 0.5509896804768554 0.2497702793668582 0.01310020072563951 0.01726022287263689
14 0.569836394997493 0.16317879439397293 0.01310020072563951 0.01726022287263689
14 0.5940055265785059 0.05006117085740609 0.01627976442797028 0.018840903590796286
14 0.5410393055192644 0.41217937577606206 0.01299107332097762 0.014135222872636887
14 0.6015030572485449 0.13055719193464482 0.01310020072563951 0.01726022287263689
14 0.5645586510727607 0.4146594811622563 0.01310020072563951 0.01726022287263689
14 0.5699901955377978 0.3912583425985748 0.01299107332097762 0.014135222872636887
14 0.5894544689514427 0.29998390280522924 0.01299107332097762 0.014135222872636887
14 0.6008532712210283 0.246154920857406 0.01299107332097762 0.014135222872636887
14 0.6048934743937384 0.42895378531878664 0.01310020072563951 0.01726022287263689
14 0.6518329286627569 0.20739694788657329 0.016170637023308565 0.015715903590796287
14 0.6780457098809501 0.08569920988862574 0.01299107332097762 0.014135222872636887
14 0.6419817574260301 0.3502793394753169 0.01299107332097762 0.014135222872636887
14 0.667576979751216 0.23326455629782963 0.01299107332097762 0.014135222872636887
14 0.7043329352861788 0.25691113455666076 0.016170637023308388 0.015715903590796287
14 0.7339608931833943 0.12117362245641239 0.01299107332097762 0.014135222872636887
14 0.7555978241235859 0.31579123086766875 0.016170637023308565 0.01571590359079611
14 0.7729911660488851 0.23231565553570377 0.01299107332097762 0.014135222872636887
14 0.8052803324762884 0.08331507415361461 0.01299107332097762 0.014135222872636887
14 0.816088857704032 0.0349502970262515 0.01299107332097762 0.014135222872636887
14 0.8186955025318887 0.02012472774441072 0.01299107332097762 0.014135222872636887
14 0.834640483379413 0.3201565440011894 0.01310020072563951 0.01726022287263689
14 0.8527605116023814 0.23512301384876427 0.01310020072563951 0.01726022287263689
14 0.876902361332229 0.12122414031219737 0.01310020072563951 0.01726022287263689
14 0.8897272543459872 0.06349799872345371 0.01627976442797028 0.018840903590796286
14 0.903125 0.003125 0.015625 0.00625
14 0.8454986270261436 0.3850502909761273 0.013045637023308387 0.015697722872636887
14 0.8717114082443368 0.26335255297817994 0.01310020072563951 0.01726022287263689
14 0.9160442176854984 0.05662128482780719 0.01299107332097762 0.014135222872636887
14 0.8617511096029485 0.4031099445669234 0.01299107332097762 0.014135222872636887
14 0.946465838466738 0.010713887188939442 0.01299107332097762 0.014135222872636887
14 0.94921875 0.0015625 0.0140625 0.003125
14 0.8999331558820842 0.4228593631848344 0.01299107332097762 0.014135222872636887
14 0.9187798704027216 0.336267878211949 0.01310020072563951 0.01726022287263689
14 0.9463641786627569 0.20911048057308115 0.016170637023308388 0.01571590359079611
14 0.955719331295162 0.16386161308663852 0.01299107332097762 0.014135222872636887
14 0.9685169424577549 0.10535422149789486 0.013100200725639156 0.01726022287263689
14 0.9422843469890767 0.42779230287998404 0.01299107332097762 0.014135222872636887
14 0.9766444449048256 0.2709928570365143 0.01627976442797028 0.018840903590796286
14 0.9859723156860655 0.2249627395500716 0.01627976442797028 0.01884090359079611
14 0.996875 0.140625 0.00625 0.015625
14 0.9820884022538869 0.33741728775467356 0.01299107332097762 0.014135222872636887
10 0.5382739148677589 0.31062142095560186 0.01299107332097762 0.014135222872636887
10 0.590267946085952 0.18907367388246818 0.01299107332097762 0.014135222872636887
10 0.578755071128361 0.3514736799325924 0.013100200725639333 0.01726022287263689
10 0.605076979751216 0.23290094193464483 0.016170637023308565 0.015715903590796287
10 0.6612972086998237 0.16527308040013047 0.01299107332097762 0.014135222872636887
10 0.6246156973518964 0.43453616480728174 0.01299107332097762 0.014135222872636887
10 0.6990105182258033 0.28343727312034234 0.01627976442797028 0.018840903590796286
10 0.6980333499843016 0.3896600020431034 0.016170637023308565 0.015715903590795933
10 0.7864608998068163 0.1706878091264999 0.01299107332097762 0.014135222872636887
10 0.8204440633238127 0.38334234523085337 0.01310020072563951 0.01726022287263689
10 0.8534004070632104 0.34291733313060496 0.013045637023308387 0.015697722872636887
10 0.8864708234906136 0.19392129692805565 0.016170637023308388 0.01571590359079611
10 0.9106399550716266 0.08080367339148875 0.01299107332097762 0.014135222872636887
10 0.881379074123586 0.3165230047735779 0.01299107332097762 0.014135222872636887
10 0.9156027627835078 0.1558173089301082 0.01299107332097762 0.014135222872636887
10 0.89453125 0.44375 0.0140625 0.0125
10 0.904638014049452 0.40101617944161294 0.01299107332097762 0.014135222872636887
10 0.9127580488958426 0.36513322159609063 0.016170637023308388 0.015715903590795933
10 0.9328944449048256 0.27073832698228506 0.01299107332097762 0.014135222872636887
10 0.9637575205880561 0.12563490524111617 0.01310020072563951 0.01726022287263689
10 0.9524480314726473 0.38332923057308116 0.01299107332097762 0.014135222872636887
10 0.9595958433608797 0.34197297754801903 0.016170637023308388 0.015715903590796287
10 0.9893602105139223 0.21014171544777066 0.016170637023308388 0.015715903590796287
10 0.9599083566077236 0.4403922968298598 0.01299107332097762 0.014135222872636887
10 0.9728423770261436 0.3857911552411162 0.013100200725639156 0.01726022287263689
13 0.5468750993513294 0.26614925828961944 0.01627976442797028 0.018840903590796286
13 0.5818205290255766 0.21558163172799033 0.016170637023308565 0.015715903590796287
13 0.6079738012580951 0.2040174178323439 0.016170637023308565 0.01571590359079611
13 0.6247843337422327 0.32752764070498086 0.016170637023308565 0.015715903590796287
13 0.6722867832019278 0.0997253484523073 0.01627976442797028 0.018840903590796286
13 0.6799455488958424 0.36377875809322757 0.01622520072563951 0.01727840359079593
13 0.7345437688587755 0.4062753303019345 0.016170637023308565 0.015715903590795933
13 0.86754226341648 0.278169031900941 0.016225200725639155 0.01727840359079611
13 0.8282094341050523 0.3373031373853312 0.016170637023308388 0.015715903590795933
13 0.8575819647750915 0.4179264234896847 0.01622520072563951 0.017278403590796288
13 0.9200348024392216 0.1261616251868869 0.016170637023308388 0.015715903590796287
13 0.9635194515282475 0.3201252486252579 0.016170637023308388 0.01571590359079611
13 0.9786732255748646 0.35145706185697456 0.016170637023308388 0.015715903590795933
24 0.5174381144122717 0.40735552038986783 0.01310020072563951 0.01726022287263689
24 0.5798909520764018 0.11559072208707004 0.01310020072563951 0.01726022287263689
24 0.5632739148677588 0.3107668667008758 0.01299107332097762 0.014135222872636887
24 0.5740278763931714 0.26083958957351266 0.01299107332097762 0.014135222872636887
24 0.6129514779371175 0.1899867340891226 0.01299107332097762 0.014135222872636887
24 0.6289261967189242 0.31192991178221974 0.01299107332097762 0.014135222872636887
24 0.6383086312024948 0.267462294295777 0.01299107332097762 0.014135222872636887
24 0.6471826341977197 0.23080263162979459 0.01299107332097762 0.014135222872636887
24 0.6506647874630971 0.30815092680933437 0.01299107332097762 0.014135222872636887
24 0.6741692640494522 0.3996753514773694 0.01299107332097762 0.014135222872636887
24 0.6889013974445637 0.3294628454272452 0.016170637023308565 0.015715903590796287
24 0.7224529635091471 0.17187760440423555 0.01299107332097762 0.014135222872636887
24 0.731428692542573 0.42890885440423554 0.01299107332097762 0.014135222872636887
24 0.7434723355563312 0.3711781676359521 0.01310020072563951 0.01726022287263689
24 0.7642808541606527 0.27366281820168625 0.01310020072563951 0.01726022287263689
24 0.7945536528020412 0.13402360128097773 0.01299107332097762 0.014135222872636887
24 0.797941547629898 0.1192025771786767 0.01299107332097762 0.014135222872636887
24 0.8627877868301248 0.18675369154186142 0.013100200725639156 0.01726022287263689
24 0.8401216462634373 0.41001392953980886 0.013100200725639156 0.01726022287263689
24 0.8690626125981733 0.3664411915418615 0.013100200725639156 0.01726022287263689
24 0.9247744100584352 0.3066212848278072 0.01299107332097762 0.014135222872636887
24 0.9888369100584352 0.3069939895500716 0.013100200725639156 0.01726022287263689
23 0.5241320585144893 0.37536972218526576 0.01299107332097762 0.014135222872636887
23 0.5442957363746379 0.2817560775714602 0.01299107332097762 0.014135222872636887
23 0.5531375122353536 0.3560111890077787 0.01299107332097762 0.014135222872636887
23 0.5800496979000507 0.23197424618937096 0.01310020072563951 0.01726022287263689
23 0.5955357994439966 0.16098503531878663 0.01299107332097762 0.014135222872636887
23 0.6203993901881695 0.15722423106406042 0.01299107332097762 0.014135222872636887
23 0.6075001192215952 0.41412821603694583 0.01299107332097762 0.014135222872636887
23 0.6544395734906138 0.1925713786047325 0.01299107332097762 0.014135222872636887
23 0.681433604708807 0.07087818578632481 0.01310020072563951 0.01726022287263689
23 0.6540526822909539 0.29332990270703335 0.01299107332097762 0.014135222872636887
23 0.7200497045234725 0.2819974929679171 0.01299107332097762 0.014135222872636887
23 0.7676960308396751 0.2596230440993853 0.01299107332097762 0.014135222872636887
23 0.7809475097882828 0.19174519769018145 0.01299107332097762 0.014135222872636887
23 0.80625 0.44453125 0.0125 0.0109375
23 0.8271925711283611 0.3529190470262515 0.01299107332097762 0.014135222872636887
23 0.899645402169069 0.012003676416550845 0.01299107332097762 0.014135222872636887
23 0.83125 0.44453125 0.0125 0.0109375
23 0.8474058674074968 0.3725639265147468 0.01299107332097762 0.014135222872636887
23 0.873564084923359 0.24930368851679932 0.013045637023308387 0.015697722872636887
23 0.8990774616950485 0.1299451553393121 0.01299107332097762 0.014135222872636887
23 0.9182094076113646 0.14099173964826744 0.01299107332097762 0.014135222872636887
23 0.9330779502623032 0.07468548359814324 0.01299107332097762 0.014135222872636887
23 0.9430506617877159 0.02475366129124037 0.01310020072563951 0.01726022287263689
30 0.5409078415467811 0.29657710167376106 0.01299107332097762 0.014135222872636887
30 0.5921206227649742 0.17502480942108756 0.01299107332097762 0.014135222872636887
30 0.6720238883740709 0.11456455327276753 0.01299107332097762 0.014135222872636887
30 0.6385665807470078 0.36431911357761776 0.01299107332097762 0.014135222872636887
30 0.6767486270261436 0.3840685321955286 0.01299107332097762 0.014135222872636887
30 0.6922892922724205 0.31464182132494417 0.01299107332097762 0.014135222872636887
30 0.725840858337004 0.15705658030193473 0.01299107332097762 0.014135222872636887
27 0.7285566305695227 0.14535601102009393 0.011319445916316085 0.011001132513557365
30 0.7468875122353535 0.3571383935336513 0.01299107332097762 0.014135222872636887
30 0.8238046763005041 0.3677400711285525 0.01299107332097762 0.014135222872636887
30 0.864935618588623 0.2929946011827818 0.013100200725639156 0.01726022287263689
30 0.8557292880960692 0.4319752879510652 0.01299107332097762 0.014135222872636887
30 0.8758656841050524 0.3375803933372595 0.01299107332097762 0.014135222872636887
30 0.8899802586071566 0.2720508421075955 0.01299107332097762 0.014135222872636887
30 0.9013517790255765 0.21744061015977217 0.013045637023308387 0.015697722872636887
30 0.9061112008952754 0.19715992641655083 0.01299107332097762 0.014135222872636887
30 0.9409326341977199 0.23251161913676271 0.013045637023308387 0.015697722872636887
28 0.5563666612395617 0.22480664080317672 0.01299107332097762 0.014135222872636887
28 0.5860442375557643 0.20232765280522927 0.01299107332097762 0.014135222872636887
28 0.6069618835647475 0.10793730337096327 0.01299107332097762 0.014135222872636887
28 0.5740229311098275 0.37253561367581367 0.01299107332097762 0.014135222872636887
28 0.6215874118725339 0.34781741480728173 0.01299107332097762 0.014135222872636887
28 0.666537780206703 0.136403191836449 0.01299107332097762 0.014135222872636887
28 0.6861111810250096 0.04825375204310341 0.01299107332097762 0.014135222872636887
28 0.6272496240309187 0.4204918455254411 0.01299107332097762 0.014135222872636887
28 0.644642965956218 0.33701627019347596 0.01299107332097762 0.014135222872636887
28 0.6567138908211416 0.28006683342519256 0.016170637023308565 0.015715903590796287
28 0.715059614960426 0.20620260742929766 0.01299107332097762 0.014135222872636887
28 0.7305184346532065 0.13443214655871333 0.01299107332097762 0.014135222872636887
28 0.7040824533423462 0.3615759086589618 0.01299107332097762 0.014135222872636887
28 0.7141370104212551 0.3139878363520589 0.016170637023308565 0.015715903590796287
28 0.7160169689514427 0.30072022189067826 0.01299107332097762 0.014135222872636887
28 0.7582317508026082 0.30174691158582795 0.01299107332097762 0.014135222872636887
28 0.7703299575186974 0.24557872481754456 0.01299107332097762 0.014135222872636887
28 0.7764336245790728 0.21905713143340275 0.01299107332097762 0.014135222872636887
28 0.8085045361971528 0.0638065500513136 0.016170637023308565 0.015715903590796287
28 0.8392362141421194 0.2951883602579681 0.01310020072563951 0.01726022287263689
28 0.8923884628761751 0.05023492944161294 0.016170637023308388 0.015715903590796287
28 0.8602853241235859 0.31640028492600314 0.01299107332097762 0.014135222872636887
28 0.8790501930907272 0.22746504995311775 0.01299107332097762 0.014135222872636887
28 0.8830556468115915 0.2079610710303566 0.01299107332097762 0.014135222872636887
28 0.9066617832019279 0.10108890231425001 0.01299107332097762 0.014135222872636887
28 0.9260714929132419 0.00825196252090441 0.01299107332097762 0.014135222872636887
28 0.9390997717691825 0.045820140214001534 0.01299107332097762 0.014135222872636887
28 0.9610963120578685 0.13889797452295696 0.01299107332097762 0.014135222872636887
28 0.9711508691367772 0.09130990221605409 0.01299107332097762 0.014135222872636887
28 0.9380879203100545 0.4418275318027451 0.016170637023308388 0.015715903590795933
28 0.9568527892771957 0.35289229682985984 0.016170637023308388 0.015715903590796287
28 0.964640496626257 0.4193303630866385 0.01299107332097762 0.014135222872636887
28 0.9914708367374576 0.2929496702682308 0.01299107332097762 0.014135222872636887
11 0.5724157579741844 0.14757197511213213 0.01627976442797028 0.01884090359079611
11 0.5965303258528665 0.03289185157556531 0.016170637023308565 0.015715903590796287
11 0.5811707429980599 0.33117936065075143 0.016170637023308565 0.015715903590795933
11 0.5938319449048256 0.26876571906200797 0.016170637023308565 0.015715903590796287
11 0.8545586245790728 0.21951164938738366 0.01627976442797028 0.018840903590796286
11 0.879399878755424 0.10327357103035659 0.01627976442797028 0.018840903590796286
15 0.5742684346532066 0.1335231106507516 0.014499009618646853 0.01258181323171641
15 0.589799209332796 0.287488447984769 0.014499009618646853 0.01258181323171641
15 0.8563840194069297 0.2046815349260031 0.014499009618646853 0.012581813231716588
21 0.5763666479927178 0.12650549618937096 0.012772818511654193 0.007885222872636887
21 0.5448537862819707 0.387206646853301 0.012663691106992659 0.004760222872636888
21 0.6624231990811769 0.15278217075921016 0.012718254809323426 0.0063227228726368875
21 0.6592114082443368 0.2621162641433519 0.012772818511654193 0.007885222872636887
21 0.6779564629609929 0.37392137255460833 0.012772818511654193 0.007885222872636887
21 0.8017287465414389 0.09344859825591553 0.012772818511654193 0.007885222872636887
21 0.8584549508952755 0.19688267046462257 0.012772818511654193 0.007885222872636887
21 0.8546082429980599 0.3327701734896847 0.012772818511654193 0.007885222872636887
21 0.8521777021612198 0.4421088120533662 0.012772818511654193 0.007885222872636887
21 0.877800206337571 0.3258752788758789 0.012718254809323426 0.0063227228726368875
21 0.902559614960426 0.20729345051885187 0.012772818511654193 0.007885222872636887
21 0.9657193246717402 0.11471104077973564 0.012772818511654549 0.007885222872636887
21 0.9754812489885097 0.2600508118569745 0.012772818511654549 0.007885222872636887
21 0.9768527760303517 0.2545911522160541 0.012772818511654193 0.007885222872636887
21 0.9724877129609929 0.3756349052411162 0.012772818511654549 0.007885222872636887
21 0.9738046763005042 0.36861274560019586 0.012772818511654193 0.007885222872636887
32 0.5839236876484315 0.09686799316430887 0.01482639183263199 0.02195681323171659
32 0.6163120909138089 0.17438445998682167 0.01482639183263199 0.02195681323171641
32 0.6915427254900468 0.024852613479421935 0.01310020072563951 0.01726022287263689
32 0.6700546829239261 0.41605433040013046 0.014771828130301045 0.02039431323171641
32 0.6897496240309187 0.42085545988862594 0.014771828130301045 0.02039431323171641
32 0.8668478042533201 0.16881221261910023 0.014880955534962936 0.023519313231716587
18 0.49593012512722706 0.015122568594469676 0.012772818511654193 0.007885222872636887
18 0.5495859263005041 0.3661447131100797 0.012772818511654193 0.007885222872636887
18 0.5850943511654279 0.30933163172799033 0.012772818511654193 0.007885222872636887
18 0.618008544086519 0.3571696889095827 0.012772818511654193 0.007885222872636887
18 0.656101277211478 0.17305376414335188 0.012772818511654193 0.007885222872636887
18 0.6910789340202343 0.011571363479421937 0.012772818511654193 0.007885222872636887
18 0.626894959965768 0.41033559552544113 0.012772818511654193 0.007885222872636887
18 0.6471132015282477 0.3182844509116354 0.012772818511654193 0.007885222872636887
18 0.6605829352861787 0.2566566045024315 0.012772818511654193 0.007885222872636887
18 0.7114807471744111 0.21555488153159869 0.012772818511654193 0.007885222872636887
18 0.7097496107840747 0.32255431527482 0.012772818511654193 0.007885222872636887
18 0.7164162730351269 0.2897872670702181 0.012772818511654193 0.007885222872636887
18 0.7773959238534335 0.20187872179248245 0.012772818511654193 0.007885222872636887
18 0.892006516959859 0.03929742944161294 0.012772818511654193 0.007885222872636887
18 0.8506027892771956 0.35227415241244575 0.012772818511654193 0.007885222872636887
18 0.8963344076113646 0.14086447462115279 0.012772818511654193 0.007885222872636887
18 0.9224926251272271 0.017604236623205337 0.012772818511654193 0.007885222872636887
18 0.8951935482628702 0.24239970354391396 0.012772818511654549 0.007885222872636887
18 0.9294990824762884 0.08403775770044426 0.012772818511654193 0.007885222872636887
18 0.9607491155933982 0.33026331790709873 0.012772818511654193 0.007885222872636887
18 0.9927059545234724 0.28358376062731044 0.012772818511654193 0.007885222872636887
16 0.724972817500164 0.2664043092246958 0.01627976442797028 0.018840903590796286
16 0.7927828216765151 0.15041621574235825 0.016170637023308388 0.015715903590796287
16 0.8013567243089204 0.10516280307637568 0.016170637023308565 0.015715903590796287
16 0.8986285391923776 0.027619586057471324 0.01627976442797028 0.018840903590796286
16 0.9040278565229055 0.1151332215960907 0.01627976442797028 0.01884090359079611
16 0.9372470950901601 0.05986900467538216 0.016170637023308388 0.015715903590796287
16 0.9177357255748648 0.35110253785286927 0.01627976442797028 0.018840903590795932
34 0.5507491222168202 0.37708675828961946 0.016170637023308565 0.015715903590795933
34 0.6870214389143758 0.3427304598886257 0.016170637023308565 0.015715903590796287
34 0.7416742225796398 0.38678953209733286 0.01622520072563951 0.01727840359079593
34 0.8906945320208013 0.1806673180052945 0.016170637023308388 0.015715903590796287
34 0.9840650753047122 0.23744910401145222 0.016225200725639155 0.017278403590796288
12 0.633095341546781 0.29711343285945857 0.01299107332097762 0.014135222872636887
12 0.6312823596029483 0.4017691166026799 0.01310020072563951 0.01726022287263689
12 0.7190923505324557 0.18747987850653658 0.01299107332097762 0.014135222872636887
12 0.72734375 0.4421875 0.0140625 0.015625
12 0.85 0.446875 0.0125 0.00625
12 0.8865923637792996 0.28687186620989646 0.01299107332097762 0.014135222872636887
12 0.8979911660488853 0.23304288426207317 0.013100200725639156 0.01726022287263689
12 0.9294792682258034 0.2847781010845859 0.01299107332097762 0.014135222872636887
12 0.99609375 0.16328125 0.0078125 0.0140625
19 0.5713121041606527 0.27254015885535343 0.015897818511654192 0.007903403590796287
29 0.5598041744864056 0.3232441408031767 0.014499009618646853 0.012581813231716588
29 0.6133582496214818 0.3805753726528042 0.014389882213985138 0.00945681323171641
29 0.6355928589699762 0.27916286357761777 0.014499009618646853 0.012581813231716588
29 0.6490898745790729 0.21831626716841396 0.014389882213985138 0.009456813231716588
29 0.6571826275742978 0.18165205932289172 0.014389882213985138 0.00945681323171641
29 0.6677728979927178 0.12703728219552862 0.014499009618646853 0.012581813231716588
29 0.6833681269413255 0.05917307132494418 0.014389882213985138 0.00945681323171641
29 0.69296875 0.0046875 0.0140625 0.009375
29 0.6465502063375711 0.3245299057320955 0.014499009618646853 0.012581813231716588
29 0.6947322459932848 0.2951287520431034 0.014499009618646853 0.01258181323171641
29 0.706830452709374 0.23896056527481999 0.014499009618646853 0.012581813231716588
29 0.6984326540679856 0.37872704722264317 0.014499009618646853 0.01258181323171641
29 0.8198487747644073 0.008415068103490419 0.014499009618646853 0.012581813231716588
29 0.8420561684959559 0.3983088150784283 0.014499009618646853 0.01258181323171641
29 0.8500943577888499 0.360082107232906 0.014499009618646853 0.01258181323171641
29 0.8614658782072698 0.30547187528508274 0.014499009618646853 0.012581813231716588
29 0.8762525753047123 0.23682186923495854 0.014499009618646853 0.012581813231716588
29 0.8923835175928312 0.16193095354391396 0.014499009618646853 0.012581813231716588
29 0.9248487880112511 0.10744344144366558 0.014499009618646853 0.01258181323171641
29 0.8971901017984001 0.43377868246667506 0.014499009618646853 0.01258181323171641
29 0.922004074123586 0.31675935410964795 0.014499009618646853 0.01258181323171641
29 0.9374628938163665 0.24498889323906364 0.014499009618646853 0.012581813231716588
29 0.9447545825611063 0.40906048359814323 0.014499009618646853 0.01258181323171641
29 0.9528200537051659 0.3716150257526209 0.014499009618646853 0.01258181323171641
29 0.99375 0.27578125 0.0125 0.0140625
20 0.496875 0.00625 0.015625 0.0125
20 0.6045313427279074 0.21727594193464483 0.016170637023308565 0.015715903590796287
20 0.6633259893698629 0.2457372852205907 0.016170637023308388 0.015715903590796287
20 0.7001092267559911 0.27016511347942196 0.016170637023308565 0.01571590359079611
25 0.5460169821982868 0.39814869203284076 0.016170637023308565 0.015715903590796287
25 0.6445759893698628 0.24562820091163537 0.016170637023308388 0.015715903590796287
25 0.7632367093327959 0.28849747784260665 0.01627976442797028 0.01884090359079611
25 0.838268969584415 0.4240627940011894 0.016170637023308388 0.015715903590796287
25 0.8680184677703163 0.3812758511827818 0.016170637023308388 0.015715903590796287
25 0.8740402892771957 0.3524105077986402 0.016170637023308388 0.015715903590795933
25 0.9101241222168202 0.37917754087793154 0.016170637023308388 0.015715903590795933
25 0.9378994034350134 0.25748889323906365 0.016170637023308388 0.01571590359079611
25 0.9526588186812901 0.18805763718893936 0.016170637023308388 0.015715903590796287
25 0.987038797081744 0.32260535401145213 0.016170637023308388 0.01571590359079611
4 0.49296875 0.046875 0.0078125 0.01875
21 0.4953125 0.025 0.0125 0.015625
19 0.5132416877332495 0.4213907493126289 0.016170637023308565 0.015715903590795933
13 0.5287550711283611 0.3511827884420445 0.01795139183263199 0.021974993949875454
28 0.5341320518910673 0.3262191498783629 0.01627976442797028 0.018840903590795932
32 0.5650224094254632 0.18189697813719424 0.01967758293962447 0.02667158430895533
32 0.5891642591553106 0.06799810460062741 0.01967758293962447 0.02667158430895533
13 0.6015625 0.00859375 0.015625 0.0171875
27 0.5376241288402421 0.4262191498783629 0.01627976442797028 0.018840903590795932
16 0.5573612207655414 0.3427572100850174 0.016170637023308565 0.015715903590795933
13 0.5980878805695227 0.14459696603694586 0.016170637023308388 0.015715903590796287
17 0.5596628199472347 0.43103391490547766 0.01795139183263199 0.021974993949875808
28 0.59921875 0.44140625 0.0171875 0.0171875
13 0.6092982321982867 0.3985168515755653 0.01627976442797028 0.018840903590795932
11 0.61875 0.44453125 0.015625 0.0109375
26 0.6367684677703165 0.3799304780389985 0.01627976442797028 0.018840903590795932
22 0.7079242159562179 0.33738442973620053 0.014880955534962936 0.02351931323171641
13 0.8108706558820842 0.4223412127172962 0.01795139183263199 0.021974993949875808
28 0.8162749184959559 0.3981588241536146 0.016334328130301046 0.020403403590796287
32 0.8471379941791863 0.25305540241244573 0.01967758293962447 0.02667158430895533
32 0.8712798439090339 0.13915652887587893 0.01967758293962447 0.02667158430895533
13 0.8841047369227922 0.08143038728713528 0.01795139183263217 0.021974993949875808
22 0.9206672302993703 0.03243435108458588 0.01482639183263217 0.02195681323171641
22 0.9094172501696359 0.17999515231424992 0.01482639183263217 0.02195681323171659
22 0.9679738277517831 0.4029468389843377 0.01482639183263217 0.02195681323171641
3 0.996875 0.234375 0.00625 0.015625
13 0.24453125 0.725 0.4890625 0.55
6 0.74453125 0.76484375 0.5109375 0.4703125