12 0.41875 0 0 0 0 0.3796875 0.023833132812499998 0.3796875 0.0077145703125 0.307123084375 0.02905131875 0.1831268234375 0.08718129218750001 0.0944995046875 0.2098108125 0.042743259374999995 0.3036797015625 0.0533948390625 0.3919508234375 0.1110229765625 0.41875 0.1542686921875 0.41875 0
14 0.51328125 0.2578125 0.1890625 0.24375
11 0.95625 0.1375 0.0875 0.275
26 0.7012997045234725 0.2083882311797387 0.3156151094333124 0.23597989825029514
30 0.62265625 0.04375 0.4078125 0.0875
25 0.5609375 0.109375 0.284375 0.21875
18 0.31875 0.68984375 0.2 0.6203125
14 0.590625 0.89765625 0.34375 0.2046875
26 0.825 0.875 0.35 0.25
30 0.765625 0.55703125 0.46875 0.3546875
25 0.6592312224948218 0.7393198961987667 0.3438145205032381 0.28393723718559977