13 0.16953125 0.175 0.3390625 0.35
24 0.9921875 0.08828125 0.015625 0.0234375
24 0.6853133058135032 0.14644281017477914 0.028812084233097578 0.030460389812585566
24 0.6608577574731772 0.1440225038274307 0.029167281743586494 0.03514788981258556
24 0.5847921649417099 0.13214228094531938 0.028812084233097578 0.030460389812585566
24 0.9782722456503226 0.25144959276945117 0.02904888257342364 0.03358538981258565
24 0.9197493506293444 0.24375676471449034 0.03061138257342346 0.03363085391920819
24 0.7811954134918174 0.22351612404397497 0.03061138257342346 0.03363085391920819
17 0.9788847844428789 0.08387564786315838 0.01751938672260849 0.025454641066226812
23 0.917165111827499 0.03399531980819759 0.020644386722608488 0.02554556927947218
23 0.8838198155617654 0.027918816047273892 0.02064438672260831 0.025545569279472168
23 0.9632005848577974 0.08354903892938519 0.017164189212119395 0.02076714106622681
23 0.7574134487598889 0.15765544332344716 0.025923882573423464 0.03349446159934022
23 0.7581839659813283 0.21948785359000386 0.02604228174358649 0.03505696159934022
10 0.9004628639020915 0.03056644292773574 0.020644386722608488 0.025545569279472168
10 0.4036363307086125 0.10766042115361638 0.029285680913749522 0.036710389812585564
10 0.8492709072680402 0.23327991745919968 0.02916728174358667 0.03514788981258556
30 0.99375 0.0453125 0.0125 0.021875
21 0.9865663072633957 0.04058864911679962 0.011387785892771517 0.026835284639736078
21 0.6445815620372806 0.13588339489365753 0.014015878424238615 0.040943248746358754
21 0.5108335240699168 0.11706886190327408 0.014015878424238615 0.040943248746358754
21 0.5012809253146722 0.11499789654301015 0.012216580083912553 0.03777278463973608
17 0.9652357589230697 0.038077414556205814 0.025568685062934547 0.02880696159934022
14 0.9464265593379881 0.037841733835677994 0.020407588382282425 0.02242056927947216
14 0.8498116684661949 0.023427544339661537 0.020407588382282425 0.02242056927947217
14 0.8911614867272528 0.1764699763138306 0.02604228174358649 0.03505696159934022
14 0.8674871883869267 0.1740269379131708 0.030729781743586492 0.035193353919208234
14 0.4851114736549982 0.1186002696625483 0.02604228174358649 0.03505696159934022
14 0.34921875 0.096875 0.0203125 0.034375
14 0.8832790543636108 0.23777118916681203 0.029167281743586494 0.03514788981258556
27 0.9313460109976621 0.03514864284859346 0.017164189212119395 0.02076714106622681
27 0.9078045350675789 0.17911760319429243 0.01931868506293437 0.02862510517284953
27 0.8072833941957855 0.1648170739648327 0.01955548340326061 0.031750105172849485
27 0.5634616166013838 0.12963104638472558 0.02279888257342364 0.03340353338609488
27 0.46684672572959063 0.11521685688870913 0.022680483403260433 0.031841033386094876
27 0.3829686331981234 0.10356395453971123 0.01955548340326043 0.031750105172849485
27 0.9921875 0.25234375 0.015625 0.0328125
13 0.866999168466195 0.022927439166812048 0.02256208423309758 0.030278533386094854
35 0.833949870125869 0.020757185405888345 0.020644386722608488 0.02554556927947218
22 0.4320573286340201 0.11074831723440812 0.040223180913749525 0.03702863855894436
22 0.9489515985547519 0.2468219287419708 0.0402231809137497 0.03702863855894432
17 0.9463799377622267 0.07855766204892337 0.02580548340326061 0.03193196159934022
25 0.9953125 0.190625 0.009375 0.04375
15 0.9225298858974158 0.17712319418137698 0.021946777594401647 0.04273306927947216
15 0.601861265771547 0.1300796757724699 0.021946777594401647 0.04273306927947216
32 0.8302948417062745 0.1688453444188038 0.038660680913749704 0.036983174452321646
18 0.7957538983449705 0.15732282271119147 0.018821777594401644 0.04264214106622681
18 0.7736421000046444 0.154834320203909 0.015578378424238615 0.04098871285298147
18 0.5211081732400797 0.11833584521022664 0.018821777594401644 0.04264214106622681
18 0.7988681655664098 0.21908703681781416 0.015578378424238615 0.04098871285298138
29 0.7848755979300519 0.15842232145755025 0.021473180913749522 0.03648306927947216
29 0.7032820558135032 0.1459199729486183 0.021473180913749522 0.03648306927947216
29 0.9020882539486923 0.23800686988733988 0.021591580083912553 0.038045569279472155
29 0.810942113076899 0.22343355601814405 0.021591580083912553 0.038045569279472245
16 0.733313097930052 0.1599226369760987 0.028315176764564676 0.044477425705962935
28 0.6291933603776065 0.13946303595988435 0.029167281743586494 0.03514788981258556
20 0.5361295219953243 0.12024768619731116 0.028315176764564676 0.04447742570596289
20 0.3659703873473083 0.09622882765924938 0.028315176764564676 0.04447742570596289
12 0.8278219597575511 0.2292061828986059 0.026042281743586672 0.03505696159934022
16 0.16953125 0.675 0.3390625 0.65
30 0.6765625 0.675 0.646875 0.65