16 0.2546875 0.2 0.509375 0.4
35 0.7546875 0.2 0.490625 0.4
1 0.42017942405313385 0.6826687574481073 0.036428396005727136 0.04386131596343468
1 0.34379819004613427 0.6346358258927414 0.03642839600572696 0.04386131596343468
0 0.4382845340547249 0.6935505994663899 0.04273294000636341 0.04883991439185813
0 0.36193057204804324 0.647861417911024 0.04431362133990877 0.05047518899896399
2 0.46034134739017923 0.708156754966908 0.04275112133990859 0.05040241439185813
2 0.30527149204327075 0.6153250537668349 0.04275112133990895 0.05040241439185813
2 0.4984375 0.53828125 0.021875 0.0484375
2 0.4875 0.52578125 0.04375 0.0515625
3 0.4005027233847704 0.6710784400369305 0.04273294000636341 0.04883991439185813
4 0.2855766100413618 0.6021722363556581 0.04273294000636341 0.04883991439185813
21 0.6859375 0.6890625 0.353125 0.578125