19 0.2296875 0.46328125 0.459375 0.1734375
25 0.49765625 0.3296875 0.0765625 0.1625
24 0.53359375 0.4640625 0.1484375 0.171875
23 0.60234375 0.52421875 0.1734375 0.0515625
29 0.69375 0.46640625 0.16875 0.1671875
30 0.609785799009324 0.312032926276252 0.1862800641014079 0.25135886137453217
31 0.540625 0.16328125 0.1625 0.2234375
32 0.5078125 0.065625 0.096875 0.13125
35 0.68046875 0.0984375 0.2078125 0.196875
34 0.7530692262214636 0.22869588308279987 0.14848896567298447 0.2431435696514182
5 0.2296875 0.775 0.459375 0.45
20 0.7 0.775 0.48125 0.45