35 0.23984375 0.175 0.4796875 0.35
3 0.921875 0.28515625 0.15625 0.1296875
3 0.740625 0.31171875 0.1875 0.0765625
5 0.903125 0.14453125 0.19375 0.1828125
5 0.7182923331841902 0.19617973058564003 0.20135270290907387 0.18499426002545327
6 0.55078125 0.24765625 0.1421875 0.1859375
7 0.88046875 0.03984375 0.2140625 0.0796875
7 0.6875 0.06171875 0.2125 0.1234375
8 0.534375 0.0859375 0.109375 0.171875
5 0.0828125 0.871875 0.165625 0.25625
0 0.25625 0.68203125 0.446875 0.6359375
1 0.7859375 0.9890625 0.021875 0.021875
0 0.7625 0.99140625 0.03125 0.0171875
3 0.542235628200524 0.9018121125875492 0.021851689212119395 0.020548857336090798
6 0.8196385777856054 0.8978036758832326 0.021851689212119395 0.020548857336090798
2 0.786956132349709 0.9067701432209143 0.021733290041956364 0.018986357336090796
2 0.7535516364988938 0.9149644512253687 0.020170790041956366 0.018968176002545255
0 0.7703130840093829 0.9100860472231413 0.020170790041956366 0.018968176002545432
1 0.7392523381585677 0.9182530832272777 0.013802390871793335 0.01733295066836362
1 0.7985932945921265 0.8356036678867325 0.017045790041956367 0.01893181333545435
7 0.7826722966667189 0.839691731222187 0.021733290041956364 0.018986357336090796
7 0.5231304306900351 0.9067177885900944 0.021733290041956364 0.018986357336090796
2 0.5072094327646275 0.910805851925549 0.021733290041956364 0.018986357336090796
2 0.7530243759254389 0.6128934212285502 0.020170790041956366 0.018968176002545346
0 0.7371033780000313 0.6169814845640047 0.020170790041956366 0.018968176002545255
1 0.7211823800746238 0.6210695478994592 0.013802390871793335 0.01733295066836362
3 0.7060426321492163 0.6251485205681409 0.020289189212119398 0.020530676002545344