26 0.2046875 0.26484375 0.409375 0.5296875
7 0.78515625 0.43125 0.2609375 0.196875
14 0.6234375 0.45 0.25625 0.159375
13 0.49296875 0.465625 0.1671875 0.128125
1 0.73125 0.1234375 0.2125 0.246875
11 0.58125 0.14375 0.246875 0.2875
9 0.471875 0.16640625 0.125 0.3328125
22 0.2046875 0.76484375 0.409375 0.4703125
1 0.72109375 0.9046875 0.2265625 0.190625
12 0.5609375 0.91171875 0.259375 0.1765625
3 0.76328125 0.6171875 0.2515625 0.175
0 0.59921875 0.6390625 0.2453125 0.21875
0 0.48125 0.6546875 0.14375 0.25