15 0.165625 0.23984375 0.228125 0.4796875
15 0.63984375 0.2671875 0.7203125 0.425
21 0.13984375 0.60625 0.2796875 0.253125
1 0.39296875 0.8515625 0.2265625 0.184375
2 0.38203125 0.74140625 0.2046875 0.1921875
3 0.375 0.6265625 0.190625 0.2
6 0.8015625 0.91640625 0.340625 0.1671875
7 0.7860764529253946 0.8240656874952224 0.34101828652459376 0.2212196365211195
8 0.7514441286550957 0.7066730611445108 0.3188160040571898 0.20119556285771356
9 0.7354254366900449 0.596000871653737 0.32821827759614025 0.2033040944277446
0 0.72109375 0.53125 0.3578125 0.103125