20 0.28984375 0.24453125 0.5796875 0.4890625
28 0.78984375 0.24453125 0.4203125 0.4890625
2 0.12576802665456466 0.6221364399665925 0.03328734387822054 0.05036362667090888
1 0.11014302665456466 0.6223182533020469 0.030098676882026165 0.048764764003817976
6 0.3467171966165086 0.6039478719366848 0.03328734387822045 0.05036362667090888
6 0.3035574456279254 0.6091353586091846 0.036412343878220635 0.05039998933799979
7 0.5104441155898692 0.5911104225811858 0.03647601087441501 0.05196248933799978
2 0.5331640325860636 0.5892842932447768 0.03166117688202626 0.04878294533736351
7 0.3647177801146057 0.6029575366009121 0.036412343878220454 0.05039998933799979
4 0.4916304485936749 0.592891098583731 0.03166117688202626 0.04878294533736351
3 0.15317544365075902 0.6202557666295472 0.03647601087441492 0.05196248933799978
2 0.330215446122217 0.6064825259389119 0.03328734387822045 0.05036362667090888
29 0.78984375 0.74453125 0.4203125 0.5109375