23 0.29453125 0.3546875 0.5890625 0.709375
14 0.60390625 0.21457722277678162 0.015625 0.01626166996194378
14 0.6453125 0.3480462973776303 0.015625 0.01626166996194378
14 0.6078125 0.06051180528629567 0.0125 0.014571835969555113
14 0.634375 0.14692946635099102 0.0171875 0.019450336958138338
14 0.6484375 0.1932314633852415 0.015625 0.016261669961943958
14 0.70625 0.37915703452604904 0.015625 0.01626166996194378
14 0.74296875 0.4979733601154808 0.015625 0.016261669961943958
14 0.61953125 0.015503052814837747 0.015625 0.016261669961943958
14 0.66484375 0.15975045992520037 0.0171875 0.019450336958138338
14 0.690625 0.2454187044879929 0.015625 0.016261669961943958
14 0.7078125 0.30018711752985466 0.0171875 0.019450336958138338
14 0.72109375 0.34027094806220226 0.0171875 0.019450336958138338
14 0.7453125 0.4181903596211892 0.0171875 0.019450336958138338
14 0.75 0.4328431086326061 0.015625 0.01626166996194378
14 0.84296875 0.2282736723590398 0.015625 0.01626166996194378
14 0.8734375 0.3278134159332492 0.0171875 0.019450336958138338
14 0.90078125 0.4165429934998473 0.0171875 0.019450336958138338
14 0.90546875 0.43119574251126414 0.0171875 0.019450336958138338
14 0.9625 0.2687156471501688 0.015625 0.016261669961943958
27 0.61171875 0.07363388779580968 0.0109375 0.011383168973360735
27 0.74921875 0.5172499421307032 0.0140625 0.013073002965749581
27 0.71171875 0.3125279500393686 0.0140625 0.013073002965749581
27 0.846875 0.2406145048685538 0.0109375 0.011383168973360825
27 0.89765625 0.06120157749223605 0.0109375 0.011383168973360735
27 0.92421875 0.1460567385569314 0.0109375 0.011383168973360735
27 0.95625 0.24943906513494643 0.0109375 0.011383168973360825
22 0.61875 0.09756613631293494 0.0171875 0.024137836958138335
22 0.765625 0.5712689386706622 0.015625 0.02407416996194378
22 0.83671875 0.20899709034381733 0.015625 0.02251166996194396
22 0.87890625 0.34634058144656876 0.015625 0.02251166996194396
34 0.78671875 0.6336906842220378 0.0171875 0.019450336958138338
34 0.65234375 0.11416604589475554 0.01875 0.017951503954332714
34 0.6734375 0.01252529144613126 0.01875 0.019514003954332716
34 0.8984375 0.4010134939941389 0.01875 0.017951503954332714
24 0.59765625 0.19920689076155923 0.0171875 0.019450336958138338
24 0.628125 0.2940591343357686 0.0171875 0.019450336958138338
24 0.659375 0.22637954441188074 0.0171875 0.019450336958138338
24 0.66796875 0.2541543759328116 0.015625 0.01626166996194378
24 0.72421875 0.4401436140698135 0.015625 0.016261669961943958
24 0.759375 0.5527736066554396 0.0171875 0.019450336958138338
24 0.634375 0.06333571635099103 0.0125 0.014571835969555113
24 0.6546875 0.12891429540046398 0.015625 0.016261669961943958
24 0.67109375 0.18215204194042284 0.015625 0.016261669961943958
24 0.7328125 0.38198094559074436 0.0171875 0.019450336958138338
24 0.7984375 0.08946318175057995 0.0171875 0.019450336958138338
24 0.83046875 0.18972050832859483 0.0171875 0.019450336958138338
24 0.8921875 0.38798691197891644 0.0171875 0.019450336958138338
28 0.61953125 0.2662843028148377 0.0171875 0.019450336958138338
28 0.696875 0.3490702865032153 0.015625 0.01626166996194378
28 0.71796875 0.4185232820545911 0.015625 0.01626166996194378
28 0.73984375 0.40435069410786967 0.015625 0.01626166996194378
28 0.728125 0.025140696579327493 0.0171875 0.019450336958138338
28 0.8234375 0.16656950981146962 0.015625 0.016261669961943958
28 0.85 0.252987170876165 0.015625 0.01626166996194378
28 0.91015625 0.4458484915226809 0.015625 0.01782416996194396
28 0.909375 0.10291157502077812 0.015625 0.016261669961943958
28 0.940625 0.2000757350968903 0.0125 0.014571835969555202
28 0.965625 0.28186956315778 0.0125 0.014571835969555025
19 0.596875 0.18671875 0.015625 0.0109375
18 0.6296875 0.3072767173395742 0.015625 0.01001166996194396
18 0.67578125 0.28664854095183967 0.015625 0.01001166996194378
18 0.7453125 0.5095966096211892 0.015625 0.01001166996194396
18 0.69609375 0.2655083700013126 0.015625 0.01001166996194378
18 0.77890625 0.03010276920300985 0.015625 0.01001166996194396
18 0.95703125 0.25800098163684915 0.0171875 0.011637836958138336
21 0.60546875 0.22623230578058723 0.015625 0.008449169961943781
21 0.6609375 0.23725337741568636 0.0125 0.006759335969555203
21 0.66328125 0.24418912692139472 0.015625 0.008449169961943781
21 0.8859375 0.37652282996369396 0.015625 0.008449169961943958
21 0.946875 0.2263835671121127 0.0125 0.006759335969555025
13 0.62734375 0.13159096783386576 0.01875 0.019514003954332716
13 0.8640625 0.30475791791041545 0.01875 0.019514003954332716
23 0.63984375 0.33342538186431064 0.015625 0.016261669961943958
23 0.78125 0.6198510187087184 0.015625 0.016261669961944135
23 0.62421875 0.030937051826254523 0.015625 0.016261669961943958
23 0.64609375 0.10035821387953306 0.0140625 0.017760502965749582
23 0.659375 0.14356704441188076 0.0125 0.014571835969555113
23 0.67578125 0.19758604095183968 0.015625 0.01626166996194378
23 0.7 0.2755054525108266 0.015625 0.016261669961943958
23 0.715625 0.32486878254888263 0.015625 0.01626166996194378
23 0.86171875 0.2892284184047071 0.015625 0.01626166996194378
23 0.90625 0.08897640901316688 0.0140625 0.017760502965749582
23 0.93203125 0.17230090357595937 0.0140625 0.017760502965749582
16 0.61171875 0.23613388779580974 0.01875 0.019514003954332716
16 0.63671875 0.3171464658566994 0.01875 0.019514003954332716
16 0.6859375 0.31123470547657617 0.01875 0.01951400395433254
25 0.70234375 0.363691202016535 0.01875 0.017951503954332714
25 0.77265625 0.5889511871877875 0.01875 0.017951503954332537
25 0.6171875 0.00390625 0.01875 0.0078125
25 0.72421875 0.010456114069813527 0.01875 0.019514003954332716
25 0.8875 0.3655216629674996 0.01875 0.017951503954332714
25 0.91796875 0.11740515654170895 0.01875 0.019514003954332716
12 0.6234375 0.2809688853243518 0.015625 0.01626166996194378
12 0.75546875 0.5380890241459257 0.015625 0.016261669961943958
12 0.8140625 0.135701511788636 0.0171875 0.019450336958138338
17 0.6421875 0.18020488137001908 0.01875 0.017951503954332714
17 0.73671875 0.4833842781002584 0.01875 0.017951503954332537
17 0.684375 0.23239212247277052 0.015625 0.01626166996194378
17 0.78515625 0.05016060121823225 0.01875 0.017951503954332714
17 0.8046875 0.11498976376580235 0.01875 0.017951503954332714
10 0.61484375 0.25241280380342096 0.0171875 0.019450336958138338
10 0.625 0.11528021832815734 0.015625 0.016261669961943958
10 0.69296875 0.33516695399370133 0.015625 0.016261669961943958
10 0.77734375 0.6051664361992042 0.0171875 0.019450336958138338
10 0.64140625 0.08492421486811627 0.0171875 0.019450336958138338
10 0.85625 0.27304500289138744 0.015625 0.016261669961943958
10 0.9015625 0.0735424100017501 0.015625 0.016261669961943958
10 0.9203125 0.1329346560474174 0.0171875 0.019450336958138338
10 0.9453125 0.21472848410830708 0.0171875 0.019450336958138338
10 0.95234375 0.23709823262543236 0.0171875 0.019450336958138338
29 0.6390625 0.16626971536240784 0.0140625 0.013073002965749581
29 0.71328125 0.40699553304317426 0.0171875 0.014762836958138337
29 0.73359375 0.4702303620926472 0.0140625 0.013073002965749581
29 0.6296875 0.050245467339574204 0.015625 0.016261669961943958
29 0.68125 0.21767570646515927 0.0140625 0.013073002965749581
29 0.703125 0.2870968685184378 0.0140625 0.013073002965749581
29 0.72265625 0.3519260310660079 0.0171875 0.014762836958138337
29 0.72890625 0.3712026130812303 0.0140625 0.013073002965749581
29 0.66640625 0.003125 0.0140625 0.00625
29 0.78203125 0.037787935210621 0.0140625 0.013073002965749581
29 0.8015625 0.1018358477581911 0.0140625 0.013073002965749581
29 0.825 0.17822459281527525 0.0171875 0.014762836958138337
29 0.934375 0.1839241530816679 0.0140625 0.013073002965749581
12 0.71171875 0.3945592000393686 0.015625 0.016261669961943958
14 0.92734375 0.1568669045645426 0.0125 0.014571835969555202
29 0.8921875 0.04970566197891646 0.0171875 0.019450336958138338
15 0.59921875 0.03976822376536484 0.0171875 0.014762836958138337
15 0.60234375 0.04901588977297604 0.0140625 0.013073002965749491
15 0.653125 0.21491546239665826 0.0171875 0.014762836958138337
15 0.7265625 0.45332936357552195 0.0171875 0.014762836958138337
11 0.59453125 0.009375 0.0109375 0.01875
30 0.596875 0.027363724259656406 0.015625 0.016261669961943958
32 0.6734375 0.27424404144613124 0.0171875 0.024137836958138335
23 0.68046875 0.29739503996325645 0.015625 0.016261669961943958
32 0.7765625 0.015354519697301417 0.01875 0.025764003954332714
11 0.7921875 0.07331159973535746 0.01875 0.019514003954332716
30 0.81875 0.15191676080005284 0.015625 0.016261669961943958
5 0.51796875 0.946875 0.1421875 0.10625
30 0.79453125 0.8546875 0.4109375 0.290625