18 0.1497354140625 0 0 0.064719584375 0 0.1991678609375 0.21076882656249998 0.107958740625 0.18909788125 0 0.1497354140625 0
10 0.8546875 0.2890625 0.290625 0.340625
13 0.66484375 0.16328125 0.3953125 0.3265625
32 0.43359375 0.190625 0.3078125 0.38125
7 0.18671875 0.5578125 0.1859375 0.196875
7 0.13984375 0.909375 0.2796875 0.18125
1 0.7603603878829809 0.9144423466350575 0.015163925046142524 0.01800654735504672
0 0.6757512577150226 0.7173937704114028 0.016826554595791875 0.01966005261671846
1 0.6060710109542252 0.7768527994211852 0.015163925046142524 0.01800654735504672
1 0.44560507788851816 0.8090675179923285 0.015163925046142524 0.01800654735504672
1 0.33432761644518105 0.832384649675299 0.015163925046142524 0.01800654735504672