14 0.35 0.2386352578125 0.3375326625 0.223331625 0.2313419703125 0.0793197 0.2666322 0.057337021875000005 0.2569494109375 0.025157759374999998 0 0.1921136 0 0.36740195937500003 0.021481060937499998 0.39154560625 0.042655196875 0.378356 0.0036759437499999997 0.297556965625 0.009669710937500001 0.226954515625 0.1014243078125 0.16979955468750002 0.29575248125 0.41175278125 0.22517202187500002 0.4557181375 0.18019900312499998 0.445521553125 0.12135798281250001 0.396200025 0.1072418921875 0.4049930953125 0.1365383546875 0.453612865625 0.26521555625 0.6027230859375 0.293447740625 0.58513694375 0.252908021875 0.533968025 0.260214159375 0.4816534734375 0.3237365734375 0.44208465468749997 0.35 0.47429458281250003 0.35 0.2386352578125
26 0.43515625 0.10859375 0.1703125 0.1890625
35 0.4390625 0.2671875 0.178125 0.23125
13 0.6216567919755014 0.15464699812590021 0.23217045285270288 0.20443108133331248
34 0.89609375 0.03203125 0.2078125 0.0640625
15 0.8328125 0.10546875 0.234375 0.2109375
17 0.5067168043814982 0.3632784821538606 0.23758569892376152 0.22041127884380157
20 0.749591355043452 0.2923460624382659 0.21356600206691462 0.2061352912913561
11 0.903125 0.265625 0.19375 0.234375
22 0.6165713014860141 0.466283237752938 0.23267987510244392 0.21536858133331246
25 0.64921875 0.5859375 0.2140625 0.10625
23 0.88125 0.46640625 0.2375 0.2203125
31 0.8921875 0.61015625 0.203125 0.0578125
21 0.09296875 0.71484375 0.1859375 0.1515625
12 0.0734375 0.8890625 0.146875 0.221875
27 0.24453125 0.903125 0.2109375 0.19375
2 0.68671875 0.81953125 0.6265625 0.3609375