23 0.234375 0.3 0.46875 0.6
6 0.89375 0.05234375 0.19375 0.1046875
6 0.9068219825765951 0.1462648146951496 0.17337454811738678 0.15678486758448215
4 0.90859375 0.27265625 0.1828125 0.1671875
0 0.9140625 0.40625 0.171875 0.1625
1 0.91796875 0.515625 0.1640625 0.1375
28 0.234375 0.8 0.46875 0.4
28 0.94609375 0.8734375 0.1078125 0.253125
13 0.81796875 0.684375 0.3109375 0.16875
18 0.8359375 0.846875 0.328125 0.30625
17 0.66328125 0.8671875 0.3890625 0.265625
20 0.60078125 0.71640625 0.2640625 0.2328125