20 0.3 0.3546875 0.6 0.709375
27 0.8 0.3546875 0.4 0.709375
21 0.1546875 0.7703125 0.309375 0.121875
8 0.21328125 0.80234375 0.4265625 0.1859375
17 0.3515625 0.84140625 0.453125 0.2640625
9 0.41875 0.84453125 0.3625 0.2703125
3 0.46796875 0.8546875 0.2640625 0.290625
20 0.534375 0.8546875 0.13125 0.290625
17 0.68046875 0.8546875 0.1609375 0.290625
9 0.7390625 0.8546875 0.278125 0.290625
3 0.78046875 0.8546875 0.3609375 0.290625
20 0.82578125 0.8546875 0.3484375 0.290625
5 0.884375 0.8546875 0.23125 0.290625