35 0.26953125 0.3546875 0.5390625 0.709375
0 0.8850630576666288 0.10699463110280912 0.03748458944842135 0.028236315963434677
2 0.8906305182040899 0.09498478267438566 0.03583108418674961 0.026601041356328813
2 0.9098208629847704 0.047872188174903685 0.03583108418674961 0.026601041356328858
1 0.8803678523908396 0.12053059222767963 0.03583108418674961 0.026601041356328813
1 0.9137803208913956 0.03515386435358612 0.03748458944842135 0.028236315963434722
7 0.8771441418533785 0.1324312787454443 0.03748458944842135 0.028236315963434677
2 0.7097368339749881 0.12299427440221807 0.052093121018452496 0.03826628742738745
6 0.7236327340032229 0.09257902833115952 0.048786110495108836 0.03499573821317572
9 0.7166847839891055 0.10778665136668879 0.052093121018452496 0.03826628742738745
2 0.55390625 0.028125 0.0296875 0.028125
5 0.55234375 0.040625 0.0265625 0.028125
3 0.54921875 0.053125 0.0203125 0.028125
35 0.26953125 0.8546875 0.5390625 0.290625
26 0.76953125 0.8546875 0.4609375 0.290625