16 0.159375 0.2546875 0.31875 0.509375
29 0.659375 0.2546875 0.68125 0.509375
16 0.159375 0.7546875 0.31875 0.490625
32 0.9377424844895345 0.8651514173148295 0.04848105866619008 0.04689484736759475
17 0.9242591386965786 0.8787774076961826 0.04012225544788173 0.03880952885594056
14 0.9125568141909465 0.8893329617798666 0.03688799480421991 0.03713790145127867
23 0.9009637503289761 0.8983260158635507 0.04012225544788173 0.03880952885594056
13 0.8826290135705278 0.9141320651379112 0.041903276735205 0.041989092558271324
18 0.8743248406740503 0.9208904966262569 0.03187271287323483 0.03228671034428636
13 0.864239646490249 0.930719364412272 0.04012225544788137 0.03880952885594056
34 0.8453421810191241 0.943373131835467 0.04012225544788173 0.03880952885594056
24 0.8319134655479992 0.9562178722168202 0.04012225544788155 0.03880952885594056
30 0.817922021364198 0.9659103307470079 0.04012225544788155 0.03880952885594056
16 0.7984375 0.9796875 0.04375 0.040625
24 0.78515625 0.9859375 0.0421875 0.028125
29 0.76796875 0.9953125 0.0390625 0.009375
14 0.9863652908099361 0.7297967598731009 0.027185212873234832 0.0321230192372937
14 0.9635233705113484 0.7540601498916344 0.03510697351689629 0.033958337748947895
14 0.783738045501513 0.905979770039902 0.03688799480421991 0.03713790145127884
14 0.764698104419805 0.7862749052491119 0.03354447351689647 0.03390377404661713
14 0.6765864632022108 0.8591642790255765 0.03354447351689647 0.03390377404661713
14 0.5600548910423673 0.9576885698624167 0.03354447351689629 0.03390377404661713
14 0.5317442207437795 0.9817609869227921 0.03354447351689629 0.03390377404661713
14 0.8477283977507565 0.5620586444493387 0.03354447351689629 0.03390377404661713
14 0.8211441184176614 0.583841875212045 0.03354447351689629 0.03390377404661713
14 0.6031268198909296 0.7673190302067029 0.03354447351689629 0.03390377404661713
14 0.551684652190232 0.8085963054344465 0.03187271287323483 0.03228671034428636
14 0.5321855252225959 0.605860685834333 0.03354447351689647 0.03390377404661713
14 0.384375 0.515625 0.034375 0.0125
14 0.33473672485427874 0.551193000084818 0.031872712873234656 0.032286710344286276
28 0.980131716304304 0.7405432869149429 0.03354447351689629 0.03390377404661713
28 0.8774980252225959 0.6179192640494522 0.03176345222957302 0.03072421034428636
28 0.8362992248542787 0.5687079485330228 0.03020095222957302 0.030669646641955418
28 0.43173741099230833 0.5639782314804964 0.03176345222957302 0.030724210344286275
29 0.9732807827641643 0.7489187821056195 0.035216234160558454 0.035520837748947896
29 0.9042304979831876 0.8068106384588889 0.03855975544788137 0.03875496515360979
29 0.7488710086268494 0.7998190500769689 0.0352162341605581 0.035520837748947896
29 0.6420422183979909 0.893983223127794 0.0352162341605581 0.035520837748947896
29 0.8728269507169637 0.628720354793625 0.03688799480421991 0.03713790145127884
29 0.8324094003486466 0.5795363211283611 0.03688799480421991 0.03713790145127884
29 0.762523235245839 0.6381821456304652 0.0352162341605581 0.035520837748947896
29 0.6546875 0.5171875 0.034375 0.015625
29 0.4241052274521689 0.5723264448200076 0.03521623416055819 0.035520837748947896
34 0.99140625 0.7265625 0.0171875 0.0375
27 0.9543833172930396 0.7615725495288146 0.03020095222957302 0.030669646641955418
27 0.51171875 0.99296875 0.0296875 0.0140625
27 0.8641239400733021 0.6299827544308052 0.030200952229572663 0.030669646641955418
27 0.8121679561648453 0.5890105248492252 0.03176345222957302 0.03072421034428636
27 0.41591031519935273 0.5775223763083533 0.028529191585911207 0.029052582939624472
13 0.9504388624655767 0.7731821721241529 0.03688799480421991 0.03713790145127884
13 0.596178061340955 0.9338889713136954 0.04012225544788173 0.03880952885594056
13 0.8073876210155515 0.6013741155933982 0.038669016091543364 0.04031746515360979
10 0.9360485805345913 0.7773785988031753 0.03187271287323483 0.03228671034428636
10 0.9119173118451581 0.7976811751193777 0.03354447351689629 0.03390377404661713
10 0.6148952103522192 0.9126141720393349 0.03354447351689647 0.03390377404661713
10 0.5516960878240585 0.9652282513507624 0.03354447351689647 0.03390377404661713
10 0.50234375 0.99375 0.0359375 0.0125
10 0.8517496262113315 0.6389485266633239 0.03354447351689629 0.03390377404661713
10 0.7929973390845662 0.6055705422724205 0.03688799480421991 0.03713790145127884
10 0.769538059751471 0.6274629004397885 0.03354447351689647 0.03390377404661713
10 0.6630370514535978 0.7169395734906138 0.03020095222957302 0.030669646641955418
10 0.49375 0.51796875 0.040625 0.0171875
10 0.4029186423028749 0.5841171166897066 0.03354447351689647 0.03390377404661713
34 0.9239474182817755 0.7824381210356938 0.04012225544788137 0.03880952885594056
34 0.7815681661880884 0.6122198463561045 0.03688799480421991 0.03713790145127884
4 0.8892392825120629 0.8196008151379113 0.038559755447881726 0.03875496515360979
4 0.7483679000965451 0.6502183541606528 0.03688799480421991 0.03713790145127884
4 0.7217289904416191 0.6727828349233591 0.04012225544788173 0.03880952885594056
4 0.63984375 0.52421875 0.0390625 0.0296875
4 0.6132277116127269 0.5444718072485448 0.0367787341605581 0.03557540145127884
2 0.8748107957536145 0.835543273668099 0.03855975544788137 0.03875496515360979
2 0.8609286122134752 0.8436732321982866 0.0352162341605581 0.035520837748947896
2 0.7308690436599277 0.6652704352861788 0.03688799480421991 0.03713790145127867
2 0.6232036451528665 0.53620543946253 0.0367787341605581 0.03557540145127884
25 0.8457570802824901 0.8478423770261436 0.036778734160558456 0.03557540145127884
25 0.7049949585106339 0.6768974160488852 0.03688799480421991 0.03713790145127884
25 0.5973295600035726 0.5478324202252364 0.04012225544788173 0.03880952885594056
22 0.8345082238458726 0.8631127129609929 0.04012225544788137 0.03880952885594056
22 0.6929648520740164 0.6921404701325692 0.04012225544788173 0.03880952885594056
22 0.5874793126014627 0.5655010698624167 0.04179401609154336 0.04042659255827132
21 0.8068149125817922 0.8895561618725338 0.038559755447881726 0.03875496515360979
18 0.8015264790416528 0.8979862207655414 0.03187271287323483 0.03228671034428636
18 0.8617966155676697 0.6408656907284744 0.03354447351689629 0.03390377404661713
18 0.617517101821915 0.7631226035276806 0.031872712873234656 0.032286710344286186
18 0.6717400620972596 0.7156771738534335 0.03187271287323483 0.03228671034428636
18 0.5719260963740334 0.7991221017135821 0.031872712873234656 0.03228671034428636
18 0.5514818284409045 0.5987029502623032 0.03354447351689629 0.03390377404661713
18 0.41318415294653665 0.5829092807548572 0.031872712873234656 0.032286710344286276
18 0.39921875 0.5125 0.0296875 0.00625
18 0.3550874296817418 0.5401562963639537 0.031872712873234656 0.032286710344286186
20 0.7964565667888366 0.9032912796585487 0.04023151609154354 0.04037202885594056
20 0.5652390537993863 0.8051538469042587 0.03688799480421991 0.03713790145127884
20 0.5449586768317503 0.6023909454529799 0.04012225544788173 0.03880952885594056
20 0.34990825678526394 0.5470238552569612 0.04012225544788164 0.03880952885594056
18 0.7843221895690988 0.7744296696770822 0.03688799480421991 0.03713790145127884
21 0.775635604419805 0.7866568511654279 0.03354447351689647 0.03390377404661713
21 0.5725548910423672 0.9581250794810636 0.0352162341605581 0.035520837748947896
21 0.6126657108564223 0.765302662420688 0.03354447351689647 0.03390377404661713
21 0.3953125 0.51640625 0.034375 0.0140625
15 0.7598085086268493 0.8002009959932848 0.038669016091543364 0.04031746515360979
15 0.52109375 0.98984375 0.0390625 0.0203125
24 0.7347703037993863 0.8110740086071566 0.03354447351689647 0.03390377404661713
24 0.6306016098676867 0.744000581295162 0.031872712873234656 0.03228671034428636
24 0.4708052648310357 0.5316667284852716 0.03354447351689629 0.03390377404661713
23 0.7222867292937541 0.8216022808396751 0.03187271287323483 0.032286710344286186
23 0.6873436467423504 0.8509251930907272 0.03354447351689629 0.03390377404661713
23 0.6040833964902488 0.9216345079741843 0.03020095222957302 0.03066964664195524
22 0.6447569450169806 0.7319643727649743 0.04012225544788173 0.03880952885594056
23 0.48125 0.52265625 0.03125 0.0265625
19 0.7102566228571369 0.836845334923359 0.03688799480421991 0.03713790145127884
30 0.6981554606043208 0.8419048571558777 0.031872712873234656 0.03228671034428636
30 0.8874739587627353 0.6096528962634373 0.03187271287323483 0.03228671034428636
30 0.440877464210617 0.5564658318433162 0.03354447351689647 0.03390377404661713
1 0.6628299658001009 0.8766965194069296 0.03688799480421991 0.03713790145127884
0 0.6505102822599614 0.8848810416394481 0.04012225544788173 0.03880952885594056
17 0.6358086438923587 0.904729750169636 0.04012225544788173 0.03880952885594056
17 0.51015625 0.5171875 0.0421875 0.015625
18 0.5803509655479994 0.9474331161415523 0.0352162341605581 0.035520837748947896
31 0.5425014042839189 0.9735219009879426 0.03187271287323483 0.03228671034428636
31 0.67552062595923 0.7064113012580953 0.031872712873234656 0.03228671034428636
10 0.899739011981044 0.6022496240309188 0.04357503737886681 0.04360615626060227
34 0.8614466903254033 0.556272435919151 0.04023151609154354 0.04037202885594056
11 0.6235321550402236 0.7555010764858385 0.04012225544788173 0.03880952885594056
21 0.5769413783050185 0.7945982928205747 0.03688799480421991 0.03713790145127884
21 0.5582781316592131 0.5911087050716267 0.03688799480421991 0.03713790145127884
21 0.3609932222563887 0.5340972693221117 0.03354447351689647 0.03390377404661713
10 0.45397839775075655 0.5483085914619631 0.04012225544788173 0.03880952885594056
34 0.6946198232451245 0.5676761834720803 0.04012225544788173 0.03880952885594056
24 0.682190879061323 0.5774232057045989 0.04012225544788173 0.03880952885594056
30 0.6688714242338601 0.588705446085952 0.041903276735205 0.041989092558271324
27 0.6529896981190737 0.6030308409138089 0.041903276735205 0.041989092558271324
14 0.6413966342571032 0.612023894997493 0.04357503737886681 0.04360615626060209
16 0.6269135171768241 0.6287476035276807 0.04357503737886681 0.04360615626060227
24 0.6121954533148537 0.6376315302067029 0.04190327673520518 0.041989092558271324
18 0.6014382697747142 0.6458706161415524 0.03187271287323483 0.03228671034428636
23 0.5914623362345747 0.6541369839275673 0.04012225544788173 0.03880952885594056
16 0.5819398707634499 0.6671181335647475 0.04190327673520518 0.041989092558271324
29 0.5628238840050017 0.6828969009879426 0.041903276735205 0.041989092558271324
24 0.5481604504648622 0.690999577666965 0.04859031930985207 0.04845734736759475
10 0.5290444637064139 0.7067783450901601 0.04012225544788173 0.03880952885594056
30 0.5186861179134583 0.7205134628761749 0.04012225544788173 0.03880952885594056
28 0.5040773146951496 0.7278348895551974 0.041903276735205 0.041989092558271324
29 0.4954453598676866 0.7392808210435431 0.03688799480421991 0.03713790145127884
27 0.4815631763275471 0.7474107795737307 0.03688799480421991 0.03713790145127884
10 0.47293122150008404 0.7588567110620764 0.04012225544788173 0.03880952885594056
21 0.4612835273162828 0.7686310151457605 0.03688799480421991 0.03713790145127884
10 0.4424406921669889 0.7805035325689557 0.03688799480421991 0.03713790145127884
18 0.45297935441980497 0.7753894466341062 0.0352162341605581 0.035520837748947896
29 0.42332470540854067 0.7962822999921508 0.04190327673520518 0.041989092558271324
24 0.4108411309029085 0.8068105722246693 0.046918558666190255 0.04684028366526398
24 0.39752167607544553 0.8180928126060225 0.04513753737886681 0.04366071996293304
29 0.3756248967423504 0.8400397344757213 0.03688799480421991 0.03713790145127884
10 0.3633598435240417 0.84744300670824 0.04190327673520518 0.041989092558271324
20 0.35227487805291696 0.8603695926430894 0.04012225544788164 0.03880952885594056
14 0.3390625 0.86640625 0.040625 0.0421875
25 0.33046875 0.878125 0.0234375 0.0375
18 0.325 0.890625 0.0125 0.034375
12 0.3234375 0.89765625 0.009375 0.0421875