21 0.26484375 0.11953125 0.5296875 0.2390625
16 0.846875 0.1109375 0.23125 0.221875
33 0.60390625 0.11953125 0.1484375 0.2390625
30 0.6671875 0.0484375 0.24375 0.096875
8 0.26484375 0.61953125 0.5296875 0.7609375
13 0.9453125 0.9390625 0.109375 0.121875
20 0.95078125 0.81171875 0.0984375 0.1421875
22 0.97734375 0.675 0.0453125 0.1375
18 0.96875 0.27109375 0.0625 0.0640625
16 0.9015625 0.27578125 0.11875 0.0734375
28 0.8478515243530247 0.3639608733131285 0.11969666558343128 0.14784227767481423
11 0.9164827475676633 0.4179514580668515 0.10760576866768634 0.17084326805616748
33 0.95234375 0.4984375 0.0953125 0.15
23 0.8530906290621327 0.5564484736759482 0.11848872158978577 0.16810021397248337
29 0.8935053490303606 0.6594841936388812 0.1148455243497292 0.13830358656782166
25 0.8764660791448582 0.784747088466738 0.10832278896022593 0.12246033175849824
19 0.8080006769541075 0.9003968811176769 0.1151728068171333 0.15705358656782167
31 0.7667286148586732 0.7121230656012474 0.1148455243497292 0.13830358656782166