28 0.2296875 0.19453125 0.459375 0.3890625
2 0.903125 0.18671875 0.19375 0.3734375
10 0.83125 0.2359375 0.3375 0.30625
31 0.7 0.2921875 0.346875 0.19375
24 0.30546875 0.828125 0.3078125 0.34375
21 0.0484375 0.84375 0.096875 0.3125
16 0.22656860782208116 0.6658255451919514 0.3409623850476402 0.34829061227390273
28 0.38671875 0.51328125 0.1453125 0.2484375
11 0.115625 0.553125 0.23125 0.328125
10 0.30078125 0.44765625 0.3171875 0.1171875
24 0.459375 1 1 1 1 0.573202115625 0.961473640625 0.5198526109375 0.8214022859375 0.438948003125 0.629522475 0.4418402046875 0.5053585953125 0.502558440625 0.459375 0.5434529953125 0.459375 1