13 0.225 0.21484375 0.45 0.4296875
20 0.725 0.21484375 0.55 0.4296875
35 0.13984375 0.521875 0.2796875 0.184375
27 0.3046875 0.54453125 0.290625 0.2296875
21 0.15234375 0.68671875 0.3046875 0.3734375
33 0.26015625 0.765625 0.3796875 0.36875
11 0.3609375 0.79609375 0.178125 0.4015625
23 0.2484375 0.9546875 0.390625 0.090625
30 0.875 0.46953125 0.19375 0.0796875
14 0.9609375 0.4875 0.078125 0.115625
32 0.8588512592561821 0.5467253847469509 0.19372662091177606 0.17243971602481709
18 0.9328125 0.60390625 0.134375 0.1828125
16 0.9515625 0.72109375 0.096875 0.1765625
28 0.89375 0.83828125 0.2125 0.1890625
11 0.8168688086101866 0.7870413020766783 0.24300473010335963 0.2104851560311804
27 0.7296865885289763 0.6468606500636335 0.19090200956072395 0.1770908533577261
17 0.5828125 0.5078125 0.196875 0.15625
35 0.5965527159191573 0.6015288740451797 0.21387843460686645 0.19453289202736243
26 0.509375 0.62421875 0.11875 0.1859375
21 0.6115793337486143 0.7330515940483614 0.22139054595791857 0.1899362986950896
33 0.6898254472591347 0.7808720233927244 0.21700343460686647 0.19456925469445316
22 0.50703125 0.83515625 0.1140625 0.1671875
29 0.54921875 0.92421875 0.1984375 0.1515625
23 0.6734375 0.92734375 0.19375 0.1453125