33 0.19453125 0.16953125 0.3890625 0.3390625
4 0.76875 0.3046875 0.184375 0.06875
5 0.71199470760058 0.24195693165798177 0.18225476114786474 0.15443950725639405
2 0.6454795609351043 0.12662954282057468 0.18403578243518837 0.157619070958725
4 0.57890625 0.04609375 0.2015625 0.0921875
1 0.3421875 0.584375 0.09375 0.178125
6 0.29609375 0.48359375 0.1859375 0.1828125
0 0.21875 0.40234375 0.20625 0.1265625
9 0.8640625 0.953125 0.15625 0.09375
2 0.827658276406229 0.8412897543459872 0.1583038089182917 0.12398811542376223
6 0.7907377945914593 0.7145263577040318 0.1749121547112475 0.1385962524470708
0 0.7467860627766896 0.5875174244015876 0.16677187278026223 0.13363593393541642
3 0.7069044719274126 0.4629886503549705 0.16989687278026225 0.13374506134007813
8 0.6703125 0.36875 0.165625 0.059375