8 0.159375 0.33984375 0.31875 0.6796875
18 0.9093799260820872 0.5133267265414545 0.031922709341181486 0.060363415152690794
18 0.9859375 0.4859375 0.028125 0.059375
18 0.325 0.59140625 0.0125 0.0609375
18 0.33203125 0.453125 0.0265625 0.0625
18 0.4741958567393148 0.4083377559190537 0.03036020934118149 0.060235869395056166
18 0.5667100734006787 0.3768642284983086 0.028779528007635946 0.058545823637421536
18 0.9670629673774525 0.23861351108920142 0.033521572008272396 0.06361596091032524
18 0.5636550620225899 0.047240501377125856 0.0255090773392725 0.045790732122152546
21 0.6296197007479053 0.48424603592487275 0.03357611600890866 0.06830346091032524
21 0.4088435767424965 0.42641833409840324 0.03036020934118149 0.060235869395056166
21 0.557389617401315 0.3807864539525013 0.03036020934118149 0.060235869395056166
21 0.7299544133911338 0.3199440330499348 0.0351204346753633 0.0668685066679597
30 0.9443976267106798 0.2359828476035007 0.04596702800763595 0.05994882697140147
29 0.8805736734165871 0.5195608800252157 0.036628390674726855 0.06230855242559432
29 0.3528037567631774 0.5740428910659254 0.03662839067472694 0.06230855242559432
29 0.45386627009067765 0.5393646153121703 0.03501134667409058 0.057493506667959694
29 0.528493552752996 0.5134555616786279 0.03819089067472685 0.06243609818322895
29 0.7368231260741329 0.44070294320165565 0.036628390674726855 0.06230855242559432
29 0.7523754007399512 0.435728400778001 0.041334072008272216 0.06425368969849785
29 0.8293737054025877 0.41235441578091053 0.03819089067472685 0.06243609818322895
29 0.32578125 0.45546875 0.0140625 0.0640625
29 0.9786635387094071 0.22941385427146047 0.03815452800763595 0.05931109818322886
29 0.41589191339113374 0.29430733576539314 0.03819089067472685 0.06243609818322895
29 0.5721942680219535 0.04325450304411582 0.0255090773392725 0.045790732122152546
29 0.5861840426877718 0.03815241486282663 0.025472714672181596 0.04266573212215254
24 0.7553742260900413 0.5592934465356356 0.052253390674726855 0.06358401000193972
24 0.37373387476126835 0.5617022587939917 0.047547709341181486 0.06163887272903601
24 0.7469782813892247 0.3072845363839146 0.04911020934118149 0.06176641848667046
24 0.3793095233927245 0.3030287604609816 0.047547709341181486 0.06163887272903601
24 0.5238674980505886 0.2500467659209934 0.047547709341181486 0.06163887272903601
32 0.5418164246896808 0.048579860770242365 0.041134077339272504 0.04706618969849789
11 0.6879134587444055 0.46324775183616784 0.05076361600890866 0.06970646424430527
11 0.7 0.01171875 0.034375 0.0234375
10 0.365625 0.671875 0.04375 0.015625
10 0.47890625 0.653125 0.0421875 0.053125
10 0.5051287780871778 0.5177923753141099 0.047547709341181486 0.06163887272903601
10 0.8767026913987698 0.38811956138876386 0.047547709341181486 0.06163887272903601
10 0.9575527020607699 0.36037694078575966 0.04596702800763595 0.05994882697140156
10 0.42665778540736027 0.4146038603112004 0.042842028007636035 0.0596937354561323
10 0.6692078173933609 0.3313759985021879 0.042842028007635945 0.05969373545613248
10 0.8044816987189523 0.2854412294163925 0.042842028007635945 0.05969373545613248
10 0.98828125 0.21640625 0.0234375 0.0609375
10 0.43605896272277017 0.28346543061464213 0.044404528007636036 0.05982128121376693
27 0.39860660542645027 0.5528054909161442 0.03811816534054513 0.05618609818322895
27 0.7982055214035422 0.41683475062821984 0.030214758672817865 0.04773586939505616
27 0.6180062073519992 0.022798352894334607 0.02699885200509069 0.039668277879787085
13 0.6180180347310424 0.3591982385002483 0.05706816000954511 0.07490414727484343
23 0.8571998080839961 0.5231164436606976 0.04596702800763595 0.05994882697140156
23 0.99140625 0.471875 0.0171875 0.059375
23 0.9077981500636334 0.37738922654145457 0.044404528007635946 0.059821281213767105
23 0.4911833620703149 0.39255325925303364 0.047547709341181486 0.06163887272903601
23 0.5844697380649061 0.3603622547111057 0.044349984006999674 0.05513378121376693
23 0.8347959073838158 0.2746471216902659 0.042842028007635945 0.05969373545613248
23 0.3296875 0.32421875 0.021875 0.0546875
23 0.46400214938731565 0.2701362542520638 0.04596702800763604 0.05994882697140156
22 0.4046875 0.6625 0.059375 0.034375
22 0.718046948758723 0.5710760983524067 0.0616829346753633 0.06903678454774695
22 0.7919111627545868 0.5466657718400472 0.060102253341817756 0.06734673879011233
22 0.98203125 0.35 0.0359375 0.0625
14 0.4390625 0.659375 0.04375 0.040625
14 0.8292293494191323 0.534101870023276 0.04911020934118149 0.06176641848667064
14 0.5750958327498144 0.49384443440766396 0.044349984006999674 0.05513378121376711
14 0.6030844727482235 0.48442150804508566 0.047547709341181486 0.06163887272903601
14 0.7134674420750875 0.44582100683713766 0.047547709341181486 0.06163887272903601
14 0.5993289326861809 0.027517803802720175 0.03642839600572696 0.04512105242559432
14 0.67734375 0.01171875 0.0328125 0.0234375
28 0.5234375 0.64375 0.05625 0.071875
18 0.5471082874363135 0.6375148150126078 0.031922709341181486 0.060363415152690794
23 0.5719901087682681 0.6293992971347604 0.05861247867599957 0.07346919303247787
16 0.6101168174331317 0.6192429181968064 0.058630660009544935 0.07503169303247788
21 0.6435105727641319 0.604797651985949 0.049219297342454206 0.07114141848667047
14 0.6730526220957683 0.5947210213810052 0.05234429734245403 0.07139651000193972
23 0.9264037940801781 0.5006672298754344 0.044404528007635946 0.059821281213767105
12 0.9668106180776327 0.4852334195739324 0.044349984006999674 0.05513378121376711
17 0.47954752275617774 0.5328753703131401 0.04920111600890866 0.06957891848667064
17 0.8519481394016332 0.4071725792666113 0.05399770401018138 0.07933655575957417
17 0.7812805560550429 0.3038405430518745 0.049219297342454206 0.07114141848667047
28 0.33515625 0.5765625 0.0328125 0.053125
28 0.6419560687459963 0.47120390198594897 0.042769302673454135 0.05344373545613248
28 0.34659811541213276 0.4431915037930219 0.041206802673454224 0.05331618969849785
28 0.641991336728179 0.3400814477435835 0.042842028007635945 0.05969373545613248
28 0.8736584127148159 0.2606482656311293 0.042842028007635945 0.05969373545613248
34 0.41639354209099577 0.5386472671289414 0.04920111600890866 0.06957891848667064
34 0.4483418814051331 0.39998325091808395 0.049219297342454116 0.07114141848667047
34 0.6932174820575883 0.3153842077455232 0.052362478675999566 0.07295901000193972
14 0.7748862000715876 0.4250778142637017 0.047547709341181486 0.06163887272903601
15 0.5588713960852688 0.5081302039525013 0.036628390674726855 0.06230855242559432
19 0.9381214493952699 0.36737636881532804 0.03993520401018138 0.0781886439408634
25 0.3830259640754056 0.42118882909743344 0.05548747867599957 0.07321410151720861
16 0.5183180267345423 0.37681656001163794 0.05548747867599957 0.07321410151720861
16 0.9124300113780889 0.23883690957199272 0.05076361600890866 0.06970646424430509
16 0.34735099872690633 0.3066640724294736 0.05234429734245412 0.07139651000193972
16 0.4911640860518613 0.25674330501066817 0.05234429734245412 0.07139651000193972
1 0.35298173870145294 0.11980180121764632 0.025509077339272455 0.045790732122152546
1 0.44859368336249866 0.08623961531217024 0.0255090773392725 0.045790732122152546
2 0.33586696403563476 0.12464879788366642 0.03333975867281791 0.047990960910325245
0 0.32578125 0.1328125 0.0140625 0.053125
0 0.3895186753659985 0.1071741265220579 0.041206802673454224 0.05331618969849794
6 0.4143823153644076 0.09749610864421046 0.041206802673454224 0.05331618969849785
7 0.4672527766947715 0.07995766440378467 0.038063621339908774 0.05149859818322886
29 0.5224669880251352 0.06261053879981064 0.039607940006363404 0.0500636439408634
32 0.6546875 0.0203125 0.05 0.040625
10 0.734375 0.0078125 0.040625 0.015625
26 0.159375 0.83984375 0.31875 0.3203125