33 0.16484375 0.4046875 0.3296875 0.809375
35 0.459375 0.04296875 0.259375 0.0859375
10 0.41484375 0.19453125 0.1703125 0.3203125
29 0.453125 0.3703125 0.246875 0.26875
23 0.60703125 0.12734375 0.3015625 0.2546875
13 0.41328125 0.64765625 0.1671875 0.3015625
20 0.58046875 0.6609375 0.2921875 0.296875
26 0.6643796882006858 0.4029259536109529 0.3217461648628266 0.3930920612921568
16 0.8312650728885156 0.16756540965618266 0.28673369395056164 0.3075710553606578
34 0.84296875 0.49140625 0.3140625 0.3421875
21 0.16484375 0.9046875 0.3296875 0.190625
10 0.62421875 0.83984375 0.4921875 0.0609375