24 0 0 0 0.3 0.46335610781250003 0.3 0.49291142656250003 0.260891190625 0.5272515984374999 0.07387443906249999 0.5106438578125 0 0 0
32 0.775 0.15 0.45 0.3
1 0.02586040851743996 0.5685553707592177 0.03134508838228234 0.023257717535011223
1 0.05998787739855338 0.628531838294229 0.03134508838228243 0.023257717535011223
2 0.0109375 0.31015625 0.021875 0.0203125
8 0.034016450633988705 0.583726606491194 0.03482528589277134 0.02809076674922295
3 0.04301294233561901 0.5997154795267233 0.03482528589277152 0.02809076674922295
3 0.06892516951510216 0.6437394613297582 0.03482528589277152 0.02809076674922295
3 0.14746272137991312 0.5500858147205804 0.03158188672260849 0.026382717535011223
9 0.05279068403724914 0.6157407398658055 0.03482528589277152 0.02809076674922295
9 0.07786246163165078 0.6589470843652876 0.03302598755244546 0.024892992142117265
5 0.08781780208852563 0.6773160947043697 0.03302598755244546 0.024892992142117265
5 0.13846622967828282 0.5340969416850511 0.03158188672260849 0.026382717535011223
1 0.4997859284381718 0.7408779044625515 0.03134508838228243 0.023257717535011223
1 0.5052430230442315 0.7512524782838691 0.029782588382282427 0.023184942927905537
1 0.56484375 0.53203125 0.0296875 0.0234375
1 0.5990503773985534 0.5925943382942289 0.03134508838228243 0.023257717535011223
8 0.5730789506339887 0.5477891064911941 0.03482528589277134 0.02809076674922295
3 0.582075442335619 0.5637779795267234 0.03482528589277152 0.02809076674922295
3 0.6079876695151022 0.6078019613297583 0.03482528589277152 0.02809076674922295
3 0.6865252213799131 0.5141483147205804 0.03158188672260849 0.026382717535011223
9 0.5918531840372492 0.5798032398658055 0.03482528589277152 0.02809076674922295
9 0.6169249616316508 0.6230095843652876 0.03302598755244546 0.024892992142117265
5 0.6268803020885256 0.6413785947043698 0.03302598755244546 0.024892992142117265
5 0.6775287296782828 0.4981594416850511 0.03158188672260849 0.026382717535011223