19 0.13671875 0.3046875 0.2734375 0.609375
1 0.91796875 0.3265625 0.1640625 0.565625
1 0.815625 0.33671875 0.190625 0.5453125
3 0.46484375 0.35390625 0.1515625 0.5109375
3 0.4234375 0.36328125 0.06875 0.4921875
5 0.72734375 0.32578125 0.2171875 0.5671875
7 0.640625 0.3484375 0.215625 0.521875
6 0.52109375 0.34453125 0.2203125 0.5296875
8 0.95546875 0.3265625 0.0890625 0.565625
35 0.25703125 0.8046875 0.2640625 0.390625
18 0.9815352645127883 0.678955028588438 0.016989092558271322 0.03942617591180557
21 0.8798189970895931 0.6945417013661116 0.010684528855940557 0.03771820554708327
18 0.8961434015360968 0.6925798110735074 0.012247028855940556 0.037754573138263935
18 0.7266766389222251 0.7128344936348266 0.012247028855940556 0.037754573138263935
21 0.8875769333872622 0.6931610393220143 0.010684528855940557 0.03771820554708327
21 0.7515947933687288 0.7110726250937157 0.010575401451278842 0.03459320554708336
11 0.7912202885594054 0.7057499986688198 0.01844246515360979 0.036337543502986146
17 0.8518576881965856 0.6985745847248616 0.023239092558271324 0.03957164627652778
23 0.9669097693221117 0.6848595364722228 0.022857146641955418 0.028634146276527783
10 0.7408482663268868 0.7162868019554518 0.01822421034428636 0.030087543502986147
14 0.7750868570710597 0.7131806389614239 0.021349210344286364 0.030160278685347208
27 0.7603249526245559 0.7151788968452087 0.013427582939624472 0.02685344072944442
23 0.7136954892850448 0.721119119109792 0.016552582939624562 0.026926175911805572
32 0.9109871515360968 0.6929253031897227 0.02921627404661713 0.031904616641249994
12 0.8698537200477512 0.699774062023438 0.021349210344286364 0.030160278685347208
10 0.99140625 0.6828125 0.0171875 0.034375
22 0.8147123522617363 0.7078580125365281 0.03234127404661713 0.031977351823611146
10 0.8363963793035782 0.702898408813056 0.021349210344286364 0.030160278685347208
17 0.6763616695922642 0.7920667455346878 0.023239092558271324 0.03957164627652787
17 0.7167684147829407 0.7867623029053823 0.01844246515360961 0.036337543502986056
17 0.5085665343830541 0.8154827956871877 0.020114092558271412 0.03949891109416655
18 0.704350260336437 0.7888151121759378 0.012247028855940556 0.037754573138263935
29 0.6538963925504222 0.7970081654625696 0.01844246515360961 0.036337543502986236
21 0.45727685289470843 0.8220951651782293 0.012247028855940556 0.037754573138263935
11 0.851242618503805 0.7703768495425004 0.023239092558271324 0.03957164627652787
17 0.6398611744015876 0.7974621071419448 0.020114092558271325 0.03949891109416655
17 0.5792237747644073 0.8046375210859029 0.020114092558271325 0.03949891109416655
13 0.5466840932760616 0.8116863016711113 0.023348219962933126 0.042696646276527875
13 0.976259976671173 0.7514294406325353 0.023239092558271324 0.03957164627652787
18 0.9047942044386545 0.7614752814382296 0.016989092558271322 0.03942617591180557
29 0.5233284388295578 0.8134845378034029 0.020114092558271412 0.03949891109416672
29 0.9141692044386545 0.7616934869853129 0.020114092558271325 0.03949891109416672
29 0.7820933144201211 0.7796959917349657 0.015317465153609789 0.03626480832062491
29 0.7697024418247829 0.7825300510055212 0.016989092558271322 0.03942617591180557
27 0.8194841870154594 0.777443813923299 0.015099210344286362 0.03001480832062491
30 0.9430481725874891 0.7615850374221533 0.021458337748947898 0.03328527868534721
32 0.7371354784852716 0.7887975815907294 0.027762901451278844 0.03499324905006951
12 0.6936310151457604 0.7948105390376738 0.018224210344286184 0.030087543502986237
12 0.46754223029937014 0.8254565545209029 0.021349210344286274 0.030160278685347208
27 0.8078472825689555 0.7795148069894449 0.01822421034428636 0.030087543502986237
14 0.49243310289470843 0.8229134359797918 0.02452877404661713 0.03179551386770836
14 0.99140625 0.75390625 0.0171875 0.0328125
28 0.9267237681409852 0.7635469277147575 0.01822421034428636 0.030087543502986237
14 0.7938666281224519 0.7815312486688197 0.024637901451278844 0.03492051386770818
14 0.623727742913242 0.8048927474345489 0.021567465153609612 0.03641027868534721
27 0.4124008625133553 0.8335405050339931 0.015099210344286273 0.030014808320625086
10 0.8342733733131285 0.7762268060395143 0.02156746515360979 0.03641027868534721
10 0.5654340932760615 0.812122712765278 0.0215674651536097 0.03641027868534721
10 0.42794401695985906 0.8315604309457987 0.0184424651536097 0.036337543502986056
19 0.9585913270339927 0.7596049633339589 0.01720734736759475 0.045676175911805575
14 0.8777778366526396 0.7702138485925699 0.021458337748947898 0.03328527868534721
14 0.4450496714063627 0.8296167244487848 0.021458337748947988 0.03328527868534721
12 0.8941022410991433 0.7682519582999656 0.01822421034428636 0.030087543502986237
34 0.6084028432760615 0.8131228215227433 0.02323909255827141 0.03957164627652787
12 0.8026984802993702 0.8332574028291322 0.02954365626060227 0.041279616641249996
17 0.7847570121505356 0.8336204255305558 0.023239092558271324 0.03957164627652787
13 0.99296875 0.80546875 0.0140625 0.0390625
17 0.676763462876175 0.8482803779435072 0.020114092558271412 0.03949891109416655
20 0.734384989918017 0.8441572288171878 0.020114092558271325 0.03949891109416672
18 0.5532267591553107 0.8649204044446529 0.012247028855940556 0.037754573138263935
13 0.5400000728576415 0.8661737799196182 0.02323909255827141 0.03957164627652787
18 0.9758805199550838 0.8076248892457645 0.012247028855940556 0.037754573138263935
28 0.7110293354715133 0.8459554649494795 0.020114092558271412 0.03949891109416672
27 0.601555131750649 0.8629227997712501 0.01827877404661713 0.03165004350298606
23 0.9628175247644073 0.8135657647207296 0.021349210344286364 0.030160278685347208
23 0.8626637573412121 0.8291888050895837 0.01822421034428636 0.030087543502986237
27 0.9395164340202344 0.8169265008530214 0.015099210344286362 0.03001480832062491
14 0.9255357795737307 0.8189429425323963 0.02140377404661713 0.03172277868534721
12 0.7515452080668515 0.8437760223201739 0.0183333377489479 0.03321254350298623
30 0.6622198132389947 0.8565286358272919 0.018224210344286274 0.030087543502986057
22 0.6396181269413256 0.8575638057551739 0.032395837748947984 0.03353985182361115
24 0.8782069117877158 0.8272087310013893 0.021349210344286364 0.030160278685347208
28 0.9116096888295578 0.8225218842117712 0.02156746515360979 0.03641027868534721
28 0.8462847891923776 0.829588195382188 0.01827877404661713 0.03165004350298624
30 0.7678150488110245 0.8402516320275698 0.018224210344286184 0.030087543502986237
12 0.6940055265785059 0.8502429214464934 0.02140377404661713 0.03172277868534721
14 0.6179340998994836 0.862523409478646 0.021458337748947988 0.03328527868534721
28 0.5806250728576415 0.8671193372903128 0.018333337748947985 0.03321254350298623
14 0.8308234802993703 0.8339120194703824 0.027762901451278844 0.03499324905006951
10 0.5666444184111379 0.8691357789696876 0.021458337748947988 0.03328527868534721
25 0.8961756617877159 0.8276269582999657 0.023239092558271324 0.03957164627652787
29 0.9499107861971527 0.8686890226045143 0.02954365626060209 0.04127961664125017
14 0.8815427321134687 0.8780263485925699 0.023239092558271324 0.03957164627652787
24 0.831815550625123 0.884675085674792 0.02954365626060227 0.041279616641249996
11 0.9134102910064762 0.8740843842117713 0.02156746515360979 0.03641027868534721
32 0.8077332098809501 0.8880176380114934 0.03423115626060227 0.04138871941479181
17 0.9890625 0.8625 0.021875 0.040625
21 0.8955233865599723 0.8760099069131948 0.02156746515360979 0.03641027868534721
23 0.8535814232204613 0.88205923195132 0.023239092558271324 0.03957164627652787
14 0.9732118769413255 0.8653282864722227 0.023239092558271324 0.03957164627652787
10 0.9335863817506489 0.8706509128971185 0.027872028855940555 0.03811824905006951
21 0.93984375 0.98203125 0.0109375 0.0359375
17 0.9864063361044855 0.9749214920193061 0.023239092558271324 0.03957164627652787
18 0.77734375 0.99296875 0.0109375 0.0140625
21 0.78359375 0.99140625 0.0109375 0.0171875
13 0.928125 0.98203125 0.021875 0.0359375
21 0.7109375 0.99609375 0.0125 0.0078125
27 0.86484375 0.9859375 0.0265625 0.028125
11 0.79765625 0.990625 0.0234375 0.01875
12 0.765625 0.996875 0.01875 0.00625
29 0.88984375 0.9859375 0.0203125 0.028125
23 0.9125 0.98671875 0.021875 0.0265625
24 0.9718899683184705 0.9839509999030908 0.021349210344286364 0.030160278685347208
28 0.99765625 0.97890625 0.0046875 0.0296875
30 0.95390625 0.98515625 0.0203125 0.0296875
14 0.85 0.990625 0.01875 0.01875
30 0.81484375 0.99375 0.0203125 0.0125
25 0.834375 0.9921875 0.01875 0.015625