24 0 0 0 0.2488199625 0.014275978125 0.2658991578125 0.10983955000000001 0.34017752031250004 0.2545028484375 0.3954526953125 0.4326524015625 0.40597772968749996 0.506207853125 0.381483121875 0.564149834375 0.33124155625 0.5985774765625 0.2463897265625 0.5790169578125 0.043352365625 0.555295971875 0 0 0
35 0.81484375 0.22265625 0.3703125 0.4453125
1 0.11103167653175623 0.87734375 0.06256338606495562 0.115625
1 0.16194047228939076 0.87890625 0.07021638939893551 0.1328125
1 0.2976547027445534 0.8953125 0.06243584030732112 0.1140625
1 0.10613752713088107 0.69296875 0.07308629788366643 0.1296875
1 0.3012267575860437 0.709375 0.0736284318225902 0.1171875
1 0.4868605950184269 0.92578125 0.06878143515657005 0.134375
1 0.48998623970819627 0.734375 0.0732457945496865 0.1125
2 0.3532190475938023 0.915625 0.08587334030732112 0.1140625
3 0.5485793450184268 0.92578125 0.08313097758022465 0.11875
6 0.15964516440378468 0.69765625 0.08472542848861027 0.1
7 0.35505325925303366 0.71796875 0.07404302000387926 0.103125
8 0.5533790600116381 0.7453125 0.08415134364130097 0.13125
2 0.1203125 0.5203125 0.0875 0.0625
1 0.17734375 0.5234375 0.0578125 0.06875
2 0.3 0.53359375 0.08125 0.0890625
2 0.36796875 0.534375 0.0890625 0.090625
2 0.49453125 0.53984375 0.0765625 0.1015625
3 0.5623720674285038 0.54921875 0.09017820303441741 0.109375
13 0.81484375 0.7296875 0.3703125 0.48125