24 0 0 0 0.6390625 0.1899517828125 0.6390625 0.20960121874999998 0.6265365875 0.299624590625 0.5163533953125 0.34959636562499996 0.39267869218749996 0.3703649578125 0.2608395140625 0.362805615625 0.183021059375 0.3026487515625 0.042321715625 0.25695643125 0 0 0
3 0.691383014754161 0.3566359550566466 0.049355143815484226 0.0596588428896375
11 0.446875 0.8421875 0.065625 0.26875
24 0.20546875 0.96484375 0.3640625 0.0703125
16 0.24765625 0.8515625 0.4140625 0.296875
17 0.17109375 0.70234375 0.3421875 0.1265625
21 0.06640625 0.78515625 0.1328125 0.2921875
33 0.60390625 0.95234375 0.2484375 0.0953125
16 0.8140625 0.9125 0.371875 0.175
14 0.9546875 0.85625 0.090625 0.2875
30 0.809375 0.746875 0.38125 0.215625
12 0.59140625 0.8 0.2234375 0.321875