16 0.21953125 0.225 0.4390625 0.45
23 0.71953125 0.225 0.5609375 0.45
0 0.3140625 0.4875 0.1875 0.075
2 0.228125 0.53515625 0.190625 0.1703125
2 0.1439812098587657 0.6248605837486143 0.20810018430531088 0.1970914528054637
7 0.07578125 0.7140625 0.1515625 0.190625
9 0.03359375 0.803125 0.0671875 0.190625
0 0.88828125 0.48515625 0.1921875 0.0703125
4 0.8764960594746528 0.5558194895164255 0.19338258706427283 0.18369028685861988
6 0.8642560883074681 0.6812397941122172 0.21138895861557022 0.2004167119047624
4 0.8458070607178483 0.8078418669066064 0.2049751843053107 0.19689119370616517
5 0.8296875 0.91640625 0.20625 0.1671875