34 0.16484375 0.209375 0.3296875 0.41875
7 0.36015625 0.3046875 0.0609375 0.203125
0 0.8375 0.1359375 0.325 0.271875
27 0.16484375 0.709375 0.3296875 0.58125
2 0.9859375 0.746875 0.028125 0.109375
3 0.98125 0.59921875 0.0375 0.1015625
5 0.9087366570653099 0.9131672382354677 0.12537392126547414 0.1130921095770768
6 0.8917418461876915 0.768195657472347 0.11742505357072233 0.10514324188232518
7 0.880202148540598 0.6239098693229 0.12375687418757338 0.10993983603812651
9 0.760766761367381 0.9337133376662748 0.12372960064862326 0.10837733603812652
1 0.7455702297107558 0.8199508465947286 0.11408186525911965 0.09258869480442442
0 0.7434543506519183 0.7621928936726293 0.12055005357072232 0.10519778896022584
0 0.7315328234595201 0.6397821055231823 0.12375687418757338 0.10993983603812651
2 0.61015625 0.94609375 0.1203125 0.1078125
3 0.5934583047918337 0.8093287666423867 0.11421823295387146 0.10040119480442442
4 0.5828225880700166 0.6579980917234647 0.12863528896022594 0.12095915665497756
6 0.465625 0.9578125 0.121875 0.084375
7 0.45253329586338 0.8289708851479173 0.12392051542127547 0.11931483603812651
8 0.43477087175523677 0.6832316911542717 0.12383869480442451 0.11462733603812651
0 0.35390625 0.9546875 0.0484375 0.090625