19 0.234375 0.209375 0.46875 0.41875
7 0.93359375 0.15078125 0.1328125 0.1859375
8 0.85078125 0.08515625 0.1796875 0.1703125
9 0.74296875 0.046875 0.1734375 0.09375
15 0.234375 0.709375 0.46875 0.58125
22 0.80625 0.5 0.23125 0.1625
23 0.67109375 0.49921875 0.2359375 0.1609375
24 0.55625 0.4734375 0.175 0.109375
31 0.51640625 0.55390625 0.0953125 0.2078125
30 0.5931090417414677 0.5832106732822352 0.22481360174504025 0.21072321032569957
29 0.732881735925269 0.6014663915710298 0.2012996920901143 0.18601163666229378
28 0.881832688154842 0.6397083861681836 0.20809599530842302 0.1941881577089811
34 0.7393934519005969 0.7613496257860142 0.18534691015912905 0.18041408404557516
35 0.5996753880386264 0.7438751574972196 0.2513432507563046 0.23405429451244936