11 0.11285578437499999 0 0 0.19442721875 0 0.65 0.33461045624999997 0.65 0.3904372546875 0.55382195 0.40281604687500006 0.50122198125 0.35769334375 0.3913159 0.480645678125 0.382774525 0.5646721046875001 0.3161989984375 0.609375 0.2282074546875 0.609375 0.068647815625 0.55325145 0 0.11285578437499999 0
10 0.68046875 0.55234375 0.1421875 0.1953125
22 0.828125 0.6 0.24375 0.1
24 0.68359375 0.45234375 0.1484375 0.2265625
23 0.83046875 0.51953125 0.3328125 0.2609375
33 0.94140625 0.571875 0.1171875 0.15625
18 0.93203125 0.44296875 0.1359375 0.2640625
34 0.88046875 0.41640625 0.2390625 0.2390625
25 0.68046875 0.26875 0.1421875 0.265625
30 0.8345222484181203 0.2536212705836075 0.3163907191310198 0.2778688769810998
29 0.703125 0.17421875 0.1875 0.2296875
28 0.9 0.128125 0.2 0.25625
13 0.7483213975590377 0.36956487710178604 0.26450731456303556 0.2378499127367947
23 0.3046875 0.825 0.609375 0.35
6 0.821875 0.7296875 0.2875 0.159375
7 0.91328125 0.78984375 0.1734375 0.2796875