14 0.01935328125 0 0.043413082812499997 0.294954640625 0.0595019859375 0.2937346265625 0.055562010937499996 0.24543354687500002 0.65 0.20035765468750003 0.65 0.0992520375 0.5223046765625 0.112841025 0.457292403125 0.1096708953125 0.450725775 0.029169096875 0.475609203125 0 0.384508890625 0 0.4172346453125 0.0155087609375 0.43660686093749995 0.0545396484375 0.43381571250000006 0.11955109374999999 0.055726507812500006 0.1482213828125 0.0398021015625 0.0522292296875 0.053264353125 0.018808498437499998 0.072532221875 0 0.01935328125 0
2 0.67578125 0.36484375 0.0515625 0.1203125
9 0.67109375 0.23359375 0.0421875 0.1078125
1 0.66875 0.1046875 0.0375 0.1125
17 0.5671875 0.9140625 0.165625 0.171875
14 0.5609375 0.74765625 0.178125 0.1984375
21 0.5578125 0.60078125 0.184375 0.1953125
7 0.2140625 0.9765625 0.40625 0.046875
15 0.2088909554765761 0.8871169720831252 0.3912510355889943 0.18665255334804093
31 0.19453125 0.71484375 0.3890625 0.1984375
30 0.18828125 0.5515625 0.3765625 0.184375
2 0.9166875735379033 0.9202913068626977 0.16089769072219048 0.12133996071058561
3 0.9135691852106209 0.7855160465236153 0.14795202174882985 0.10982026385373889
3 0.9080115463890472 0.6529753742738744 0.1527668557412186 0.11316358767505648
0 0.9047339905712788 0.5221063639347922 0.1381950197716634 0.10000861621110371