10 0.16015625 0.275 0.2984375 0.55
18 0.61247360625 0 0.47612957656250005 0.508167703125 0.48521152343749996 0.5234775734375 0.5651975203124999 0.5079517499999999 0.7015891640625 0 0.61247360625 0
30 0.1546875 0.85703125 0.309375 0.2859375
22 0.4410185113991664 0.6593557775201464 0.2526197729857641 0.18113286709365922
25 0.86312990074184 0.6467451305686497 0.23488675911805573 0.1575953731437835
11 0.96875 0.70078125 0.0625 0.2015625
13 0.96796875 0.90234375 0.0640625 0.1953125
21 0.8578125 0.91796875 0.284375 0.1640625
10 0.8487556633752774 0.7944650130822071 0.26842661094166687 0.18903627068445542
29 0.6444695132990275 0.7112899404807166 0.21617312670923622 0.15904878883482798
12 0.41015625 0.9515625 0.2015625 0.096875
20 0.5901060555677426 0.8654916271508043 0.3061811840799308 0.20019193930236626
17 0.44453125 0.8046875 0.2703125 0.25