28 0.175 0.2046875 0.35 0.409375
34 0.975 0.4 0.028125 0.01875
34 0.9429552125330126 0.23223434337988175 0.02682010523343692 0.033144386722608485
34 0.8858861651779659 0.21390947325401283 0.02507559471009326 0.029900987552445458
10 0.8880996545134477 0.3587483765733609 0.026547089448421345 0.028456886722608488
10 0.9352113309912162 0.19275744628431113 0.024802578925077867 0.025213487552445457
10 0.9380717495058898 0.09497114172020779 0.02663809471009344 0.03001938672260849
10 0.8768381178935064 0.12533222532860533 0.026547089448421345 0.02845688672260831
10 0.8443364310335687 0.14153664317010026 0.026547089448421345 0.028456886722608488
10 0.6190318651214961 0.2528014168158098 0.026638094710093263 0.03001938672260849
10 0.5290662887566672 0.2973191661911098 0.026547089448421345 0.028456886722608488
10 0.364259607087814 0.37894490664334024 0.026547089448421435 0.028456886722608488
23 0.9464357992800109 0.3320567446246372 0.024802578925077867 0.025213487552445457
23 0.9018891387284323 0.355126469104828 0.024802578925077867 0.025213487552445457
23 0.8512289860693615 0.38006634690436664 0.02158657366340595 0.023414189212119397
23 0.7141539202984634 0.3502343691001837 0.021586573663405773 0.023414189212119397
23 0.7294086520237862 0.19816330623771047 0.02158657366340595 0.023414189212119397
23 0.6811377519955514 0.22406203279249368 0.021586573663405773 0.023414189212119397
23 0.6054243914298555 0.2595483242843425 0.021586573663405773 0.023414189212119397
23 0.4384559702843459 0.34412146598132837 0.026547089448421435 0.028456886722608488
32 0.68997296765351 0.3624024823775752 0.03307010523343692 0.03361798340326061
29 0.99296875 0.4 0.0140625 0.01875
29 0.9374248203266984 0.33759634960365903 0.02011507892507769 0.024858290041956367
29 0.8315164545699176 0.295347804787818 0.02011507892507769 0.024858290041956367
29 0.58984375 0.4046875 0.0203125 0.009375
29 0.9573215494211851 0.18509923425167507 0.021768584186749252 0.026539189212119396
29 0.9255101072995755 0.19980035167825144 0.020115078925077867 0.024858290041956367
29 0.8247974757577794 0.15327870395798104 0.020115078925077867 0.024858290041956367
29 0.711386694117161 0.20924251619575412 0.02011507892507769 0.024858290041956367
29 0.6517155625047777 0.23972199897431476 0.021768584186749606 0.026539189212119396
29 0.581334444046574 0.2732789375617342 0.020115078925077867 0.024858290041956367
29 0.5087915861117138 0.30978327739390893 0.021768584186749606 0.026539189212119396
29 0.4211242571160489 0.3536973755244535 0.021768584186749606 0.026539189212119396
17 0.9533782310900383 0.0906863834218381 0.023422089448421345 0.028220088382282425
17 0.5732412229857691 0.2812214921258375 0.02682010523343692 0.033144386722608485
17 0.4122042834244081 0.3607994805034753 0.02682010523343692 0.033144386722608485
18 0.958018041387503 0.33060098840085994 0.018734589448421345 0.027864890871793335
18 0.861157722915182 0.3769296915104263 0.018734589448421345 0.027864890871793335
18 0.6811439992235411 0.371067087356597 0.02360409997176518 0.03134508838228243
18 0.8196927468044667 0.15911430686241043 0.018734589448421345 0.027864890871793335
18 0.6943279967338796 0.22350592573887945 0.016990078925077867 0.024621491701630305
18 0.5029056071584013 0.3155596807132569 0.02360409997176518 0.03134508838228225
20 0.8392295150085566 0.38771290354306237 0.02838260523343692 0.03326278589277152
20 0.9921875 0.1640625 0.015625 0.028125
20 0.6700105361964184 0.23333028901627104 0.02682010523343692 0.03314438672260831
16 0.8786875861823009 0.2639211286479533 0.028473610495108836 0.03482528589277152
16 0.8987578915004425 0.20788461620039858 0.02829159997176518 0.03170028589277152
28 0.8269570281627363 0.3906719601817583 0.024984589448421347 0.028338487552445456
28 0.6695617571160489 0.3725228435803743 0.023331084186749607 0.026657588382282427
28 0.9654602731128259 0.17793792968757155 0.023331084186749607 0.026657588382282427
28 0.7747820652062007 0.17593403134260122 0.021586573663405773 0.023414189212119397
28 0.37483308604112664 0.37352370083448144 0.023331084186749607 0.026657588382282427
21 0.98828125 0.403125 0.0171875 0.0125
21 0.8815689334526431 0.36680933030762725 0.01699007892507769 0.024621491701630305
21 0.8686972071301664 0.37283418736124146 0.016990078925077867 0.024621491701630305
21 0.8739923809065117 0.2767879815523827 0.015336573663405772 0.022940592531467276
21 0.9306687731834131 0.10141039586939264 0.016990078925077867 0.024621491701630305
21 0.8704894073560453 0.13651817906287178 0.016990078925077867 0.024621491701630305
21 0.8626769073560453 0.13592618321205663 0.015336573663405772 0.022940592531467276
21 0.7998807757436619 0.16616886765029104 0.016990078925077867 0.024621491701630305
21 0.6979612309488641 0.21911442366428702 0.016990078925077867 0.024621491701630305
21 0.48235788872843227 0.32333629191605606 0.01699007892507769 0.024621491701630305
24 0.9819714808782768 0.31452662512346824 0.026547089448421345 0.028456886722608488
24 0.9092095440889262 0.25378911205121374 0.026547089448421345 0.028456886722608488
24 0.8933038230281214 0.2611396707645019 0.026547089448421345 0.028456886722608488
24 0.7814555413875031 0.3172218821724382 0.026547089448421345 0.028456886722608488
24 0.7262443966209401 0.3441503124614879 0.023331084186749607 0.026657588382282427
24 0.6400485623636033 0.3866203097621955 0.023331084186749607 0.026657588382282427
24 0.99609375 0.0609375 0.0078125 0.028125
24 0.9049253205384599 0.1134601099766213 0.026547089448421345 0.028456886722608488
24 0.7431526336079348 0.19376014876917774 0.023331084186749607 0.026657588382282427
24 0.6387073282897932 0.243403106027929 0.023331084186749607 0.026657588382282427
24 0.5934249203690506 0.2671948809230383 0.026547089448421345 0.028456886722608488
24 0.4527536887143149 0.33587125809787716 0.026547089448421435 0.028456886722608488
2 0.6435258179782111 0.018983446484803858 0.02682010523343692 0.033144386722608485
2 0.6019676495341246 0.0399462193053207 0.028473610495108836 0.03482528589277152
2 0.5724999574125149 0.05482493548714169 0.02682010523343692 0.03314438672260831
0 0.6291825969174061 0.026452404368255068 0.023422089448421345 0.028220088382282425
0 0.5876244284733199 0.047415177188771904 0.023422089448421345 0.028220088382282425
0 0.5581112337208742 0.06151264337059299 0.02682010523343692 0.033144386722608485
14 0.9244165861117137 0.34127745665727327 0.026547089448421345 0.028456886722608488
14 0.790625 0.4015625 0.025 0.015625
14 0.98984375 0.2109375 0.0203125 0.028125
14 0.8608476387990194 0.2781253386059969 0.026547089448421345 0.028456886722608488
14 0.984399988911959 0.16926166931460945 0.026547089448421702 0.02845688672260831
14 0.9140643730845911 0.2035998579020289 0.026547089448421345 0.028456886722608488
14 0.9820191705808121 0.0749672176549355 0.026547089448421345 0.028456886722608488
14 0.7900430441595134 0.17086802304423152 0.026547089448421345 0.028456886722608488
14 0.5562812361399487 0.2838253512540442 0.026547089448421345 0.028456886722608488
14 0.472383649251776 0.32569169730999636 0.023331084186749607 0.026657588382282427
14 0.3953353018402596 0.36496583963168217 0.026547089448421435 0.028456886722608488
25 0.803125 0.39609375 0.028125 0.0265625
27 0.99453125 0.30625 0.0109375 0.021875
27 0.913198365050909 0.3489832128810507 0.018370568401734032 0.021614890871793337
27 0.7796875 0.40625 0.01875 0.00625
27 0.9458303125753649 0.18811749047545234 0.020115078925077867 0.024858290041956367
27 0.9707099442583355 0.08111047387871277 0.018370568401734032 0.021614890871793337
27 0.8346352073419279 0.14857954856404065 0.018370568401734032 0.021614890871793337
27 0.5450630150791438 0.29153110747782157 0.020115078925077867 0.024858290041956367
27 0.5178480676958623 0.3050249224148871 0.018370568401734032 0.021614890871793337
31 0.99140625 0.06796875 0.0171875 0.0265625
28 0.996875 0.396875 0.00625 0.025
13 0.996875 0.2078125 0.00625 0.034375
13 0.9811986651779658 0.2211318226339573 0.02663809471009344 0.03001938672260849
13 0.6576077886860799 0.3809506502190702 0.025075594710093442 0.029900987552445458
13 0.7592403651920833 0.1895345900558894 0.02682010523343692 0.033144386722608485
22 0.7640328229575342 0.3252352917155633 0.03307010523343692 0.03361798340326061
22 0.742885865050909 0.3360777033332811 0.03141659997176518 0.03193708423309758
22 0.625 0.39296875 0.034375 0.0328125
22 0.35703125 0.38828125 0.0140625 0.0328125
11 0.9608784599021767 0.23281468383675658 0.02663809471009344 0.03001938672260849
15 0.9715345098174719 0.3222915809323272 0.02516659997176518 0.031463487552445456
15 0.9240470468609365 0.10790884960365901 0.02360409997176518 0.03134508838228243
15 0.892880346846819 0.12032541661531707 0.021859589448421347 0.028101689212119398
12 0.7950630150791438 0.3104749747039054 0.023331084186749607 0.02665758838228225
12 0.8088917546969745 0.16062926267126923 0.026547089448421345 0.028456886722608488
12 0.49049661242007303 0.3161749873519527 0.023331084186749607 0.026657588382282427
16 0.9252517730422387 0.24878230333792545 0.033161110495108836 0.03518048340326043
18 0.839055938784902 0.29125230063863317 0.016990078925077867 0.024621491701630305
18 0.59921875 0.403125 0.0171875 0.0125
28 0.813957228247441 0.3010174643309432 0.020115078925077867 0.024858290041956367
6 0.5729010467903493 0.15519178839157116 0.026638094710093263 0.03001938672260849
24 0.68671875 0.00703125 0.0328125 0.0140625
12 0.66953125 0.0078125 0.0234375 0.015625
29 0.659375 0.0109375 0.021875 0.021875
32 0.675 0.7046875 0.65 0.590625