15 0.184375 0.125 0.36875 0.25
11 1 0 0.530622540625 0 0.43940090000000004 0.18392396093750002 0.5285380140625 0.25 1 0.25 1 0.155534890625 0.9694141203125 0.106437671875 1 0.111244296875 1 0
34 0.184375 0.625 0.36875 0.75
0 0.44375 0.66171875 0.15 0.2015625
1 0.593779211852543 0.7866541148520826 0.15727721057599683 0.17928985389503396
2 0.76875 0.9109375 0.19375 0.178125
3 0.9234375 0.97734375 0.153125 0.0453125
4 0.5549041059753694 0.4851637528393738 0.1870919756031114 0.20168305113509052
5 0.7291132447354427 0.624155889201812 0.18710106596219095 0.20324555113509035
6 0.9010195401113743 0.7560758652558244 0.17453743344863373 0.19208986282348767
8 0.69609375 0.33046875 0.1765625 0.1609375
9 0.8692574974659172 0.44064573416839214 0.18238629488495234 0.1984762305182394