11 0.459375 0.5890625 0.459375 0.1900359375 0.3476370421875 0.1415809921875 0.2784556984375 0.1597454515625 0.2436329078125 0.22046843124999999 0.227895428125 0.21555142031250002 0.20888333124999997 0.130052409375 0.169148609375 0.0699023875 0.1256750328125 0.0324518609375 0 0.0087610328125 0 0.5503063781249999 0.07156516874999999 0.5890625 0.459375 0.5890625
6 0.7640625 0.5640625 0.15 0.05
6 0.7790337401515725 0.4829860067083894 0.14468636635259244 0.10950567599857094
5 0.795646458765971 0.3622418179724697 0.14482306738935158 0.11106817599857095
6 0.8146712778987488 0.24244277020204272 0.1598424746466666 0.12298902179152656
0 0.8263230944396287 0.11824579953513785 0.1534557736099071 0.12098947921687966
9 0.840625 0.02890625 0.15625 0.0578125
22 0.09453125 0.734375 0.1890625 0.24375
22 0.1109375 0.6390625 0.221875 0.1
25 0.34296875 0.909375 0.2328125 0.18125
16 0.35625 0.775 0.20625 0.246875
8 0.3703125 0.665625 0.178125 0.153125
29 0.8796875 0.69921875 0.240625 0.2203125
22 0.66484375 0.8609375 0.2703125 0.278125