5 0.26484375 0.184375 0.5296875 0.36875
29 0.74453125 0.184375 0.4296875 0.36875
2 0.3787900465468237 0.9347120368178141 0.029905676002545435 0.01961381802583091
2 0.49474231055064166 0.9032226929277357 0.0377727200031817 0.024528638558944493
2 0.5004110552196416 0.8858760685545564 0.03780908267027243 0.027653638558944493
9 0.36171875 0.9921875 0.0328125 0.015625
0 0.3820695878819599 0.9213398586045688 0.029905676002545435 0.01961381802583091
1 0.3853491292170963 0.9079676803913234 0.02986931333545435 0.01648881802583091
9 0.4889644778803691 0.9299443173009152 0.03780908267027261 0.027653638558944493
8 0.5052985498886414 0.8685521762346884 0.034647720003181705 0.02443771034569888
8 0.3886377612190053 0.8938142521780781 0.0314863573360908 0.021221782132453626
26 0.76484375 0.684375 0.4703125 0.63125