24 0.2890625 0.46875 0.2890625 0.046446451562500005 0.17979651562500001 0.055989471874999995 0.12394406093749999 0.0846201234375 0.03531808125 0.20320612656249998 0.017407009374999997 0.3789564265625 0.04976100625 0.46875 0.2890625 0.46875
1 0.8375 0.06953125 0.325 0.1296875
2 0.8375 0.1765625 0.325 0.15
3 0.8342012229486183 0.2923375133184264 0.31779055674305995 0.1500863893760087
4 0.82734375 0.4 0.3453125 0.1375
7 0.41875 0.0734375 0.259375 0.146875
8 0.415625 0.17890625 0.253125 0.1546875
9 0.41875 0.3046875 0.259375 0.165625
0 0.42109375 0.40546875 0.2640625 0.1265625
6 0.14453125 0.67421875 0.2890625 0.4109375
1 0.5703015104913483 0.7526240753388114 0.2471143438900784 0.13266966041123068
2 0.5757127730277606 0.8613981417986718 0.23717705423577745 0.16627983590559853
3 0.5875 0.94921875 0.25 0.1015625
5 0.328125 0.62265625 0.078125 0.1828125
6 0.33125 0.74296875 0.084375 0.1765625
7 0.33828125 0.86171875 0.0984375 0.1765625
8 0.34296875 0.94921875 0.1078125 0.1015625