17 0 0 0 0.0246160640625 0.1511752703125 0.053148621875 0.1722776140625 0.077217403125 0.0451537796875 0.2432683734375 0 0.233947559375 0 0.3452598890625 0.1782498421875 0.3919946109375 0.2106598640625 0.4135623625 0.1946698328125 0.46307694687499995 0.20763383906250002 0.47170404843749997 0.3572297125 0.26045204375000003 0.344265703125 0.25182494218749996 0.3040039875 0.29521345781249997 0.2700809546875 0.30271655000000003 0.0823894734375 0.25802154375 0.21268265312499998 0.0740278625 0.376102446875 0.11259680000000001 0.40851246874999997 0.1341645515625 0.38769676249999996 0.190493715625 0.400660771875 0.199120815625 0.4890625 0.0742842015625 0.4890625 0.0124194515625 0.47924123593749995 0.0208177078125 0.378391871875 0 0 0
1 0.8890651812200057 0.3204802965865946 0.02473918414544123 0.020585220003181703
4 0.8911283289682522 0.3126496152530492 0.029626943244739933 0.023764764003817974
2 0.8974982449150962 0.29852348058564004 0.029626943244739933 0.023764764003817974
2 0.9046994756367648 0.2836070052514583 0.029626943244739933 0.023764764003817974
0 0.9010738278885182 0.2914558679185492 0.029626943244739756 0.023764764003817974
0 0.9082750586101866 0.27653939258436744 0.029626943244739933 0.023764764003817974
2 0.7982480189737896 0.22707628926641216 0.01975129549649317 0.015843176002545256
9 0.799429787172387 0.22081719859963939 0.021514054595791875 0.01898635733609062
1 0.6586255120339592 0.27397965595163853 0.02473918414544123 0.020585220003181703
3 0.659907409782206 0.26615806528486585 0.029626943244739756 0.023764764003817974
2 0.6669083814045759 0.2543665899506841 0.026401813695090492 0.022165901336727245
2 0.6734284916758937 0.23789670528327508 0.029626943244739756 0.023764764003817974
0 0.6705840939276471 0.2457364772835932 0.029626943244739846 0.023764764003817974
1 0.676172759874491 0.23161943328295687 0.02473918414544123 0.020585220003181703
2 0.5777736351052036 0.1468909919637289 0.01975129549649317 0.015843176002545433
9 0.5804177737541516 0.14217621996341076 0.019851425046142523 0.017405676002545434
14 0.4890625 0.85644819375 0.35068452968749997 0.7384363875 0.20440131875 0.971944653125 0.16565261250000002 0.9862623265625 0.1525452859375 0.9374362515625 0.30379748906250004 0.737312378125 0.1126500265625 0.6301621359375 0 0.8006080375 0 1 0.442022396875 1 0.4890625 0.9335722578125001 0.4890625 0.85644819375
13 0.74453125 0.8046875 0.5109375 0.390625