11 0.3067701828125 0 0 0.07496076093750001 0 0.5172182609375 0.022005678125 0.491820296875 0.0505774984375 0.410326271875 0.0882603203125 0.48390980937499994 0.173300065625 0.5376423046875 0.25033731875 0.5436553390625 0.3545000234375 0.5099235328125 0.44665898750000005 0.404612534375 0.472563309375 0.30721202187499996 0.476789796875 0.2316668953125 0.432315221875 0 0.3067701828125 0
2 0.7796875 0.28984375 0.440625 0.5796875
2 0.19300315072950935 0.95546875 0.020025457576345395 0.015625
2 0.19904598557681866 0.98671875 0.020025457576345395 0.015625
2 0.49285937164177424 0.87109375 0.020025457576345218 0.015625
2 0.49968345648908363 0.90234375 0.020025457576345218 0.015625
0 0.19647896603198128 0.9703125 0.020280549091614475 0.01875
0 0.20234375 0.99609375 0.0203125 0.0078125
0 0.4954901640654289 0.88671875 0.020025457576345395 0.015625
0 0.502250476033921 0.91875 0.020025457576345218 0.015625
6 0.18689654300338282 0.925 0.020025457576345395 0.015625
1 0.4298012622486578 0.84921875 0.015082866061076316 0.0125
6 0.4859715139156477 0.840625 0.020025457576345395 0.015625
6 0.55546875 0.8875 0.0078125 0.01875
5 0.7796875 0.809375 0.440625 0.38125