23 0.31328125 0.2515625 0.4921875 0.503125
13 0.628125 0.271875 0.1375 0.20625
34 0.7292461113322289 0.5241240577164282 0.15416668874473985 0.17617934697528098
21 0.8546875 0.64375 0.18125 0.071875
15 0.745947483294595 0.39662093998836206 0.16430558057737182 0.19881962152108806
17 0.6409573606144388 0.08239868544643411 0.1409573606144387 0.15484648091420458
20 0.7769097626986897 0.22877986468395042 0.17239089908902622 0.20726985030926076
11 0.9005060085223384 0.3354288642249085 0.17573415389834945 0.21377494182452983
12 0.93203125 0.565625 0.1359375 0.190625
23 0.9375 0.15390625 0.125 0.2109375
22 0.7640625 0.0703125 0.178125 0.140625
25 0.87734375 0.01640625 0.1484375 0.0328125
16 0.7796875 0.83984375 0.440625 0.3203125