14 0 0 0 0.2637665828125 0.12938270624999998 0.399243853125 0.2418464453125 0.46875 0.5 0.46875 0.5 0 0.290696940625 0 0.138544565625 0.145150121875 0.0715419359375 0.0373217453125 0.07614091875 0 0 0
21 0.75 0.234375 0.5 0.46875
29 0.2681450899109132 0.876103753164861 0.03951703333863606 0.04042659255827132
29 0.29820530724859484 0.8451092135091471 0.041097714672181596 0.04204365626060227
29 0.20178374590232268 0.937093327666965 0.03793635200509069 0.03880952885594056
29 0.2389570292409588 0.8993130746717402 0.041097714672181596 0.04204365626060227
27 0.2745496312460495 0.8630407579741843 0.031613626670908876 0.03234127404661713
27 0.140625 0.9859375 0.03125 0.028125
28 0.2540007739099587 0.8826439298438832 0.03951703333863606 0.04042659255827132
12 0.1583695532304592 0.9738740758528663 0.03951703333863606 0.04042659255827132
24 0.17181443523236828 0.9602753673226786 0.03951703333863606 0.04042659255827132
23 0.18683090790104995 0.9459499724948218 0.036355670671545326 0.037192465153609786
30 0.1265625 0.99140625 0.034375 0.0171875
23 0.22554850990614064 0.9097867832019277 0.036355670671545326 0.037192465153609786
10 0.28483315058086756 0.8524579220393349 0.041097714672181596 0.04204365626060227
14 0.30696268925050385 0.8313468138719668 0.04267839600572696 0.04366071996293321
14 0.21055021857100442 0.9225496780297846 0.03793635200509069 0.03880952885594056
34 0.32921949725495814 0.7992982057045989 0.04900112133990877 0.05012897477225664
16 0.3149842745862764 0.813650882383621 0.052162484006999674 0.05336310217691818
18 0.32144390726450317 0.7286856053417792 0.03951703333863606 0.04042659255827132
15 0.3807194572724574 0.6721379941791863 0.0442590773392725 0.045277783665263985
21 0.02734375 0.99375 0.0359375 0.0125
18 0.2858876679265034 0.761832922039335 0.036355670671545326 0.03719246515360961
20 0.3119870912635486 0.735389473127794 0.044259077339272326 0.045277783665263985
18 0.04140625 0.9859375 0.0390625 0.028125
18 0.39337399860759364 0.6592932537978331 0.03951703333863606 0.04042659255827132
21 0.03359375 0.98984375 0.0390625 0.0203125
18 0.08435988856623186 0.9533135499921508 0.036355670671545326 0.037192465153609786
29 0.24483540658818548 0.7971330157787326 0.041097714672181596 0.04204365626060227
29 0.09070988590073181 0.9449380548014743 0.03951703333863606 0.04042659255827132
23 0.2163558705840492 0.8266196191367772 0.050581802673454135 0.051746038474587405
29 0.25910699192395803 0.7796553390997103 0.041097714672181596 0.04204365626060227
29 0.48359375 0.5625 0.0328125 0.04375
29 0.1484138452419133 0.8891171299365505 0.03951703333863606 0.04042659255827132
29 0.18714053791377677 0.8521726906436564 0.03951703333863606 0.04042659255827132
17 0.274831989258458 0.7716072261230189 0.0442590773392725 0.045277783665263985
29 0.3997512679424117 0.6485740086071565 0.041097714672181596 0.04204365626060227
23 0.2915382312619578 0.7463988949974929 0.03477498933799979 0.03557540145127884
24 0.3634501412715029 0.6785690434535467 0.03951703333863606 0.04042659255827132
28 0.4274768259468661 0.6167163733979465 0.03793635200509069 0.03880952885594056
24 0.1184536252387316 0.9115179195922641 0.03951703333863606 0.04042659255827132
24 0.22989165925368554 0.8052084106065894 0.03951703333863606 0.04042659255827132
23 0.3271035612667303 0.7124703282999372 0.03793635200509069 0.03880952885594056
10 0.41405012527850255 0.6287525819281342 0.03951703333863606 0.04042659255827132
12 0.10421840257004984 0.9258705962712865 0.036355670671545326 0.037192465153609786
23 0.13347918857418611 0.8964112747644073 0.03951703333863606 0.04042659255827132
14 0.15562690857736775 0.8737376665970393 0.03951703333863606 0.04042659255827132
23 0.1722058812460494 0.8594668354715133 0.03951703333863606 0.04042659255827132
12 0.44565466128263864 0.5993751059747513 0.03951703333863606 0.04042659255827132
23 0.4748972659532294 0.5714782844678721 0.036355670671545326 0.0371924651536097
23 0.04810421522918662 0.979402334838541 0.036355670671545236 0.037192465153609786
24 0.4590904526177749 0.5865576474445635 0.04267839600572696 0.04366071996293312
14 0.4890625 0.5484375 0.021875 0.040625
16 0.05849682256527737 0.9594444989036915 0.052162484006999674 0.05336310217691818
16 0.3366967372692756 0.6940477105139223 0.052162484006999674 0.05336310217691818
18 0.19933254992841237 0.7447421365599723 0.03951703333863606 0.04042659255827132
17 0.05235645790900421 0.8826364622432028 0.0442590773392725 0.045277783665263985
17 0.1898302805935943 0.7553522543459873 0.044259077339272326 0.045277783665263985
17 0.28864104527372997 0.6595437357416658 0.044259077339272326 0.045277783665263985
29 0.1740871019255489 0.7649628673226787 0.041097714672181596 0.04204365626060227
29 0.24049389926800302 0.7000670428205746 0.04267839600572696 0.04366071996293321
28 0.10698087058404919 0.8228001599736172 0.03951703333863606 0.04042659255827132
31 0.07537633457991308 0.8521776359270004 0.03793635200509069 0.03880952885594056
22 0.14174676925527638 0.7904068114248962 0.047420440006363404 0.048511911069925695
10 0.06504736191123132 0.8666667218618496 0.041097714672181596 0.042043656260602094
23 0.2057643632638669 0.7293353913692957 0.036355670671545326 0.037192465153609786
32 0.015625 0.915625 0.03125 0.046875
10 0.2982342212762754 0.6411211179556509 0.042678396005727134 0.04366071996293304
14 0.026375213240004313 0.8989236611547436 0.0442590773392725 0.045277783665263985
24 0.12042575258595827 0.8092014514434297 0.04267839600572696 0.04366071996293321
14 0.15914335459104886 0.7730382621505356 0.042678396005727134 0.04366071996293321
24 0.250032531269912 0.6863319250345599 0.0442590773392725 0.045277783665263985
27 0.3108978532781844 0.6274951275742977 0.036355670671545326 0.037192465153609786
14 0.3195916006126843 0.6192014779371174 0.041097714672181596 0.04204365626060227
14 0.08802178524827671 0.840114145545647 0.03951703333863606 0.04042659255827132
28 0.26978195727245735 0.6682639713136955 0.03951703333863606 0.04042659255827132
16 0.21693822059995763 0.7094048372856119 0.052162484006999674 0.05336310217691818
17 1 1 1 0.46875 0.6589517234375 0.46875 0.66189921875 0.4718363375 0.9395046453125001 0.611839975 0.9946792921875 0.6696136171875 0.9879713765624999 0.712815853125 0.9441916640624999 0.7423130890625 0.857353990625 0.7392806515625 0.5 0.559057740625 0.5 0.82333415 0.83316451875 1 1 1