7 0.2796875 0.159375 0.559375 0.31875
26 0.68359375 0.12734375 0.2484375 0.2546875
3 0.19453125 0.3484375 0.2359375 0.059375
4 0.1748156803048862 0.43532939273020343 0.2364362015966055 0.18168631461827509
5 0.14642940064739102 0.5743701133971083 0.2567487015966055 0.18310670298587758
6 0.12794470300511823 0.7203710282478144 0.2462568705699663 0.19327937848024543
7 0.1328125 0.865625 0.265625 0.209375
8 0.48515625 0.403125 0.1484375 0.16875
9 0.46328125 0.52734375 0.1921875 0.1953125
0 0.45546875 0.68671875 0.2078125 0.1890625
23 0.7796875 0.71171875 0.440625 0.5765625