16 0.325 0.26484375 0.65 0.5296875
35 0.825 0.26484375 0.35 0.5296875
2 0.8860097635777027 0.5836974546062181 0.021404563140062293 0.019341033386094962
2 0.9085595977644522 0.5580836891668121 0.021404563140062293 0.019341033386094962
2 0.9758458083019134 0.5678247505287255 0.021404563140062293 0.019341033386094962
2 0.99296875 0.54140625 0.0140625 0.0203125
0 0.8961128056710773 0.5709246699664822 0.021404563140062116 0.019341033386094785
0 0.9186626398578269 0.5453109045270759 0.021404563140062293 0.019341033386094875
0 0.9867756030261241 0.554247983835678 0.021404563140062293 0.019341033386094875
1 0.8190952793627183 0.5809649111909935 0.01653505261671846 0.016079641066226814
1 0.9895835426580721 0.7202905209826966 0.01488154735504672 0.014471676959604097
6 0.8642411793909531 0.6092884879923132 0.021404563140062293 0.019341033386094962
6 0.9556397241151637 0.5933703198081977 0.02314907366340595 0.022511497492717504