16 0.18984375 0.19609375 0.3796875 0.3671875
18 0.8796875 0.08046875 0.240625 0.1609375
15 0.50078125 0.134375 0.2421875 0.240625
7 0.37119160622842173 0.510282868040469 0.015364890871793335 0.01767857332097771
6 0.22336941286711748 0.49265388002136845 0.018489890871793334 0.01778770072563942
2 0.19188261452679142 0.48843760597475133 0.015364890871793335 0.01767857332097771
2 0.15967376577154688 0.4849753000769688 0.018489890871793334 0.01778770072563942
0 0.1761984149417099 0.48711071895144276 0.018489890871793334 0.01778770072563942
0 0.14314911660138385 0.4828398812024949 0.018489890871793334 0.01778770072563942
1 0.19066457925871996 0.5546256011654279 0.015364890871793158 0.01767857332097762
1 0.24943073092768273 0.9291270933608796 0.010322193361304244 0.012827382213985139
9 0.68984375 0.68984375 0.6203125 0.6203125