20 0.21484375 0.35859375 0.4296875 0.5203125
18 0.99609375 0.5859375 0.0078125 0.009375
18 0.9726379536626373 0.411222940622684 0.02251272878817261 0.009726314514629663
18 0.9560088209316616 0.31203358492050803 0.01938772878817261 0.00945291244111104
18 0.9431264415346657 0.23023678077347096 0.02251272878817261 0.009726314514629663
22 0.99609375 0.603125 0.0078125 0.028125
22 0.9634066038124185 0.3646507369940265 0.022735869395056164 0.031464613477870176
23 0.99375 0.571875 0.0125 0.01875
30 0.9921875 0.55390625 0.015625 0.0203125
29 0.990625 0.53984375 0.01875 0.0171875
29 0.8689397713810052 0.16712233463768414 0.023022911818710766 0.015976314514629664
29 0.8596446486519692 0.11976888100902663 0.023022911818710766 0.015976314514629664
29 0.8429039456175517 0.009710375825230377 0.023022911818710766 0.015976314514629573
14 0.9890625 0.52421875 0.021875 0.0203125
14 0.9495994532035954 0.2905297318102303 0.020408094849248926 0.021952912441111038
14 0.9361431178972441 0.2017016776631932 0.021843049091614476 0.02052711347787035
14 0.8760186898676757 0.21583323671120258 0.020280549091614475 0.02039041244111104
14 0.8553239394086338 0.09534507945388775 0.018718049091614473 0.020253711404351903
28 0.9868595635147959 0.5094259947697208 0.020280549091614475 0.02039041244111104
28 0.8517685047111059 0.08029627789874887 0.020025457576345395 0.017265412441111037
10 0.9824750813926432 0.484220943214582 0.020280549091614475 0.02039041244111104
10 0.9676475647227438 0.3975999380307858 0.021843049091614476 0.02052711347787035
10 0.8462201353160494 0.05033537582523042 0.021587957576345396 0.01740211347787035
10 0.8432706074362624 0.023704525306850764 0.020280549091614475 0.02039041244111104
16 0.9763845780586633 0.46662334010430423 0.028093049091614475 0.021073917624907422
24 0.977261551845866 0.4488596416594432 0.021843049091614476 0.02052711347787035
24 0.9584321903267178 0.341721084920508 0.018845594849248925 0.021816211404351905
17 0.8676643138046598 0.15149733463768414 0.023278003333979846 0.019101314514629663
12 0.8497755700135776 0.06538417738036931 0.020025457576345395 0.017265412441111037
11 0.9584003683562861 0.32232653595726724 0.028093049091614475 0.021073917624907422
21 0.9560885692646716 0.3035081854388876 0.02563772878817261 0.00999971658814811
21 0.8757158009277821 0.20262033722958214 0.02251272878817261 0.009726314514629663
21 0.8744243678972442 0.19630198671120258 0.02251272878817261 0.009726314514629663
21 0.8481334506185215 0.03576502789874891 0.02563772878817261 0.00999971658814811
20 0.941452371231224 0.21923093025509138 0.024585411818710767 0.016113015551388797
10 0.86079256047068 0.13383138100902664 0.021970594849248924 0.022089613477870175
32 0.9781073483524068 0.2216621546189339 0.02767846091032524 0.03499971658814793
17 0.9736590933514367 0.19567585306379504 0.028475686364518006 0.025761417624907423
10 0.9703747256233706 0.1744454020270357 0.025350686364518184 0.0254880155513888
29 0.966436653652939 0.15470910047189684 0.022098140606883376 0.02365211347787035
31 0.9720320468448964 0.42280498958592466 0.018718049091614473 0.020253711404351903
21 0.9440192618381076 0.24117428077347097 0.024840503333979847 0.0192380155513888
32 0.8794306033533765 0.2386261877479619 0.025860869395056163 0.0317380155513888
20 0.6967931886597277 0.31029826178171216 0.0841196506088231 0.08027255183796278
18 0.6897780430518745 0.26236860970819365 0.0791134151526908 0.037948350801203644
21 0.6852660151720874 0.23560105815305477 0.0791134151526908 0.037948350801203644
21 0.6806264415346657 0.2072710065979159 0.0791134151526908 0.037948350801203644
34 0.6476228807741217 0.12604083897300863 0.08788237939699588 0.08835845391148141
24 0.6431907301652986 0.05274004000976782 0.07187474212409226 0.08230394354388873
30 0.63046875 0.00859375 0.0703125 0.0171875
18 0.21484375 0.92265625 0.4296875 0.1546875
13 0.75078125 0.875 0.4984375 0.25