29 0.2125 0.1 0.425 0.2
15 0.71171875 0.15859375 0.3640625 0.0828125
12 0.48125 0.8359375 0.096875 0.328125
10 0.3328125 0.8421875 0.2 0.315625
34 0.08125 0.83671875 0.1625 0.3265625
13 0.41875 0.396875 0.190625 0.39375
2 0.25390625 0.39453125 0.1796875 0.3890625
16 0.0796875 0.39765625 0.159375 0.3953125
3 0.9421875 0.85546875 0.115625 0.2890625
5 0.615625 0.85 0.171875 0.3
8 0.9203125 0.3578125 0.159375 0.315625
9 0.7390625 0.3625 0.171875 0.325
0 0.57890625 0.36796875 0.0984375 0.3359375
4 0.79921875 0.8515625 0.1703125 0.296875