8 0.184375 0.234375 0.36875 0.46875
15 0.6453125 0.234375 0.553125 0.46875
13 0.3171875 0.90078125 0.103125 0.1671875
34 0.0859375 0.803125 0.171875 0.15625
15 0.21665789805934876 0.7727996122218854 0.20316576708875883 0.1636544756031114
20 0.3265625 0.72421875 0.084375 0.1703125
11 0.2554750424907879 0.6030138321676561 0.22076244404836293 0.1778169695529872
12 0.0484375 0.5765625 0.096875 0.159375
2 0.41875 0.61484375 0.1 0.1734375
8 0.520866710279192 0.678114346998379 0.1551374440483629 0.17743517447164336
0 0.6461455065974105 0.7406774586310891 0.13901233887551356 0.16015677088084707
1 0.774276518275893 0.7938473895456402 0.15031355172849495 0.17272040339440445
3 0.9064274402209322 0.8509008445624922 0.14218280298213629 0.1617374515990065
2 0.978125 0.90625 0.04375 0.159375