19 0.2796875 0.3796875 0.559375 0.759375
30 0.7796875 0.3796875 0.440625 0.759375
11 0.2375 0.8796875 0.475 0.240625
14 0.42734375 0.8796875 0.2640625 0.240625
34 0.79140625 0.990625 0.0234375 0.01875
10 0.99375 0.91953125 0.0125 0.0265625
10 0.8428519516484952 0.9812985826532585 0.023513909654926123 0.024583920171816587
10 0.8542104327069604 0.8877090349372507 0.025294930942249393 0.027790807326946165
10 0.7913333742928715 0.9124357179993661 0.025294930942249393 0.027790807326946165
10 0.7587229700858271 0.9247376441640764 0.02529493094224957 0.027790807326946165
23 0.92578125 0.98984375 0.0234375 0.0203125
23 0.986864395580195 0.9257966123905851 0.023513909654926123 0.024583920171816587
23 0.9953125 0.83359375 0.009375 0.0234375
23 0.6404535713266644 0.9699129460639557 0.020279649011264313 0.022857645861557075
23 0.58984375 0.98984375 0.0203125 0.0203125
32 0.65390625 0.76484375 0.0296875 0.0109375
29 0.8642352787520174 0.9754137528250751 0.018826409654926123 0.02433825870642714
29 0.8323514942231423 0.9869753725673502 0.018826409654926123 0.02433825870642714
29 0.9439395682245714 0.8573841270899061 0.018826409654926123 0.02433825870642714
29 0.7376674249132902 0.9353099739922598 0.018826409654926123 0.02433825870642714
29 0.6216871458322966 0.9798268566248339 0.017263909654925948 0.024256371551297562
29 0.56484375 0.9953125 0.0109375 0.009375
17 0.8703981614196369 0.8854438500661133 0.02206067029858776 0.02606453301668683
18 0.7325264568442753 0.9397108689493058 0.015919930942249395 0.02729948439616763
18 0.603125 0.9890625 0.015625 0.021875
20 0.9059475313499075 0.9596968995911432 0.022060670298587583 0.02606453301668683
20 0.57890625 0.99140625 0.0234375 0.0171875
16 0.80546875 0.9875 0.0265625 0.025
16 0.9641156744090871 0.8008408779944173 0.027185212873234832 0.0325601944820761
28 0.946714642982305 0.9415953527796466 0.023513909654926123 0.024583920171816587
28 0.8739544861773705 0.9696960193334185 0.02206067029858776 0.02606453301668683
28 0.6874706829590618 0.952138947872978 0.020279649011264313 0.022857645861557075
21 0.8468896056034382 0.8943308491616019 0.01402964901126431 0.02253009724103805
21 0.7834498184766728 0.9221415886461525 0.01402964901126431 0.02253009724103805
21 0.776363938154842 0.9209918464480685 0.012467149011264311 0.022448210085908294
21 0.7134868797407532 0.9457185295101838 0.01402964901126431 0.02253009724103805
21 0.6074443293724361 0.9876426786511011 0.01402964901126431 0.02253009724103805
21 0.9902411318344402 0.795982959631623 0.01591993094224975 0.027299484396167806
24 0.99140625 0.965625 0.0171875 0.028125
24 0.919409097809768 0.951840133987311 0.02529493094224975 0.027790807326946165
24 0.9239548501555565 0.8610070940732193 0.02529493094224975 0.027790807326946165
24 0.8203106801090703 0.9038353239468313 0.025294930942249393 0.027790807326946165
24 0.6550241697175101 0.9667846240376884 0.02206067029858776 0.02606453301668683
24 0.9794128924781018 0.7969722495457148 0.025294930942249393 0.027790807326946165
2 0.5727476292365501 0.7920059520568495 0.023950952229573018 0.030833920171816586
0 0.5640625 0.796875 0.009375 0.025
14 0.940625 0.98671875 0.025 0.0265625
14 0.896875 0.99453125 0.025 0.0109375
14 0.8921035526372311 0.9620849151949755 0.02529493094224957 0.027790807326946165
14 0.8203125 0.9875 0.025 0.025
14 0.9542761346844317 0.8493635871758144 0.025294930942249393 0.027790807326946165
14 0.899156945948512 0.8737184560135784 0.02529493094224975 0.027790807326946165
14 0.7020412813499075 0.9490106258467106 0.025294930942249393 0.027790807326946165
25 0.9328706642696286 0.9439833683834788 0.022060670298587583 0.026064533016686653
27 0.8534616697175101 0.9771842927391668 0.018826409654926123 0.02433825870642714
27 0.8877659778794973 0.8777918023501053 0.0170453883676025 0.021131371551297563
27 0.748277142982305 0.9311956840781681 0.0170453883676025 0.021131371551297563
31 0.9120011533738651 0.8681644968321812 0.022060670298587583 0.026064533016686653
13 0.91328125 0.99296875 0.0265625 0.0140625
13 0.9734028291203345 0.9336533779944173 0.02529493094224975 0.027790807326946342
13 0.9875 0.84140625 0.025 0.0328125
13 0.6703760181083558 0.963697245588986 0.023950952229573018 0.030833920171816586
22 0.9785327255337087 0.9736199587271118 0.029982430942249748 0.028036468792335612
22 0.9588211590738484 0.9811491757104251 0.030091691585911205 0.02959896879233561
11 0.99375 0.79140625 0.0125 0.0328125
15 0.8394048875344232 0.8986089133859533 0.020716691585911207 0.029107645861557074
15 0.8082477226837173 0.9094302267057934 0.020607430942249573 0.027545145861557076
12 0.721752847809768 0.9414814088633975 0.025294930942249393 0.027790807326946165
34 0.9662298314661231 0.8422061844168525 0.02551345222957302 0.03091580732694634
24 0.61640625 0.77421875 0.0328125 0.0296875
12 0.6006159031217636 0.7786771144267499 0.02206067029858776 0.026064533016686653
29 0.5908966956964106 0.7843948479184066 0.018826409654926123 0.02433825870642714