28 0.71484375 0.2046875 0.5703125 0.409375
2 0.34501931722365586 0.5776036945936177 0.026018671939110227 0.02631019448207601
0 0.3361218196951138 0.5888311216628391 0.026018671939110227 0.0263101944820761
1 0.3272243221665717 0.6000585487320607 0.019514003954332716 0.019732645861556986
7 0.31751374113993247 0.6104637822237173 0.027644838935304606 0.027954581637205766
4 0.3770160751323212 0.6167004941186478 0.027644838935304606 0.027954581637205857
6 0.3658703280980708 0.6301488404551747 0.027644838935304606 0.027954581637205676
9 0.3547245810638203 0.6435971867917015 0.026018671939110227 0.0263101944820761
5 0.33917783551244457 0.6638311216628392 0.026018671939110227 0.0263101944820761
0 0.8 0.54765625 0.340625 0.2765625
1 0.6808175543720746 0.62949266395178 0.3006498933073793 0.2995241236990041
2 0.57890625 0.73359375 0.2984375 0.3359375
3 0.509375 0.84765625 0.159375 0.3046875
5 0.97734375 0.83359375 0.0453125 0.3328125
6 0.90625 0.8921875 0.1875 0.215625
7 0.84140625 0.95625 0.3171875 0.0875