27 0.1796875 0.21953125 0.359375 0.4390625
31 0.43671875 0.115625 0.1546875 0.15
30 0.6000579970868154 0.11417911202549366 0.19945251038216938 0.15267152380771334
25 0.7863217207784562 0.10528031411547936 0.19927049985882556 0.14954652380771344
22 0.459375 0.2890625 0.2 0.140625
27 0.637465533777344 0.2733904855620605 0.17822995776545092 0.13692834913967838
26 0.8248444364364147 0.24338430211342682 0.1813549577654509 0.13694652985783762
28 0.47421875 0.39140625 0.1734375 0.0953125
23 0.65859375 0.38515625 0.1859375 0.1078125
32 0.8390625 0.371875 0.19375 0.134375
12 0.9765625 0.35 0.046875 0.1375
6 0.13828125 0.6828125 0.2765625 0.4875
5 0.95390625 0.784375 0.0921875 0.153125
3 0.8341431127024217 0.7933746908735 0.12289001038216937 0.15222609621281205
8 0.7000411284874373 0.7988439617543472 0.13473756299888784 0.16791472872636942
1 0.5657494284733199 0.8144740278147342 0.13437354195220053 0.16166472872636942
6 0.4334829600433509 0.8246217083365016 0.13455555247554418 0.1647897287263694