29 0.2796875 0.24453125 0.559375 0.4890625
10 0.6716589497878437 0.4093171825613194 0.15846102084968255 0.13328789152687506
32 0.8295563663226065 0.3548264382609025 0.17270537727617336 0.13986519984750032
22 0.984375 0.2765625 0.03125 0.134375
19 0.686871109658689 0.2604250876715623 0.16149509263643722 0.13023562670923639
16 0.8206861685133198 0.21118554103444415 0.1663644490629279 0.136594729482778
27 0.94296875 0.165625 0.1140625 0.13125
18 0.6609375 0.0484375 0.14375 0.096875
31 0.7984375 0.025 0.13125 0.05
7 0.30390625 0.74453125 0.5109375 0.5109375
20 0.7796875 0.74453125 0.440625 0.5109375