25 0.3890625 0 0.1396587984375 0 0 0.2498319046875 0 0.49652443437500005 0.0825967765625 0.55 0.22048189218749997 0.55 0.31687375156250003 0.3927450359375 0.3890625 0.43414010468750003 0.3890625 0
2 0.49214907444049005 0.24268436894449055 0.14045383374611503 0.17568208812453676
5 0.609340882546042 0.31985104462791625 0.16447353060296194 0.19023260367592557
9 0.7385061517764644 0.4035117280870364 0.1497560591390091 0.17493979434509227
3 0.86484375 0.4734375 0.1546875 0.153125
2 0.96015625 0.51875 0.0796875 0.0625
24 0.3125 0.75078125 0.153125 0.3515625
18 0.19453125 0.88984375 0.3890625 0.2203125
13 0.090625 0.79453125 0.18125 0.4109375
33 0.16015625 0.6796875 0.3203125 0.259375
22 0.48984375 0.69609375 0.2015625 0.2921875
35 0.5359375 0.7375 0.29375 0.375
12 0.59375 0.771875 0.409375 0.44375
2 0.66171875 0.775 0.5453125 0.45
31 0.73515625 0.775 0.5296875 0.45
14 0.7890625 0.775 0.421875 0.45
13 0.87109375 0.775 0.2578125 0.45
25 0.9125 0.775 0.175 0.45