32 0.259375 0.175 0.51875 0.35
9 0.759375 0.175 0.48125 0.35
1 0.44453125 0.84765625 0.1484375 0.1828125
2 0.42890625 0.728125 0.1796875 0.203125
3 0.41328125 0.6015625 0.2109375 0.20625
4 0.3875 0.4671875 0.2625 0.21875
5 0.37578125 0.396875 0.2859375 0.09375
8 0.125 0.9328125 0.25 0.134375
9 0.11171875 0.82890625 0.2234375 0.2265625
0 0.0984375 0.68984375 0.196875 0.2203125
7 0.95859375 0.63046875 0.0828125 0.3359375
8 0.92109375 0.48515625 0.1578125 0.2703125
9 0.8609375 0.39609375 0.278125 0.0921875
0 0.74375 0.9125 0.421875 0.175