22 0.24453125 0.31484375 0.4890625 0.6296875
2 0.51640625 0.1328125 0.0546875 0.265625
3 0.56328125 0.18515625 0.1484375 0.3046875
4 0.59921875 0.2921875 0.2203125 0.334375
5 0.6787868255327704 0.33971697192741257 0.32147436680159913 0.34161832551403837
6 0.709375 0.47421875 0.3125 0.3109375
7 0.83671875 0.4765625 0.3265625 0.30625
8 0.85703125 0.55625 0.2859375 0.146875
9 0.934375 0.56875 0.13125 0.121875
3 0.04140625 0.80546875 0.0828125 0.3515625
4 0.08046875 0.84453125 0.1609375 0.3109375
5 0.14609375 0.85390625 0.2921875 0.2921875
6 0.16328125 0.9203125 0.3265625 0.159375
7 0.271875 0.91015625 0.421875 0.1796875
18 0.74453125 0.81484375 0.5109375 0.3703125