2 0.259375 0.29453125 0.51875 0.5890625
12 0.51875 0 0.51875 0.0286627953125 0.6003900828125001 0.05662412343749999 0.770387315625 0.155987778125 0.8742495171875 0.2689041 0.9015984015624999 0.336690384375 0.9053843687500001 0.44495220468749996 0.8657245359375001 0.5013076562500001 0.7578910734375001 0.51292094375 0.7694609625 0.5890625 0.9887292953125 0.5890625 1 0.5547151625 1 0.3062263015625 0.9815005234375 0.24063514531250002 0.9109970671875001 0.129270325 0.8160570093749999 0.0333975453125 0.7615086640625 0 0.51875 0
10 0.259375 0.79453125 0.51875 0.4109375
21 0.98046875 0.89140625 0.0390625 0.1453125
27 0.97734375 0.7609375 0.0453125 0.121875
32 0.971875 0.6453125 0.05625 0.1125
18 0.89765625 0.61953125 0.1046875 0.0609375
16 0.80703125 0.63203125 0.1015625 0.0859375
28 0.7830603199901025 0.7390363855894435 0.1019453595655099 0.12933581050398352
11 0.8593671924459111 0.7810396806540207 0.08779432835784533 0.15700616943775678
33 0.9230855336940553 0.850758798758994 0.10054663387576941 0.13241534639736088
23 0.8302230042954133 0.9245025241483878 0.09988489258219672 0.14955738229073817
29 0.8890625 0.97734375 0.1 0.0453125