24 0 0 0 0.45 0.321783853125 0.45 0.3820016953125 0.40577806250000004 0.43170562500000004 0.3441340765625 0.4841136421875 0.23093646093750003 0.48835940781250003 0.0302655265625 0.4755517546875 0 0 0
31 0.78984375 0.225 0.4203125 0.45
3 0.28984375 0.7171875 0.5796875 0.534375
32 0.749354924265765 0.58257540848544 0.030256185062934548 0.029763094710093262
18 0.6418258441818525 0.6261727610174539 0.018726689212119396 0.021313557878390378
18 0.7056398904475859 0.615455797919744 0.018726689212119396 0.021313557878390378
18 0.7124889286154426 0.8740649584713225 0.02197008838228225 0.023058068401734032
18 0.8801751813147348 0.7756289165191221 0.021970088382282427 0.023058068401734032
18 0.6830480371189493 0.9854497795038926 0.021970088382282427 0.023058068401734032
29 0.59921875 0.45546875 0.0203125 0.0109375
29 0.6083728815245163 0.6981233557275471 0.023650987552445456 0.02471157366340595
29 0.8691956728158724 0.47914802964506686 0.020289189212119398 0.021404563140062206
29 0.6112485051748701 0.7422905846808597 0.021970088382282427 0.023058068401734032
29 0.7066649811049535 0.8790709768871741 0.023650987552445456 0.024711573663405772
29 0.95265567779025 0.6710709481597403 0.023650987552445456 0.024711573663405862
29 0.6714719196923727 0.9534563268589391 0.021970088382282427 0.023058068401734032
29 0.7578722835944645 0.880755303252003 0.023650987552445456 0.024711573663405772
29 0.8526179437622895 0.8005680033367076 0.021970088382282427 0.023058068401734032
29 0.67109375 0.99375 0.0203125 0.0125
29 0.8796890066247627 0.8231031559957784 0.021970088382282427 0.023058068401734032
17 0.8453125 0.459375 0.028125 0.01875
17 0.7645422163823137 0.5669126111303934 0.02533188672260849 0.026365078925077688
17 0.9921875 0.6734375 0.015625 0.028125
30 0.6980292226060911 0.582453582120611 0.023532588382282428 0.02314907366340595
30 0.5997907869184566 0.7087346320359064 0.023532588382282428 0.023149073663405774
30 0.882228469081606 0.471388737551692 0.023532588382282428 0.02314907366340586
30 0.6228372006107668 0.7330597978491568 0.023532588382282428 0.023149073663405774
30 0.6980828864988938 0.8896822531955333 0.023532588382282428 0.023149073663405774
30 0.6606052746713947 0.9634228610598061 0.023532588382282428 0.023149073663405774
30 0.7028762076597367 0.9290709768871739 0.02533188672260849 0.026365078925077688
30 0.8895968028904961 0.8155258744257473 0.021851689212119395 0.021495568401734035
28 0.6687785078741625 0.6502704136765247 0.023532588382282428 0.02314907366340586
28 0.7285804829790532 0.6001192242563381 0.02533188672260849 0.026365078925077688
28 0.7495987649231324 0.8462360900837058 0.02533188672260849 0.026365078925077688
28 0.8045948408578601 0.797920416448535 0.023532588382282428 0.023149073663405774
28 0.8170239858788383 0.7878628769859961 0.02533188672260849 0.026365078925077688
28 0.8411010259207945 0.7677933006917542 0.02533188672260849 0.026365078925077688
28 0.963285524470902 0.6642294139588734 0.02533188672260849 0.026365078925077688
28 0.996875 0.6265625 0.00625 0.028125
28 0.7485681385734863 0.8906308321911982 0.02533188672260849 0.026365078925077688
28 0.9039562234312836 0.7594655902248804 0.02533188672260849 0.02636507892507787
28 0.990625 0.94765625 0.01875 0.0265625
13 0.6192521045548146 0.6469325820500238 0.028575285892771342 0.028109589448421436
13 0.8080213744755465 0.48582223485026893 0.028575285892771342 0.028109589448421436
13 0.619961576960413 0.6888925688958443 0.028575285892771342 0.028109589448421436
13 0.8845676060047071 0.7279271638882863 0.02857528589277152 0.028109589448421346
13 0.9816570161725323 0.647603356080483 0.030256185062934548 0.029763094710093262
13 0.9740874342145199 0.9630540508329286 0.03037458423309758 0.03132559471009326
14 0.6007622136830213 0.6651211399284142 0.02533188672260849 0.026365078925077688
14 0.7461833026900037 0.5423144295321274 0.02533188672260849 0.026365078925077688
14 0.7586716472960633 0.5314756400695886 0.02533188672260831 0.026365078925077688
14 0.783470737752938 0.5121418111445107 0.02533188672260849 0.026365078925077688
14 0.8298721410722859 0.5156616532943553 0.02533188672260849 0.026365078925077688
14 0.9015625 0.45859375 0.025 0.0171875
14 0.6443928918974786 0.7154704794474227 0.02533188672260849 0.02636507892507787
14 0.8286126813147348 0.7786320901542931 0.02533188672260849 0.02636507892507787
14 0.9066085493660113 0.7141985928557162 0.02533188672260831 0.02636507892507787
14 0.9307447889930491 0.6933477665614743 0.02533188672260849 0.02636507892507787
14 0.99140625 0.63671875 0.0171875 0.0265625
14 0.8906866288252239 0.7703498823182551 0.02533188672260849 0.02636507892507787
14 0.9875 0.68671875 0.025 0.0265625
14 0.8156255840093829 0.8781693585701447 0.02533188672260849 0.026365078925077688
14 0.9118745445921265 0.7986723033931773 0.02533188672260831 0.026365078925077688
14 0.949832795417319 0.9854673771271705 0.02533188672260849 0.02636507892507787
14 0.9639428396084602 0.9737563324029598 0.02533188672260849 0.026365078925077688
14 0.996875 0.93671875 0.00625 0.0265625
10 0.5859375 0.471875 0.0125 0.028125
10 0.8578125 0.4546875 0.025 0.009375
10 0.8606135782098129 0.4897593059534261 0.02533188672260849 0.026365078925077733
10 0.6012223097389735 0.7514303662508908 0.02533188672260831 0.02636507892507787
10 0.7927693470816374 0.8102762032802378 0.023532588382282428 0.02314907366340595
10 0.8609166184522618 0.7526387375516921 0.02533188672260849 0.02636507892507787
10 0.769342579860198 0.8730870164203001 0.02533188672260849 0.026365078925077688
10 0.8017649161678879 0.845531163817699 0.02533188672260849 0.02636507892507787
10 0.9570938014406037 0.7151471718513811 0.02533188672260849 0.02636507892507787
10 0.869544412018703 0.8338054375658095 0.02533188672260849 0.02636507892507787
16 0.6677730375431565 0.6122166768307042 0.03037458423309758 0.03132559471009326
16 0.7377732711469097 0.858591876915409 0.02857528589277152 0.028109589448421346
16 0.782434575711013 0.8645464743269253 0.030256185062934548 0.029763094710093262
23 0.7952370319440792 0.5005672743128079 0.02533188672260849 0.026365078925077688
23 0.8482436327739162 0.499035595415965 0.02533188672260849 0.026365078925077688
23 0.7231187752960946 0.8672234242704555 0.02533188672260849 0.026365078925077688
23 0.8741862130583214 0.7417544454583173 0.02533188672260849 0.02636507892507787
23 0.9424518835991087 0.6825544797297715 0.02533188672260849 0.026365078925077688
23 0.735357743552508 0.9007338742845729 0.02533188672260849 0.026365078925077688
23 0.6609375 0.996875 0.025 0.00625
23 0.6935002850443569 0.9809519953030256 0.02533188672260831 0.02636507892507787
23 0.9359375 0.99140625 0.025 0.0171875
22 0.8183371095291921 0.8321211112009805 0.03349958423309758 0.03150760523343692
22 0.9890625 0.9875 0.021875 0.025
27 0.7088366680419875 0.573268297919744 0.016927390871793336 0.01809755261671846
27 0.6588115120233473 0.6586289452465557 0.020170790041956366 0.019842063140062205
27 0.715251688787912 0.6117847663497129 0.018608290041956365 0.019751057878390377
27 0.6335854464615819 0.7246557636482898 0.020170790041956366 0.019842063140062295
27 0.7144649030956334 0.919840190055471 0.020170790041956366 0.019842063140062295
27 0.7918571199021542 0.8531084453877302 0.020289189212119398 0.021404563140062293
27 0.8756769354639198 0.7836689296733017 0.021970088382282427 0.023058068401734032
27 0.9405216080792995 0.7285572244680996 0.020170790041956366 0.019842063140062295
27 0.792388993552508 0.8974121822335505 0.020170790041956366 0.019842063140062115
27 0.9011854983263928 0.8062950875940444 0.020170790041956366 0.019842063140062295
21 0.7196907350536457 0.6045260031955333 0.018608290041956365 0.019751057878390377
21 0.7928215043496776 0.5427092716819719 0.021970088382282427 0.023058068401734032
21 0.7823762987413113 0.8139927374811048 0.018726689212119396 0.021313557878390378
15 0.5828125 0.76875 0.00625 0.025
15 0.584375 0.98515625 0.009375 0.0234375
15 0.5875 0.97890625 0.015625 0.0203125
15 0.9167405659627509 0.7447205507623413 0.023650987552445456 0.024711573663405772
15 0.8408390715618281 0.8533667796450668 0.021970088382282427 0.023058068401734032
24 0.6109375 0.453125 0.025 0.00625
24 0.6332437495757928 0.6367840373258131 0.023532588382282428 0.02314907366340586
24 0.6847004284149498 0.5941191242139858 0.023532588382282428 0.02314907366340595
24 0.5890625 0.71953125 0.01875 0.0265625
24 0.6330535728112281 0.6803520268024694 0.02533188672260849 0.026365078925077688
24 0.6480040665874508 0.6678142294474227 0.02533188672260849 0.02636507892507778
24 0.7776934118182103 0.5575908190370186 0.02533188672260849 0.026365078925077688
24 0.8042326010303297 0.5358222348502689 0.02533188672260849 0.026365078925077688
27 0.8914142149324211 0.4630757086124969 0.020289189212119398 0.021404563140062206
24 0.6839728423077526 0.901393297919744 0.02677598755244546 0.024893584186749605
24 0.6488389804802536 0.9749973978915092 0.02533188672260849 0.02636507892507787
24 0.6879849134685955 0.9408275242422206 0.028575285892771342 0.028109589448421346
24 0.8640290404429416 0.7936809665050047 0.02533188672260849 0.02636507892507787
24 0.7808002981166113 0.9066429690652533 0.02533188672260849 0.02636507892507787
11 0.5890625 0.6734375 0.01875 0.028125
11 0.9757020914825599 0.6953961139729907 0.02857528589277152 0.028109589448421346
23 0.6515560416923414 0.6209392294474227 0.023532588382282428 0.02314907366340586
31 0.8166617460513077 0.5257646953877301 0.02533188672260849 0.026365078925077688
31 0.9183748435571525 0.7026240560240133 0.02533188672260849 0.026365078925077688
12 0.59140625 0.4625 0.0234375 0.025
12 0.7754159037203332 0.8237317585277923 0.02533188672260849 0.026365078925077688
12 0.61640625 0.99375 0.0265625 0.0125
12 0.8023559894033232 0.8890536506635194 0.02533188672260831 0.02636507892507787
32 0.7281078089137809 0.5550342374105177 0.038542281743586496 0.036468121018452496
20 0.7697750906573674 0.5183841058687215 0.02533188672260849 0.026365078925077688
12 0.8296362653473397 0.4674516664485349 0.03361798340326043 0.03307010523343701
16 0.6939327958415265 0.6262490847514469 0.03361798340326061 0.03307010523343701
23 0.590625 0.76015625 0.021875 0.0328125
20 0.628125 0.9859375 0.03125 0.028125
18 0.723946646871856 0.907620911116276 0.021970088382282427 0.023058068401734032
28 0.8418696979114744 0.8089720375375746 0.03205548340326061 0.03297909997176518
24 0.9305546122284845 0.7369157560381308 0.02533188672260849 0.026365078925077688
21 0.7136710750863131 0.9611099321629635 0.03025618506293437 0.029763094710093262
10 0.7269406696923728 0.9502256400695884 0.030256185062934548 0.029763094710093262
15 0.7683711530956334 0.9167005085277923 0.02533188672260849 0.026365078925077688
24 0.8275694769557684 0.8642510717384416 0.03025618506293437 0.029763094710093262
23 0.8532682165828064 0.8433092401825281 0.03025618506293437 0.029763094710093262