5 0.225 0.31953125 0.45 0.6390625
2 0.49465384716684957 0.5249296517103362 0.023176684145441228 0.021203837946721472
2 0.47780750617386314 0.5555748152464896 0.021514054595791875 0.019577670950527093
0 0.4866213016703564 0.5402681502274616 0.021514054595791875 0.019577670950527093
0 0.47055621067736997 0.570945147261712 0.02317668414544114 0.021203837946721472
6 0.79609375 0.63359375 0.0203125 0.0109375
1 0.8033183598098926 0.05969987703293791 0.01808866594684382 0.014762836958138337
1 0.5674300131136935 0.5137958335352782 0.01808866594684382 0.014762836958138337
6 0.510718938159836 0.4942526546760858 0.021514054595791875 0.019577670950527093
20 0.225 0.81953125 0.45 0.3609375
31 0.79609375 0.81953125 0.4078125 0.3609375