6 0.225 0.284375 0.45 0.56875
22 0.97578125 0.0203125 0.0484375 0.040625
12 0.9953125 0.0640625 0.009375 0.04375
10 0.95390625 0.009375 0.0421875 0.01875
34 0.98359375 0.05390625 0.0328125 0.0546875
17 0.9765625 0.12109375 0.046875 0.0515625
13 0.89140625 0.02421875 0.0515625 0.0484375
29 0.984375 0.13515625 0.03125 0.0421875
22 0.922232820058861 0.061341226343609986 0.04900112133990895 0.052675232139537086
14 0.961004966064588 0.10687790174421181 0.0426602146721816 0.04431592799249984
10 0.9032646440563156 0.04095081390249895 0.04582157733927232 0.04771433006601846
14 0.8734375 0.01484375 0.046875 0.0296875
14 0.99140625 0.16015625 0.0171875 0.0421875
34 0.9421367873965426 0.09508123930310078 0.052144302673454136 0.054511134213055354
21 0.9186271094048148 0.15389987323333224 0.036319308004454244 0.03595662384546294
13 0.9439634640754055 0.18499333982148033 0.05054544000636341 0.051249433176296225
11 0.81171875 0.0265625 0.0515625 0.053125
15 0.98515625 0.24140625 0.0296875 0.0453125
29 0.881444735399406 0.11084364886948972 0.04264203333863605 0.042753427992499836
22 0.824576570058861 0.05279741154615651 0.04900112133990895 0.05267523213953691
23 0.99453125 0.26796875 0.0109375 0.0390625
27 0.9788748134149963 0.23409451263018397 0.03159544533736351 0.032421520735185186
30 0.9535657307447236 0.20534479604203587 0.04107953333863605 0.0426167269557407
23 0.8593788313971789 0.09252358435486015 0.0426602146721816 0.04431592799249984
27 0.7796875 0.00703125 0.03125 0.0140625
14 0.7921875 0.0171875 0.040625 0.034375
30 0.9250589227402694 0.1700716773803693 0.04107953333863605 0.0426167269557407
23 0.8918009800684059 0.1289197056084249 0.04107953333863605 0.0426167269557407
14 0.9044827934038604 0.14563831390249896 0.0426602146721816 0.04431592799249984
30 0.8427998587284972 0.07624447346888799 0.03949885200509069 0.04091752591898139
10 0.9701447034134054 0.2216239069280081 0.03949885200509069 0.04091752591898139
21 0.74339020472627 0.0511577076346752 0.036319308004454334 0.03595662384546294
18 0.8960986760820872 0.22997435768194344 0.03789998933799978 0.03765582488222208
17 0.9198452587523598 0.25858737323333225 0.052144302673454136 0.054511134213055354
18 0.7615771307288154 0.07147976955740667 0.03789998933799978 0.03765582488222208
13 0.9796875 0.33671875 0.040625 0.0515625
11 0.9649492207590413 0.3117021027809711 0.052144302673454136 0.054511134213055354
29 0.9317185500874959 0.2728938810090266 0.04107953333863605 0.0426167269557407
28 0.8676282307447236 0.19782623902027688 0.052144302673454136 0.054511134213055354
21 0.7980237080680878 0.11837389340286952 0.04740225867281787 0.049413531102777776
29 0.8549645987428146 0.18267013072620272 0.04107953333863605 0.0426167269557407
29 0.7212243033895429 0.024243893120045535 0.04107953333863614 0.0426167269557407
29 0.8312543787396329 0.15718211517481392 0.04424089600572696 0.04601512902925915
14 0.8994054894175416 0.24587275975546188 0.04107953333863605 0.0426167269557407
31 0.99375 0.3734375 0.0125 0.04375
14 0.9859375 0.35703125 0.028125 0.0484375
14 0.7822441667329516 0.10372563303527702 0.04107953333863605 0.0426167269557407
30 0.7046875 0.01875 0.046875 0.0375
10 0.7300180480585428 0.042183248822221485 0.0458215773392725 0.04771433006601846
28 0.7490044053946335 0.06413616126333252 0.0426602146721816 0.04431592799249984
27 0.69296875 0.00859375 0.0390625 0.0171875
14 0.68125 0.00546875 0.046875 0.0109375
27 0.8819816320814506 0.22405654835111016 0.03949885200509069 0.04091752591898157
10 0.8400390327418602 0.1743402208769898 0.04582157733927232 0.04771433006601846
14 0.8163015407383604 0.146508455325601 0.04582157733927232 0.04771433006601846
16 0.7665009880649061 0.09220237266768443 0.055287484006999676 0.05634703628657398
34 0.941420814091314 0.30183908722958214 0.052144302673454136 0.054511134213055354
18 0.9511599881046771 0.4010284429317581 0.03789998933799978 0.03765582488222208
13 0.8174196927514051 0.2426022053256009 0.05212612133990877 0.05294863421305536
11 0.7723157307447236 0.18948747577796218 0.05054544000636341 0.051249433176296225
18 0.7992327667488599 0.22228014340286953 0.041061352005090514 0.0410542269557407
22 0.963823620106586 0.4161845512258321 0.04740225867281787 0.049413531102777596
20 0.9400679467695408 0.3867902856744433 0.0473840773392725 0.047851031102777594
20 0.730373131405133 0.1397711483038419 0.05054544000636341 0.051249433176296225
29 0.7913020880808144 0.21144038821907324 0.044240896005727136 0.04601512902925915
23 0.8752781934277228 0.3186855431673138 0.03791817067154533 0.03921832488222208
10 0.7557458487428146 0.17398961489199002 0.04582157733927232 0.04771433006601846
14 0.9243247681014953 0.3752670253068507 0.04582157733927232 0.04771433006601846
10 0.891103188096723 0.3372400535349064 0.0458215773392725 0.04771433006601846
28 0.8554924047580867 0.2951017802078232 0.03791817067154533 0.03921832488222208
23 0.8285844594207232 0.26309036258291574 0.04107953333863605 0.0426167269557407
12 0.9022134107654045 0.3530407107922212 0.0426602146721816 0.04431592799249984
12 0.7415288074076785 0.15947805556115666 0.0458215773392725 0.04771433006601846
14 0.98828125 0.465625 0.0234375 0.046875
14 0.8404850227561778 0.27974062035861014 0.0458215773392725 0.04771433006601846
17 0.965625 0.55390625 0.040625 0.0296875
18 0.6615418627466327 0.19384420216805492 0.036319308004454334 0.03595662384546294
13 0.6323356207431329 0.16553398298800878 0.0426602146721816 0.04431592799249984
18 0.9061298461170855 0.4884020123473601 0.03317612667090888 0.03412072177194432
13 0.6742691294159507 0.21446906046212905 0.0426602146721816 0.04431592799249984
29 0.97890625 0.56171875 0.0421875 0.0140625
21 0.9235446127864035 0.5094369737517119 0.03317612667090906 0.03412072177194432
21 0.7961361334340863 0.35858879029259166 0.03317612667090888 0.03412072177194432
15 0.7201452507558596 0.2668708905281475 0.03633748933799978 0.037519123845462944
18 0.9575747147914943 0.5498760460420359 0.03317612667090888 0.03412072177194432
29 0.7652764847628593 0.3223293700757862 0.03475680800445424 0.03581992280870363
18 0.758154328095132 0.3139017154103696 0.03631930800445442 0.03595662384546294
18 0.624386760741542 0.15313172780421241 0.03317612667090888 0.03412072177194432
13 0.5563629193984515 0.07537858322356446 0.0458215773392725 0.04771433006601846
29 0.820691238104677 0.3896139063623602 0.03475680800445424 0.03581992280870381
29 0.578519730068406 0.10151114773819403 0.03948067067154524 0.03935502591898139
11 0.857864521443313 0.43188888072620274 0.03949885200509069 0.04091752591898157
24 0.843674752108495 0.41972107139536946 0.03317612667090888 0.03412072177194432
23 0.7336719487587231 0.28912659934060103 0.03317612667090888 0.03412072177194432
12 0.9307213134547672 0.5225521284171286 0.03477498933799979 0.03738242280870381
10 0.8697741754455404 0.44932038850189715 0.03793635200509069 0.04078082488222208
24 0.7471168307606321 0.30435105815305474 0.03633748933799978 0.037519123845462944
10 0.9132974561186764 0.5007359170127768 0.03317612667090888 0.03412072177194432
30 0.828667370106586 0.4043599115461564 0.03317612667090888 0.03412072177194432
14 0.7835543174331318 0.3504639319985177 0.03317612667090888 0.03412072177194432
12 0.7716810260979955 0.3361574242228233 0.030032945337363514 0.03228481969842587
28 0.9465553987905398 0.541887888784721 0.03477498933799979 0.03738242280870381
28 0.6489964094127691 0.18884434387398094 0.03159544533736351 0.032421520735185186
28 0.6102515354073603 0.14565141847337912 0.03317612667090888 0.03412072177194432
14 0.5643299607335879 0.08934333840736067 0.03793635200509069 0.04078082488222208
22 0.8903593954487219 0.47453500197976767 0.03951703333863606 0.04248002591898157
14 0.8025315841024497 0.37163559443962874 0.03477498933799979 0.03738242280870381
27 0.7083537754216778 0.259595632752453 0.030014764003817973 0.03072231969842587
10 0.6980611654200869 0.24698832601351786 0.03793635200509069 0.04078082488222208
30 0.6854066240849506 0.23261346771944388 0.03317612667090888 0.03412072177194432
30 0.5857237027370876 0.11697005240361066 0.03317612667090888 0.03412072177194432
25 0.5968339254057694 0.1327707096609254 0.0426602146721816 0.04431592799249984
0 0.7990440521164491 0.474350491329351 0.03949885200509069 0.04091752591898157
1 0.7760878101129494 0.4465870762963419 0.03949885200509069 0.04091752591898157
2 0.8116804121180401 0.48716284962342515 0.03475680800445424 0.03581992280870381
2 0.7879520107813128 0.46011233407203633 0.03948067067154533 0.039355025918981566
6 0.8338554041215399 0.5148579141380546 0.0426602146721816 0.04431592799249984
19 0.86796875 0.55546875 0.0390625 0.0265625
23 0.8473911927911761 0.5378948729505083 0.030032945337363514 0.032284819698426045
10 0.858465052792767 0.550570530207823 0.03475680800445424 0.03581992280870381
4 0.6950656241247215 0.5261290218664808 0.03475680800445433 0.03581992280870381
21 0.5929844087762223 0.4055930549955088 0.03317612667090888 0.03412072177194432
2 0.6808394921228125 0.5108362125356475 0.03949885200509069 0.04091752591898157
20 0.6515696154519036 0.4770572433556012 0.03949885200509069 0.04091752591898157
18 0.48301796809354114 0.2781235829407406 0.03317612667090888 0.03412072177194432
1 0.7053491434595396 0.537955078605416 0.03948067067154515 0.039355025918981566
29 0.5344173834340863 0.3356913666354163 0.04107953333863614 0.0426167269557407
1 0.6665588161202672 0.4908559032048142 0.0426602146721816 0.04431592799249984
29 0.48934069342772296 0.28492038708777756 0.03159544533736343 0.032421520735185186
10 0.5676935074394951 0.37840583840736064 0.03317612667090888 0.03412072177194432
23 0.47355206142581385 0.269490876720185 0.03159544533736343 0.032421520735185186
24 0.6096906507797221 0.4328096658814811 0.03477498933799979 0.03738242280870381
14 0.5456003314369499 0.3577420238927312 0.03159544533736343 0.032421520735185186
32 0.520263976766359 0.3266485573045831 0.03793635200509069 0.04078082488222208
14 0.49574523476285925 0.29874844123481453 0.03159544533736347 0.032421520735185186
14 0.6199832607813128 0.445416972620416 0.03477498933799979 0.03738242280870381
14 0.5820014554423587 0.40072989773819395 0.03317612667090888 0.03412072177194432
14 0.50681909476445 0.3114240984921294 0.03477498933799979 0.03738242280870363
10 0.4546875 0.2359375 0.009375 0.0375
27 0.5550844194382225 0.3679372301132867 0.02685340133672707 0.027323917624907424
25 0.6271963241167674 0.46165712728583286 0.03791817067154515 0.03921832488222208
16 0.4640625 0.2578125 0.028125 0.040625
25 0.5955099721116767 0.42142310655064785 0.03949885200509069 0.04091752591898157
18 0.24546512968749998 0.56875 0.034441464062499996 0.8137475671875001 0.0221164765625 0.8348284375 0.0822419328125 0.905945759375 0.11735944843749999 0.888051540625 0.3774528578125 0.56875 0.24546512968749998 0.56875
28 0.725 0.784375 0.55 0.43125