33 0.19765625 0.184375 0.3421875 0.36875
1 0.4578125 0.184375 0.178125 0.36875
1 0.64921875 0.14609375 0.3609375 0.2921875
1 0.759375 0.1234375 0.3625 0.246875
2 0.425 0.184375 0.1125 0.36875
5 0.81953125 0.10390625 0.3609375 0.2078125
8 0.5671875 0.165625 0.378125 0.33125
9 0.51953125 0.184375 0.3015625 0.36875
5 0.0796875 0.465625 0.159375 0.19375
15 0.38125 0.41015625 0.025 0.0546875
21 0.45390625 0.3921875 0.0203125 0.046875
18 0.4953125 0.38671875 0.01875 0.0359375
18 0.44453125 0.39453125 0.0203125 0.0515625
16 0.546875 0.38125 0.040625 0.025
24 0.59453125 0.3734375 0.0296875 0.009375
22 0.4250332402879244 0.40581933443359014 0.04263378121376693 0.046709979254075586
23 0.5125 0.38515625 0.03125 0.0328125
14 0.57265625 0.37734375 0.0296875 0.0171875
10 0.3972430801362036 0.413360069911443 0.030133781213766975 0.045762785892771426
34 0.471875 0.39765625 0.034375 0.0578125
16 0.6296875 0.375 0.034375 0.0125
13 0.8578125 0.37578125 0.034375 0.0140625
18 0.5516118446800711 0.4435892537249776 0.01970646424430509 0.05118399170163031
21 0.5626768904377056 0.4411979595338364 0.01970646424430509 0.05118399170163031
29 0.5841532777106092 0.4349120707366357 0.025828918486670637 0.050095088382282424
17 0.6024408921046955 0.42964423027976084 0.03427914727484334 0.058499584233097576
29 0.77421875 0.3875 0.0296875 0.0375
29 0.6874376454386755 0.40612237467603907 0.028953918486670636 0.050331886722608396
29 0.82109375 0.38046875 0.0265625 0.0234375
13 0.4483912498308221 0.47159769978557425 0.03427914727484325 0.058499584233097576
31 0.7378202827115791 0.3976461012308223 0.02987868969849785 0.04263778589277143
14 0.48276624983082217 0.46899291804198756 0.03013378121376693 0.04576278589277152
22 0.6528235293775992 0.4211679568345441 0.04263378121376711 0.046709979254075586
24 0.7577979428632999 0.3906973616037845 0.02987868969849785 0.04263778589277143
10 0.5376290930130811 0.4531893966713634 0.02869882697140156 0.04720688672260849
14 0.6258146192258783 0.42864949272731556 0.03013378121376693 0.04576278589277152
14 0.79296875 0.3859375 0.0296875 0.034375
10 0.88203125 0.3734375 0.0296875 0.009375
22 0.378125 0.5 0.01875 0.046875
10 0.4040832693756595 0.4912599269650574 0.03195137272903605 0.04900618506293455
22 0.509775159982543 0.4615113821492162 0.04263378121376693 0.046709979254075586
24 0.7052788496810409 0.4063232842191643 0.03013378121376693 0.04576278589277134
24 0.83984375 0.378125 0.0296875 0.01875
23 0.42634090664856317 0.48491483858277495 0.02987868969849785 0.04263778589277152
34 0.9046875 0.37734375 0.034375 0.0171875
18 0.6992204261934004 0.4805420342191643 0.019706464244305267 0.05118399170163031
18 0.8556775913460912 0.4376297159581064 0.019706464244305267 0.05118399170163031
15 0.9288280489224366 0.4165583541306074 0.029209010001939716 0.0534568867226084
18 0.6601739016475933 0.49281781388815843 0.019961555759574166 0.0543089917016303
17 0.5489494881618925 0.52376200579957 0.03427914727484325 0.0584995842330974
21 0.6904353575569486 0.4835369796550609 0.01970646424430509 0.05118399170163031
28 0.44384752891855717 0.5557951010303297 0.03427914727484325 0.058499584233097576
29 0.4622626890702781 0.5489647605734549 0.025828918486670637 0.050095088382282424
28 0.6022498313441516 0.5080768835991087 0.03427914727484325 0.058499584233097576
28 0.4009585272515673 0.5675856286247314 0.03246155575957421 0.055256185062934546
29 0.5311880322525371 0.5320956466713633 0.025828918486670637 0.050095088382282424
15 0.8437675227096394 0.4408614597343291 0.031026601517208617 0.05670028589277134
17 0.8930340701342638 0.42703483545927534 0.029209010001939716 0.05345688672260831
29 0.9128841845283503 0.42164859583223757 0.029209010001939716 0.05345688672260831
29 0.9828125 0.40078125 0.034375 0.0546875
23 0.38046875 0.57265625 0.0234375 0.0546875
29 0.7306617448298522 0.4758303008159038 0.026084010001939717 0.05322008838228243
24 0.948231753164802 0.41664086450356946 0.029751143940863402 0.04107528589277143
27 0.9688631175588883 0.41119542529145026 0.02337359818322895 0.03903918921211931
27 0.99296875 0.40078125 0.0140625 0.0390625
24 0.48004012043382627 0.5499469201165801 0.02987868969849785 0.04263778589277134
28 0.7478492448298523 0.4745279099441106 0.02675368969849785 0.04240098755244546
14 0.5712868737678062 0.5259514678322063 0.03013378121376693 0.04576278589277152
24 0.6247147627076998 0.508703845631745 0.03013378121376693 0.04576278589277152
10 0.6755438101323242 0.4947588221865281 0.03013378121376693 0.04576278589277134
28 0.7144627889204969 0.48404554251753407 0.02675368969849785 0.04240098755244546
12 0.6461273771017861 0.503199206834544 0.030133781213767107 0.04576278589277152
25 0.5034138475550091 0.5489521825641347 0.03427914727484325 0.0584995842330974
16 0.8730086125579184 0.4440806255012316 0.03427914727484325 0.0584995842330974
25 0.384375 0.65078125 0.03125 0.0515625
21 0.8665515763431817 0.5136710750863133 0.021906693032477876 0.059114890871793335
13 0.454785286794465 0.6310552101585364 0.03714905575957417 0.05561138257342346
30 0.4800403783097341 0.626035823435928 0.038966647274843245 0.05885478174358649
14 0.5048330842190895 0.6171693862984011 0.03246155575957417 0.055256185062934546
21 0.5755760189166176 0.5970568732261465 0.03246155575957417 0.055256185062934546
14 0.6216537934624247 0.5842482972914189 0.03246155575957417 0.055256185062934546
14 0.40708123936984053 0.644763435263427 0.03220646424430518 0.05213118506293437
27 0.43012012664274407 0.6383591472960632 0.035586555759574166 0.055492983403260435
27 0.7280631611904911 0.5552218028904962 0.035586555759574166 0.05549298340326061
16 0.7631396628574809 0.5440232711469097 0.040656693032477875 0.0605356809137497
21 0.8584839848279125 0.5173880709371282 0.021524055759574168 0.05442739087179334
21 0.9252568966466235 0.4983528057902813 0.021906693032477876 0.059114890871793335
24 0.5970524061895212 0.5907709844289457 0.040656693032477785 0.06053568091374952
15 0.6446926807353284 0.577844009324055 0.029209010001939716 0.05345688672260831
21 0.6852379324023183 0.5662310804848978 0.03246155575957417 0.055256185062934546
25 0.8235350289185572 0.5270241026807148 0.03246155575957417 0.05525618506293437
15 0.6629802951294147 0.5725761688671802 0.03220646424430509 0.05213118506293455
14 0.7043067967964046 0.5609040404429416 0.03427914727484325 0.058499584233097576
10 0.7893673230092018 0.5366009348392199 0.038584010001939714 0.05416728174358667
14 0.9811082839195271 0.4894621352494939 0.03013378121376693 0.04576278589277152
24 0.8421574831609228 0.5271658126387585 0.02987868969849785 0.04263778589277134
28 0.8819214848279125 0.5156120833846829 0.02869882697140156 0.04720688672260849
12 0.9129004178584508 0.507053299566504 0.03220646424430527 0.05213118506293455
28 0.9606044652830752 0.4933450744616133 0.02675368969849785 0.04240098755244546
24 0.9406905780101716 0.49951256408865097 0.02987868969849785 0.04263778589277152
16 0.4695655217915554 0.7068005713613356 0.03883910151720871 0.05729228174358649
10 0.49501193194327636 0.6994374346387271 0.0388391015172088 0.05729228174358667
18 0.41789145148811374 0.7215860443916338 0.020216647274843246 0.057433991701630306
13 0.5633473437619871 0.6802837703217172 0.03427914727484325 0.058499584233097576
29 0.5249545234585454 0.6940628504056298 0.02764651000193972 0.053338487552445454
32 0.39896610830585477 0.7346663848485087 0.036256235456132435 0.04467388257342346
24 0.3734375 0.74296875 0.009375 0.0421875
23 0.4348238599728447 0.7234086535198406 0.03013378121376702 0.04576278589277152
24 0.5420782505797281 0.6935417095338364 0.028316189698497852 0.042519386722608486
10 0.5865297522467181 0.6816327827692718 0.03195137272903601 0.04900618506293455
34 0.6083409793679009 0.6807564443869895 0.03427914727484325 0.058499584233097576
21 0.6473399643649913 0.7546666184522618 0.015561098183228771 0.03844719336130424
23 0.7649419236083267 0.721686329860198 0.02987868969849785 0.04263778589277134
15 0.555965665273377 0.7802245707366356 0.02375623545613248 0.0437266892121194
11 0.6338036228497222 0.7587980113986474 0.02675368969849785 0.04240098755244528
34 0.783229538002413 0.7164184894033232 0.02987868969849785 0.04263778589277134
1 0.44611243315122434 0.8133941134778843 0.02700878121376693 0.045525987552445454
21 0.7220529219413366 0.7334768574545996 0.01581618969849785 0.041572193361304244
29 0.7306466719413367 0.732825662018703 0.0235011439408634 0.040601689212119395
19 0.38930445269606173 0.8340035340186717 0.026084010001939672 0.05322008838228243
22 0.6016608025462805 0.772103494801908 0.03418355242559432 0.03830548340326061
10 0.4030321128477826 0.8275283910722859 0.02480855242559432 0.03759508838228243
10 0.6580861457285396 0.7561815742611205 0.02493609818322895 0.03915758838228243
31 0.693816351637895 0.7464863429324525 0.02455346091032524 0.034470088382282424
23 0.42047470436305173 0.8231010002004926 0.024681006667959783 0.03603258838228225
27 0.5682743466369251 0.7816211273753314 0.0181759151526907 0.032433991701630305
30 0.6771550101226259 0.7508545342191644 0.021428460910325242 0.03423329004195637
24 0.5801844152733769 0.7783893835991087 0.024681006667959783 0.036032588382282425
14 0.7097602160319813 0.7413961012308222 0.024681006667959693 0.036032588382282425
21 0.573902980116807 0.9124091860886197 0.01581618969849794 0.041572193361304244
18 0.906986289210361 0.8172920599394662 0.01581618969849785 0.041572193361304244
29 0.6652772792084213 0.8868512338042457 0.02987868969849785 0.04263778589277152
11 0.8139857172399292 0.8437496613940031 0.027008781213767107 0.045525987552445454
29 0.8798498333010055 0.8263360958322374 0.02337359818322895 0.03903918921211939
17 0.8950124476950918 0.8213050537156888 0.027008781213767107 0.045525987552445454
29 0.7320501910271322 0.8678159686573987 0.0235011439408634 0.040601689212119395
18 0.7400540096635839 0.8648802228065836 0.01581618969849785 0.041572193361304244
2 0.48402740814637524 0.9386299892028305 0.02700878121376693 0.045525987552445454
27 0.6275381631473451 0.9021336143030769 0.01817591515269079 0.032433991701630305
14 0.7172861893601421 0.877475311188866 0.024681006667959693 0.036032588382282425
24 0.8301368757246601 0.8456314701072912 0.024681006667959693 0.036032588382282425
29 0.8624072417857365 0.8307634867040308 0.0235011439408634 0.040601689212119395
14 0.6409469589049795 0.8995647213566912 0.024681006667959693 0.036032588382282425
14 0.7006248478448731 0.8818435024755779 0.02493609818322895 0.03915758838228243
28 0.9199486748162746 0.8201919169930804 0.021428460910325242 0.03423329004195637
14 0.5281600454192787 0.930627312438266 0.024681006667959783 0.036032588382282425
10 0.611658071632076 0.9064426060047073 0.02493609818322895 0.03915758838228243
14 0.586992911480355 0.9137465431422338 0.024681006667959783 0.036032588382282425
32 0.6807747334507868 0.8872297421026156 0.03262105242559432 0.03818708423309758
10 0.7959691698153047 0.8552083022657964 0.02493609818322895 0.03915758838228243
30 0.8484882629975639 0.8395823796504166 0.021428460910325242 0.03423329004195637
24 0.5448213869345478 0.9262591211515542 0.02455346091032524 0.034470088382282424
23 0.7532077139059494 0.8654363298601979 0.024681006667959693 0.036032588382282425
16 0.7710489181483149 0.8656372394033232 0.02700878121376693 0.045525987552445454
25 0.5126147937522888 0.9403458545548146 0.02700878121376693 0.045525987552445454
25 0.5636351598133651 0.9240570811095978 0.02700878121376702 0.045525987552445454