16 0.2140625 0.2515625 0.35 0.375
17 0.8335871901866628 0.03699034392764711 0.010030097241038049 0.013100777297895938
17 0.8140183186353653 0.05381689852343898 0.010030097241038049 0.013100777297895938
17 0.6793567135924112 0.06789678979328055 0.010030097241038049 0.013100777297895938
17 0.658279573723748 0.1432169648394231 0.010030097241038049 0.013100777297895938
17 0.544062186229934 0.37633795034145373 0.010030097241038049 0.013100777297896115
17 0.542190906265465 0.10004556061277156 0.010030097241038049 0.013100777297895761
17 0.5370729590698555 0.19770181061277156 0.010030097241038049 0.013100777297895761
17 0.510468436229934 0.3784907356589141 0.010030097241038049 0.013100777297896115
17 0.5087897495497741 0.41052198565891407 0.010030097241038049 0.013100777297896115
17 0.3996238687262224 0.2501130166574378 0.010030097241038005 0.013100777297895938
27 0.8324308039360442 0.014484288252121048 0.009866322930778538 0.00997577729789576
27 0.8273980659218318 0.12537172347729647 0.009866322930778538 0.009975777297895939
27 0.7968220160581174 0.3819418985234389 0.009866322930778538 0.009975777297896116
27 0.6791829732033496 0.026640734117754583 0.009866322930778538 0.009975777297895939
27 0.6618638398934071 0.3571094841177544 0.009866322930778538 0.009975777297896116
27 0.6586004782917323 0.10737959438907244 0.009866322930778538 0.009975777297895939
27 0.5526160719147257 0.1982630151162783 0.009866322930778538 0.009975777297895939
27 0.542625838988896 0.3888880151162784 0.009866322930778538 0.009975777297896116
27 0.5432521172558843 0.06493937538759616 0.009866322930778538 0.009975777297895939
27 0.5283077114447046 0.35009562538759614 0.009866322930778538 0.009975777297895939
27 0.5288487805302959 0.012915800433738679 0.009866322930778538 0.009975777297895939
27 0.4097181637286968 0.3397867859357692 0.009866322930778538 0.009975777297895939
27 0.4064426775235067 0.4022867859357692 0.009866322930778538 0.009975777297896116
27 0.403125 0.43671875 0.009375 0.0046875
27 0.40178723428462615 0.17911939620708708 0.009866322930778538 0.00997577729789576
27 0.39296875 0.3546875 0.0078125 0.009375
14 0.82727191316287 0.11292178825212104 0.010030097241038049 0.013100777297895761
14 0.8247334113538475 0.16135928825212104 0.010030097241038049 0.013100777297895761
14 0.81736356739217 0.30198428825212104 0.010030097241038049 0.013100777297895761
14 0.8124181970840677 0.06949196329826365 0.010030097241038049 0.013100777297895938
14 0.805089296699955 0.20933571329826367 0.010030097241038049 0.013100777297895938
14 0.8018956976498947 0.27027321329826365 0.010030097241038049 0.013100777297895938
14 0.7953856688170795 0.3944919632982636 0.010030097241038049 0.013100777297896115
14 0.7921875 0.434375 0.009375 0.009375
14 0.6798790140219525 0.013359484117754583 0.010193871551297562 0.016225777297895937
14 0.6747201232487782 0.11179698411775459 0.010030097241038049 0.013100777297895938
14 0.6623672874277009 0.03550459438907243 0.010030097241038049 0.013100777297895938
14 0.6579044374731294 0.12066084438907243 0.010030097241038049 0.013100777297895938
14 0.6531959260531687 0.21050459438907243 0.010030097241038049 0.013100777297895938
14 0.6479142045472998 0.3112858443890724 0.010030097241038049 0.013100777297895938
14 0.6439426775235068 0.38706709438907244 0.010030097241038049 0.013100777297895761
14 0.5533121127333286 0.1849817651162783 0.010030097241038049 0.013100777297895938
14 0.5453125 0.00546875 0.009375 0.0109375
14 0.5451355218238686 0.029001875387596153 0.010030097241038049 0.013100777297895938
14 0.5406317282917323 0.11493937538759616 0.010030097241038049 0.013100777297895938
14 0.5289628086857426 0.33759562538759613 0.010111984396167806 0.014663277297895938
14 0.52890625 0.003125 0.0109375 0.00625
14 0.5217245980340075 0.14885330043373868 0.010030097241038049 0.013100777297895938
14 0.42552238466873893 0.03822428593576923 0.010030097241038005 0.013100777297895938
14 0.41700612053524466 0.20072428593576924 0.010030097241038005 0.013100777297895938
14 0.4127856100197951 0.2663993507105939 0.010030097241038049 0.013100777297895938
14 0.41050821630594464 0.012713146207087078 0.010030097241038049 0.013100777297895761
14 0.40927990897899846 0.03615064620708708 0.010030097241038049 0.013100777297895761
14 0.40587494798857904 0.07140702575673644 0.010030097241038005 0.013100777297895938
14 0.39140625 0.403125 0.0046875 0.015625
10 0.8287868255327704 0.08401553825212105 0.010030097241038049 0.013100777297895761
10 0.83203125 0.003125 0.0109375 0.00625
10 0.819656407735803 0.258234288252121 0.010030097241038049 0.013100777297895761
10 0.813064491747858 0.38401553825212104 0.010030097241038049 0.013100777297896115
10 0.8066042090698555 0.18042946329826365 0.010030097241038049 0.013100777297895938
10 0.8007083339005133 0.29292946329826364 0.010030097241038049 0.013100777297895938
10 0.7946077408433468 0.40933571329826357 0.010030097241038049 0.013100777297896115
10 0.6592555755327704 0.09487959438907242 0.010030097241038049 0.013100777297895938
10 0.6559391457500154 0.15816084438907244 0.010030097241038049 0.013100777297895938
10 0.6459489128241857 0.34878584438907245 0.010030097241038049 0.013100777297895761
10 0.556464768205824 0.1248255151162783 0.010030097241038049 0.013100777297895938
10 0.5549907994134885 0.1529505151162783 0.010030097241038049 0.013100777297895938
10 0.548890206356322 0.2693567651162783 0.010030097241038049 0.013100777297895938
10 0.5426379635924112 0.07665812538759616 0.010030097241038049 0.013100777297895938
10 0.5351452888980389 0.21962687538759615 0.010193871551297562 0.016225777297895937
10 0.5323611256236274 0.27275187538759615 0.010030097241038049 0.013100777297895938
10 0.5272841220055827 0.36962687538759625 0.010030097241038049 0.013100777297896115
10 0.5260646172558844 0.06604080043373868 0.010030097241038049 0.013100777297895938
10 0.5072715151536064 0.42463455043373877 0.010030097241038049 0.013100777297896115
10 0.42578125 0.003125 0.0109375 0.00625
10 0.42400415027257116 0.05233685071059391 0.010030097241038049 0.013100777297895938
10 0.42024066316286995 0.13900553593576923 0.010030097241038049 0.013100777297895938
10 0.4178626136378398 0.1695243507105939 0.010030097241038049 0.013100777297895938
10 0.4151603375185579 0.22108685071059392 0.010030097241038005 0.013100777297895938
13 0.81640625 0.00234375 0.0109375 0.0046875
13 0.8022365343754831 0.32319795419896497 0.010030097241038049 0.013100777297895938
13 0.6559457898025501 0.18774821483942308 0.010030097241038049 0.013100777297895938
13 0.6538986109243063 0.22681071483942308 0.010030097241038049 0.013100777297895938
13 0.5343706829505737 0.24926431061277157 0.010030097241038049 0.013100777297895761
24 0.8216216994589172 0.22073428825212105 0.010193871551297562 0.01622577729789576
24 0.8149512183421097 0.36287172347729635 0.010030097241038049 0.013100777297896115
24 0.8144653759623116 0.03042946329826366 0.010030097241038049 0.013100777297895938
24 0.8092245980340074 0.13042946329826366 0.010030097241038049 0.013100777297895938
24 0.6761940920411137 0.08367198411775459 0.010030097241038049 0.013100777297895938
24 0.6731642673013128 0.14148448411775458 0.010030097241038049 0.013100777297895938
24 0.6691108531223902 0.2188282341177546 0.010030097241038049 0.013100777297895938
24 0.6663676334255435 0.27117198411775456 0.010030097241038049 0.013100777297895938
24 0.6634196958408725 0.3274219841177546 0.010030097241038049 0.013100777297895938
24 0.6420183293779576 0.4237858443890724 0.010193871551297562 0.01622577729789576
24 0.5610504488930902 0.03732551511627831 0.010030097241038049 0.013100777297895938
24 0.5510602159672604 0.2279505151162783 0.010030097241038049 0.013100777297895938
24 0.5458603816165212 0.3271692651162783 0.010193871551297562 0.016225777297895937
24 0.5420116853254229 0.4006067651162784 0.010030097241038049 0.013100777297896115
24 0.5272519810052658 0.04338455043373868 0.010030097241038049 0.013100777297895938
24 0.5193498705352446 0.19416580043373868 0.010030097241038049 0.013100777297895938
24 0.5140681490293757 0.2949470504337387 0.010030097241038049 0.013100777297895938
24 0.4104551481248645 0.32572428593576924 0.010030097241038005 0.013100777297895938
24 0.40795758989340714 0.37338053593576925 0.010030097241038005 0.013100777297896115
24 0.40555404342059465 0.10724439620708708 0.010030097241038049 0.013100777297895761
24 0.40252421868079385 0.16505689620708708 0.010030097241038049 0.013100777297895761
24 0.39683306139927615 0.27365064620708707 0.010030097241038005 0.013100777297895761
24 0.39296875 0.32421875 0.0078125 0.0140625
18 0.8127878527837058 0.43386534392764703 0.009620661465389268 0.005288277297896116
18 0.8044375214851843 0.23662939852343898 0.009538774310259512 0.003725777297895938
18 0.8011720013587965 0.343510454198965 0.009538774310259512 0.003725777297895938
18 0.6737064998884583 0.17570928979328054 0.009620661465389268 0.005288277297895938
18 0.6610139908433468 0.4178967897932807 0.009620661465389268 0.005288277297896116
18 0.5381374920865423 0.17738931061277158 0.009620661465389268 0.00528827729789576
18 0.520704330621153 0.18317823565891408 0.009620661465389268 0.00528827729789576
18 0.5119424050222696 0.3503657356589141 0.009620661465389268 0.00528827729789576
18 0.42507864936806 0.07640540638611988 0.009620661465389268 0.00528827729789576
18 0.4064902651536063 0.43109290638611986 0.009620661465389268 0.005288277297896116
18 0.400770288898039 0.22823801665743781 0.009620661465389268 0.005288277297895938
18 0.39296875 0.38203125 0.0078125 0.0046875
25 0.8111898897571216 0.09292946329826365 0.010030097241038049 0.013100777297895938
25 0.5371415581199158 0.1369645697120702 0.010030097241038049 0.013100777297895938
30 0.8296056970840677 0.06839053825212105 0.010030097241038049 0.013100777297895761
30 0.8216250214851843 0.23552797347729645 0.010030097241038049 0.013100777297895938
30 0.8110582564471791 0.422296788252121 0.010030097241038049 0.013100777297896115
30 0.8084876136378398 0.14449196329826366 0.010030097241038049 0.013100777297895938
30 0.6626008242895749 0.3430469841177546 0.010030097241038049 0.013100777297895938
30 0.6599804353254228 0.3930469841177544 0.010030097241038049 0.013100777297896115
30 0.6631042718238687 0.02144209438907243 0.010030097241038049 0.013100777297895938
30 0.5601906337642277 0.05373176511627831 0.010030097241038049 0.013100777297895938
30 0.5450415100652236 0.3427942651162783 0.010030097241038049 0.013100777297895938
30 0.5411109266189956 0.4177942651162784 0.010030097241038049 0.013100777297896115
30 0.5225434695853051 0.13322830043373868 0.010030097241038049 0.013100777297895938
30 0.513290221055643 0.3097908004337387 0.010030097241038049 0.013100777297895938
30 0.4071387183421097 0.38900553593576925 0.010030097241038049 0.013100777297896115
30 0.4046942282917323 0.12365064620708707 0.010030097241038049 0.013100777297895761
30 0.39296875 0.33984375 0.0078125 0.0140625
16 0.8240716700602748 0.1442719178017704 0.010030097241038049 0.013100777297895938
16 0.67890625 0.00390625 0.0109375 0.0078125
16 0.5525684842846261 0.16945689466592767 0.010030097241038049 0.013100777297895938
16 0.53828125 0.43203125 0.0109375 0.0140625
16 0.5089845013587964 0.3622346799833881 0.010030097241038049 0.013100777297896115
16 0.4170846856641071 0.1843681007105939 0.010030097241038005 0.013100777297895938
21 0.8126262369981596 0.08037939852343898 0.009538774310259512 0.003725777297895938
21 0.6552906925615121 0.20024821483942307 0.009620661465389268 0.005288277297895938
21 0.5490573026928489 0.28102545034145365 0.009620661465389268 0.005288277297895938
21 0.540839768205824 0.12582681061277157 0.009538774310259512 0.0037257772978957606
21 0.4247101571699761 0.08343665638611988 0.009538774310259512 0.0037257772978957606
21 0.41031014247065506 0.046206766657437816 0.009538774310259512 0.003725777297895938
29 0.8326797874277009 0.02459047347729646 0.009866322930778538 0.009975777297895939
29 0.8249005076903744 0.17302797347729645 0.009866322930778538 0.009975777297895939
29 0.8156472591607125 0.34959047347729644 0.009866322930778538 0.009975777297895939
29 0.81015625 0.43671875 0.0109375 0.0046875
29 0.8159017232033496 0.017879398523438984 0.009866322930778538 0.009975777297895939
29 0.8048469572608331 0.22881689852343898 0.009866322930778538 0.009975777297895939
29 0.6721097003634282 0.20617803979328056 0.009866322930778538 0.009975777297895939
29 0.66257864936806 0.061185714839423075 0.009866322930778538 0.009975777297895939
29 0.6508687861845055 0.2846232148394231 0.009866322930778538 0.009975777297895939
29 0.5594979149718922 0.08180670034145363 0.009866322930778538 0.009975777297895939
29 0.5525375067858633 0.21461920034145363 0.009866322930778538 0.009975777297895939
29 0.5447582270485369 0.3630567003414537 0.009866322930778538 0.009975777297896116
29 0.5446475209193575 0.05317056061277157 0.009866322930778538 0.00997577729789576
29 0.5378099434660232 0.18363931061277156 0.009866322930778538 0.00997577729789576
29 0.5287292718238688 0.03005323565891409 0.009866322930778538 0.00997577729789576
29 0.5211956535519315 0.1738032356589141 0.009866322930778538 0.00997577729789576
29 0.5091139761440258 0.38947830043373877 0.009866322930778538 0.009975777297896116
29 0.3986755223896955 0.23849439620708707 0.009866322930778538 0.00997577729789576
29 0.3921875 0.39140625 0.00625 0.0109375
28 0.95546875 0.003125 0.0109375 0.00625
28 0.8242454104493365 0.18552797347729647 0.010030097241038049 0.013100777297895938
28 0.8165446958408724 0.31760928825212104 0.010030097241038049 0.013100777297895761
28 0.8165889614447046 0.33162172347729646 0.010030097241038049 0.013100777297895938
28 0.8126993215760414 0.40584047347729635 0.010030097241038049 0.013100777297896115
28 0.8081224434660232 0.16631689852343898 0.010030097241038049 0.013100777297895938
28 0.793870756447179 0.42339821329826355 0.010030097241038049 0.013100777297896115
28 0.6754980512225108 0.09695323411775458 0.010030097241038049 0.013100777297895938
28 0.6707895398025501 0.18679698411775458 0.010030097241038049 0.013100777297895938
28 0.6592025073516903 0.4078907341177544 0.010030097241038049 0.013100777297896115
28 0.6616303030315331 0.04956709438907243 0.010030097241038049 0.013100777297895938
28 0.6604019957045868 0.07300459438907243 0.010030097241038049 0.013100777297895938
28 0.6466858972203534 0.3347233443890724 0.010030097241038049 0.013100777297895938
28 0.530805269676162 0.30243937538759613 0.010030097241038049 0.013100777297895938
28 0.5209876136378397 0.16291580043373868 0.010030097241038049 0.013100777297895938
28 0.5177940145877794 0.2238533004337387 0.010193871551297562 0.016225777297895937
28 0.42326716587640334 0.06639935071059391 0.010030097241038049 0.013100777297895938
28 0.4120076820460625 0.2812431007105939 0.009866322930778538 0.009975777297895939
28 0.4113935283825894 0.2929618507105939 0.010030097241038049 0.013100777297895938
28 0.4082153759623116 0.056463146207087075 0.010030097241038005 0.013100777297895761
28 0.3921875 0.371875 0.00625 0.0125
11 0.6754703957500154 0.1569092250184559 0.010030097241038049 0.013100777297895761
11 0.6631840004542852 0.37649053979328073 0.010030097241038049 0.013100777297896115
11 0.6526293600197952 0.25102946483942307 0.010193871551297562 0.016225777297895937
34 0.8224405710102145 0.20510928825212105 0.010030097241038049 0.013100777297895761
34 0.808480969585305 0.11490459284791292 0.010030097241038049 0.013100777297895938
34 0.663416373814605 0.31262829889257926 0.010030097241038049 0.013100777297895761
34 0.6495486256236274 0.2652421591638971 0.010030097241038049 0.013100777297895938
34 0.5450348660126889 0.31320689466592766 0.010030097241038049 0.013100777297895938
34 0.5233845160581174 0.3994645697120703 0.010030097241038049 0.013100777297896115
34 0.5229462613084191 0.09582842998338803 0.010030097241038049 0.013100777297895938
34 0.5133654641582381 0.278640929983388 0.010030097241038049 0.013100777297895938
34 0.4202716406616327 0.09384323026024326 0.010030097241038005 0.013100777297895938
34 0.40799521144470463 0.3578056007105939 0.010030097241038005 0.013100777297895761
34 0.4032069713943273 0.09260090530638579 0.010030097241038049 0.013100777297895938
34 0.39296875 0.31015625 0.0078125 0.0140625
15 0.4126318017883377 0.31390540638611986 0.009866322930778538 0.00997577729789576
22 0.8028783435114517 0.25152321329826366 0.010521420171816587 0.02247577729789594
22 0.6450072105401935 0.36675459438907243 0.010521420171816587 0.02247577729789576
22 0.5575293012225109 0.10451301511627831 0.010521420171816587 0.02247577729789594
22 0.5118981394184373 0.3363533004337387 0.010521420171816499 0.02247577729789594
22 0.42122330902442695 0.12025553593576924 0.010521420171816499 0.02247577729789594
12 0.8187556490293758 0.27542178825212105 0.010030097241038049 0.013100777297895761
12 0.8181005517883377 0.28792178825212106 0.010193871551297562 0.01622577729789576
12 0.7967368068767204 0.36871071329826355 0.010030097241038049 0.013100777297896115
12 0.6427962573516902 0.4089420943890724 0.010030097241038049 0.013100777297895761
12 0.5625653612629906 0.008419265116278307 0.010193871551297562 0.016225777297895937
12 0.561746489711693 0.02404426511627831 0.010030097241038049 0.013100777297895938
12 0.41434146596726046 0.23671185071059392 0.010030097241038049 0.013100777297895938
12 0.4143038444159629 0.25228678593576925 0.010193871551297518 0.016225777297895937
31 0.806566587518558 0.19600439852343898 0.010030097241038049 0.013100777297895938
31 0.40546003166194977 0.4210367859357692 0.010030097241038049 0.013100777297896115
20 0.8288310911366026 0.09802797347729646 0.010030097241038049 0.013100777297895938
20 0.6703081829505736 0.24055303979328055 0.010030097241038049 0.013100777297895938
20 0.5485250361845055 0.29118170034145363 0.010030097241038049 0.013100777297895938
20 0.40273558062115294 0.1907380166574378 0.009866322930778538 0.009975777297895939
23 0.7999713495043455 0.30699196329826367 0.010030097241038049 0.013100777297895938
23 0.7982959848504529 0.3538168985234389 0.010030097241038049 0.013100777297896115
23 0.6671455613992762 0.25632823411775457 0.010030097241038049 0.013100777297895938
23 0.6580560871798736 0.4297657341177544 0.010111984396167806 0.014663277297896116
23 0.6552021613538476 0.17222334438907244 0.010030097241038049 0.013100777297895938
23 0.640625 0.4359375 0.009375 0.00625
23 0.5594127057904952 0.06857551511627831 0.010030097241038049 0.013100777297895938
23 0.5556868402320914 0.1396692651162783 0.010030097241038049 0.013100777297895938
23 0.5343264173467415 0.23525187538759615 0.010030097241038049 0.013100777297895938
23 0.5315831976498947 0.28759562538759614 0.010030097241038049 0.013100777297895938
23 0.526547137609415 0.38368937538759623 0.010030097241038049 0.013100777297896115
23 0.5253276328597166 0.08010330043373867 0.010030097241038049 0.013100777297895938
23 0.5185719425615121 0.20900955043373867 0.010193871551297562 0.016225777297895937
23 0.4267506919956852 0.014786785935769231 0.010030097241038005 0.013100777297895938
23 0.41946273518913724 0.15384928593576924 0.010030097241038049 0.013100777297895938
23 0.3960141898479786 0.28927564620708707 0.010030097241038005 0.013100777297895761
25 0.99765625 0.00625 0.0046875 0.0125
26 0.8304245686353653 0.05276553825212105 0.010030097241038049 0.013100777297895761
2 0.7325016457500154 0.15325449645625566 0.010030097241038049 0.013100777297895938
32 0.6779546658764033 0.05007823411775458 0.010521420171816587 0.02247577729789594
32 0.6654668747191163 0.2883594841177546 0.010521420171816587 0.02247577729789594
19 0.6738603081199158 0.12820323411775458 0.012991322930778537 0.010176036397194466
26 0.6625 0.00546875 0.009375 0.0109375
17 0.6502136889434674 0.29712321483942306 0.010030097241038049 0.013100777297895938
2 0.6129703957500154 0.16091440700442874 0.010030097241038049 0.013100777297895938
32 0.5497500214851844 0.2529505151162783 0.010521420171816499 0.02247577729789594
33 0.544398537427701 0.04306437538759615 0.010030097241038049 0.013100777297895938
32 0.5381341700602749 0.16259562538759614 0.010521420171816587 0.02247577729789594
32 0.5299454545472997 0.31884562538759614 0.010603307326946254 0.024038277297895937
26 0.5217998411366025 0.11770342998338804 0.010030097241038049 0.013100777297895938
31 0.50546875 0.4359375 0.0109375 0.00625
3 0.47616975859488564 0.17123824259874434 0.010030097241038005 0.013100777297895938
32 0.40342497738722116 0.14786939620708708 0.010521420171816499 0.02247577729789576
32 0.39990382971664185 0.21505689620708707 0.010521420171816542 0.02247577729789576
4 0.36875 0.67421875 0.040625 0.0203125
1 0.2336236482364062 0.4667348079918779 0.028780097241038048 0.014302331893687814
3 0.2287546845324533 0.5744972432170532 0.03190509724103805 0.01450259099298643
3 0.07904461160167484 0.5934346152085633 0.03831887155129756 0.018028109191583753
4 0.07732165931768264 0.611453429983388 0.03831887155129756 0.018028109191583753
17 0.75859375 0.6 0.1953125 0.321875
28 0.6171875 0.9109375 0.221875 0.178125