5 0.23984375 0.184375 0.4796875 0.36875
5 0.73984375 0.1875 0.5203125 0.3625
1 0.29609375 0.4515625 0.2890625 0.165625
2 0.36171875 0.5046875 0.2359375 0.26875
3 0.4046875 0.61640625 0.15 0.2671875
4 0.4515625 0.71484375 0.05625 0.2640625
6 0.06484375 0.54375 0.1296875 0.25625
7 0.10859375 0.66015625 0.2171875 0.2734375
8 0.17367962051134836 0.7582594730877487 0.29023078813517156 0.2767483649925769
9 0.2484375 0.8671875 0.296875 0.265625
30 0.7391892780725875 0.7356109464026399 0.29957293714643585 0.2990328007682255
14 0.5875 0.91171875 0.215625 0.1765625
10 0.565625 0.48125 0.171875 0.221875