29 0.2546875 0.3796875 0.509375 0.759375
7 0.98046875 0.04765625 0.0390625 0.0953125
1 0.975 0.2609375 0.05 0.115625
0 0.95625 0.2140625 0.0875 0.125
0 0.9027742822007289 0.11543741270733214 0.12798214247680556 0.1317621285298145
2 0.9453125 0.4359375 0.109375 0.13125
3 0.868195341186944 0.32472984468150123 0.11679006933854179 0.12050637978345566
4 0.7827507632990275 0.20028612265731977 0.13594011284152785 0.1382394490629279
5 0.9304712567464228 0.6384717474262105 0.12954464247680555 0.1318075926364372
6 0.8416652895158329 0.5240933471887838 0.12950827488562505 0.13024509263643722
7 0.7568201236720133 0.40748485721791355 0.13114351006798622 0.13341555674305994
8 0.6680505240326038 0.29154395698048674 0.13114351006798622 0.13341555674305994
9 0.8125 0.7109375 0.13125 0.096875
1 0.7491485215640619 0.6363229110579794 0.11199346656500006 0.1156824874635877
0 0.7096145492994785 0.5882658442857898 0.12950827488562505 0.13024509263643722
18 0.509375 0.759375 0.390761475 0.759375 0.3668987578125 0.83210445625 0.29307803906249996 1 0.4356278984375 1 0.509375 0.81102966875 0.509375 0.759375
31 0.7546875 0.8796875 0.490625 0.240625