11 0.56875 0 0.5157919515625 0 0.034963709375 0.47141810156249997 0 0.43636901562499997 0 0.506191834375 0.02343843125 0.5296875 0.5494552609375 0.5296875 0.5602079171875001 0.509185175 0.56875 0.5149538031249999 0.56875 0
12 0.67265625 0.1890625 0.2078125 0.378125
2 0.71953125 0.2328125 0.3015625 0.465625
31 0.76484375 0.26484375 0.3921875 0.5296875
14 0.784375 0.26484375 0.43125 0.5296875
13 0.784375 0.30234375 0.43125 0.4546875
25 0.784375 0.32890625 0.43125 0.4015625
13 0.284375 0.76484375 0.56875 0.4703125
9 0.65625 0.590625 0.175 0.121875
0 0.7578125 0.6260719190380801 0.1703125 0.18065941015912915
5 0.8640625 0.697548445269082 0.1765625 0.18734645273377595
8 0.94375 0.76796875 0.1125 0.1671875