15 0.3546875 0.16953125 0.709375 0.3390625
8 0.0689810488557078 0.7851850964801594 0.13269180372251183 0.16392263527271603
0 0.1987067536831708 0.7832342780186089 0.14940941015912915 0.18073162697434597
3 0.3281428814071116 0.7741930099719768 0.14740986758448216 0.17436322780418295
5 0.45657923784372906 0.7682175423402633 0.14439412822814396 0.1756889294638569
3 0.5893206820275303 0.7680660222190389 0.14428486758448217 0.17412642946385706
4 0.67890625 0.76484375 0.0609375 0.1859375
22 0.8171875 0.53203125 0.215625 0.3859375
22 0.93203125 0.52109375 0.1359375 0.3640625
25 0.8203125 0.89375 0.221875 0.2125
16 0.9328125 0.8796875 0.134375 0.240625