20 0.23984375 0.23984375 0.4796875 0.4796875
1 0.6128865945661337 0.34937438602004456 0.1284716477265238 0.11084768801718106
2 0.6624519922926575 0.24055391669318063 0.1334318831160272 0.12652723201781732
3 0.7152242106360324 0.12708231003340753 0.12877165665497756 0.12803518801718106
4 0.765625 0.0296875 0.13125 0.059375
6 0.52421875 0.29296875 0.0890625 0.1359375
7 0.5503571412369974 0.17126702001113586 0.12238528896022585 0.12014996268299924
8 0.60078125 0.0546875 0.1265625 0.109375
4 0.4271809196472116 0.917999853397497 0.05062729139585791 0.036519302673454136
3 0.24831953409555246 0.9581146813733163 0.03322160308425506 0.023819308004454243
3 0.11743377273146671 0.8909533586887262 0.03955342370110611 0.028579533338636054
3 0.04493503003506738 0.6572499733449995 0.033221603084255105 0.02381930800445433
4 0.12397014489044529 0.874619834022908 0.04114319724005648 0.030160214672181596
4 0.05219810511614527 0.6440505393459539 0.033221603084255105 0.02381930800445433
19 0.73984375 0.73671875 0.5203125 0.5140625