32 0.29453125 0.309375 0.5890625 0.540625
5 0.65234375 0.46640625 0.1265625 0.2265625
6 0.7375 0.46484375 0.234375 0.2296875
7 0.8796875 0.44140625 0.240625 0.2765625
8 0.95390625 0.4390625 0.0921875 0.28125
0 0.6265625 0.15859375 0.075 0.3171875
1 0.48203125 0.971875 0.2140625 0.05625
5 0.1367964353257479 0.7793278906515055 0.22927188031507972 0.3274057813030112
6 0.29196229638585436 0.7715030108845913 0.23778601092002366 0.2981002272193273
7 0.4564713354755291 0.7445288270339928 0.24620428879981074 0.3248809820286507
8 0.5453125 0.74765625 0.0875 0.3234375
23 0.79453125 0.78984375 0.4109375 0.4203125