32 0.78984375 0.19375 0.4203125 0.3875
3 0.49375 0.50078125 0.171875 0.1828125
3 0.32109375 0.465625 0.1890625 0.1125
4 0.14609375 0.434375 0.2078125 0.05
5 0.4390589660522024 0.6564932878719343 0.2052987772394081 0.19309208511458992
5 0.26503124018951746 0.5927166297169487 0.2069705378830701 0.19470004922121245
6 0.09375 0.52265625 0.1875 0.1953125
7 0.3806951729733524 0.8082316326199426 0.21801729852673174 0.19658079796757127
7 0.202542675823344 0.7474663141984003 0.21467377723940811 0.19336486975432585
8 0.06015625 0.6828125 0.1203125 0.190625
9 0.321875 0.93515625 0.20625 0.1296875
9 0.13854624177900138 0.901389284573229 0.20497099530842303 0.1884045851145899
0 0.03359375 0.83671875 0.0671875 0.1953125
35 0.8953125 0.71953125 0.209375 0.5609375
17 0.83359375 0.7078125 0.3328125 0.584375
6 0.76484375 0.7046875 0.3703125 0.590625
33 0.70859375 0.7046875 0.2578125 0.590625