18 0.19453125 0.1546875 0.3890625 0.309375
32 0.69453125 0.1546875 0.6109375 0.309375
28 0.27265625 0.3984375 0.2328125 0.178125
22 0.1171875 0.40390625 0.234375 0.1890625
23 0.0890625 0.565625 0.178125 0.2625
24 0.0453125 0.72109375 0.090625 0.2421875
29 0.1939201138818311 0.5593566972591347 0.22837636724704335 0.23765589605020354
30 0.13764268481065595 0.7234179996954582 0.23641618778015677 0.24596904379845022
31 0.0859375 0.8796875 0.171875 0.2125
32 0.0921875 0.93671875 0.184375 0.1265625
34 0.32578125 0.60703125 0.1265625 0.1921875
35 0.271875 0.78203125 0.234375 0.2828125
28 0.69453125 0.6546875 0.6109375 0.690625