2 0.94921875 0.11875 0.1015625 0.2375
4 0.60859375 0.05703125 0.3984375 0.1140625
5 0.7015625 0.14296875 0.403125 0.2859375
6 0.8032270235544449 0.29524164785203216 0.39302918028020867 0.3226628279551468
7 0.85859375 0.3921875 0.2828125 0.19375
8 0.4609375 0.1421875 0.103125 0.284375
9 0.5078125 0.31171875 0.196875 0.3015625
15 0.2046875 0.74453125 0.409375 0.5109375
3 0.5907841877827437 0.7858603014905233 0.24056010334222258 0.41077064185166706
9 0.47109375 0.9078125 0.1234375 0.184375
0 0.8640625 0.60703125 0.271875 0.2359375