16 0.375 0.26484375 0.75 0.5296875
33 0.875 0.26484375 0.25 0.5296875
11 0.0298505078125 0.5296875 0.024110478125 0.534946109375 0 0.5843384578124999 0 0.6873762765625 0.0375835375 0.7616991109375 0.2585202984375 1 0.29943658281249996 1 0.30686531875 0.9931943171875 0.28464242031250003 0.9338546749999999 0.72581069375 0.5296875 0.0298505078125 0.5296875
10 0.8943926723154002 0.9681291381084026 0.028419930942249483 0.027180749050069508
10 0.8097670279957129 0.7650781797115277 0.026638909654926036 0.024019381458888843
10 0.996875 0.81015625 0.00625 0.0265625
10 0.9367612167316324 0.7347341034391317 0.028419930942249483 0.027180749050069508
10 0.8063967375147529 0.5937844079600346 0.028419930942249483 0.027180749050069508
23 0.9460919301090703 0.9129318386214929 0.023404649011264312 0.02238414627652787
23 0.99296875 0.79921875 0.0140625 0.0234375
23 0.8632748042267149 0.657409843655486 0.028419930942249483 0.027180749050069508
32 0.9274840417414676 0.8930193821244791 0.03343521287323466 0.031977351823611146
29 0.8777296962006137 0.9536490640202082 0.02496714901126431 0.02242051386770836
29 0.8480372063400722 0.8087911589099651 0.023295388367602542 0.020821646276527873
29 0.7931040518809264 0.7505981056233333 0.02496714901126431 0.02242051386770836
29 0.9766485253978228 0.7791919650463887 0.02496714901126431 0.02242051386770836
29 0.9183718496513535 0.7179466469421178 0.02496714901126431 0.02242051386770836
29 0.8489555781119285 0.6428752181805206 0.023295388367602587 0.020821646276527783
17 0.966781852501345 0.772378920593472 0.02831067029858776 0.025618249050069507
17 0.8389796445717888 0.6344996737276041 0.02831067029858776 0.025618249050069507
18 0.8687535339477975 0.9483803357717013 0.023295388367602542 0.020821646276527873
18 0.8347173875344233 0.9092639375953124 0.023295388367602542 0.020821646276527873
18 0.91605486884499 0.8862427052627428 0.02496714901126431 0.02242051386770836
18 0.9117394373985374 0.7126233673068401 0.02496714901126431 0.02242051386770836
28 0.8286477039942838 0.9007974741644442 0.026638909654926036 0.024019381458888843
28 0.9113837943393577 0.8753961242406942 0.026638909654926036 0.024019381458888843
28 0.836007099903455 0.793420732048229 0.026638909654926036 0.024019381458888843
28 0.8156460513767232 0.6029593862085416 0.026638909654926036 0.024019381458888933
21 0.8558329168675185 0.9314655927055554 0.02151436708027905 0.017660278685347208
21 0.8971470596745965 0.6941824918318749 0.02151436708027905 0.017660278685347208
24 0.99296875 0.9703125 0.0140625 0.028125
24 0.9562317546147024 0.9236511330744095 0.026638909654926036 0.024019381458888843
24 0.8885418740407701 0.8508870867216318 0.026638909654926036 0.024019381458888843
24 0.98515625 0.78828125 0.0296875 0.0265625
24 0.8758130090541778 0.6688558367216318 0.028419930942249483 0.027180749050069508
0 0.8118754672358357 0.8847549000762498 0.03165419158591121 0.028815984232430657
14 0.91484375 0.990625 0.0265625 0.01875
14 0.8520523530055482 0.9221633278879166 0.026638909654926036 0.024019381458888843
14 0.759375 0.70703125 0.01875 0.0234375
14 0.9586579960647276 0.7569175747537845 0.028419930942249483 0.027180749050069508
14 0.8918586261344569 0.6856978446054165 0.026638909654926036 0.024019381458888843
14 0.8301837987788332 0.6206190116835069 0.028419930942249483 0.027180749050069508
14 0.7817737959288416 0.5661867380321527 0.02496714901126431 0.02242051386770836
25 0.928125 0.9953125 0.028125 0.009375
25 0.822250602501345 0.7757429227776734 0.026638909654926036 0.024019381458888843
27 0.9073132893956792 0.9850438811745483 0.021623627723940865 0.01922277868534721
27 0.8844713690970915 0.9605348436554859 0.02162362772394082 0.01922277868534721
27 0.7997910944555733 0.756702635258611 0.023295388367602542 0.020821646276527783
27 0.947900812524588 0.7485602140964581 0.02496714901126431 0.02242051386770836
27 0.9258947725478311 0.7248142427818054 0.020061127723940864 0.019186411094166723
31 0.75390625 0.6984375 0.0078125 0.025
13 0.8989548501555564 0.8655126311745484 0.02831067029858776 0.025618249050069507
22 0.984375 0.9546875 0.03125 0.03125
22 0.9697697307294888 0.9382039423449651 0.03343521287323466 0.031977351823611146
22 0.8774569085696452 0.8378422260643055 0.0334352128732347 0.031977351823611146
22 0.7912962613999663 0.5792679662806597 0.0334352128732347 0.031977351823611146
15 0.7679183815823386 0.7261436194910417 0.026638909654926036 0.024019381458888843
12 0.8649729700858272 0.9390780709540625 0.026638909654926036 0.024019381458888843
12 0.9062871128929052 0.7017949700803818 0.026638909654926036 0.024019381458888933
18 0.8532163792365501 0.8157133061364235 0.021514367080279095 0.017660278685347208
24 0.7793475544788164 0.7329202963527777 0.026638909654926036 0.024019381458888843