20 0.2 0.2546875 0.4 0.509375
34 0.7 0.2546875 0.6 0.509375
2 0.2 0.7546875 0.4 0.490625
20 0.471875 0.92109375 0.14375 0.1578125
28 0.884375 0.96484375 0.2 0.0703125
30 0.89921875 0.62578125 0.2015625 0.2328125
25 0.72890625 0.58515625 0.2671875 0.1515625
22 0.9234375 0.88359375 0.153125 0.2046875
27 0.8033954136765246 0.8027872368195972 0.26650277346576184 0.23116013817089803
26 0.6146275872411084 0.6758651467551051 0.2746792945124493 0.23745558996629618
23 0.7234375 0.91015625 0.26875 0.1796875
32 0.5358060952747906 0.8215498305965223 0.2632867682040899 0.22957945745273883