13 0.14765625 0.28046875 0.2046875 0.5609375
1 0.9603159685679156 0.11385244499932927 0.015234020735185183 0.031832196856846906
1 0.8392611747884711 0.12890386435358608 0.014687216588148111 0.025582196856846907
1 0.7770345768619896 0.13493984863782044 0.014687216588148111 0.025582196856846907
2 0.9737339196046749 0.11479636083892952 0.017812216588147932 0.025727746071058634
0 0.9900718190862954 0.11325097746431796 0.01781221658814829 0.025727746071058634
8 0.8237045253068509 0.1304128604246447 0.017812216588148112 0.025727746071058634
3 0.8081478758252304 0.13192185649570334 0.017812216588148112 0.025727746071058634
3 0.7614779273803693 0.13644884470887905 0.017812216588148112 0.025727746071058634
3 0.7910007491050454 0.016624342227679632 0.017812216588147932 0.025727746071058634
9 0.79102872634361 0.13350362717386766 0.017812216588148112 0.025727746071058634
9 0.7451400278987489 0.13799422808349054 0.017812216588148112 0.025727746071058634
5 0.7264583784171286 0.13964877336876072 0.017812216588148112 0.025727746071058634
5 0.8080515480682863 0.014261321549515139 0.017812216588148112 0.025727746071058634
6 0.125 0.784375 0.25 0.43125