15 0.2296875 0.21484375 0.459375 0.4296875
30 0.7296875 0.21484375 0.540625 0.4296875
11 0 1 0.27671312187499997 1 0.29398375 0.9822288328125002 0.32148113437500003 0.8987541421875 0.2955801375 0.6784079265624999 0.24907894062499997 0.5764815140625 0.180216709375 0.494936571875 0.082114521875 0.4434790171875 0 0.44805048750000004 0 1
18 0.5343900238387853 0.8872412931801413 0.006686411094166544 0.01915051819859741
18 0.6083178331093408 0.8794974467884842 0.006686411094166544 0.019150518198597234
18 0.6923473409931257 0.8700606924695474 0.006686411094166722 0.019150518198597234
18 0.719581988219584 0.8671254595884106 0.006686411094166544 0.019150518198597234
18 0.5895503025241327 0.9110583274178676 0.006686411094166722 0.01915051819859741
18 0.4844276978507299 0.9526870180417137 0.005123911094166722 0.019050388648948056
18 0.6758332946403479 0.9314092026485803 0.006686411094166544 0.01915051819859741
18 0.6828281770491673 0.9302972856220023 0.006686411094166722 0.01915051819859741
18 0.7232895228888548 0.9258694039128844 0.006686411094166722 0.01915051819859741
18 0.7769775673417716 0.919948873375786 0.006686411094166544 0.01915051819859741
20 0.6876780247887159 0.8705415538205996 0.012972778685347209 0.021113536397194467
20 0.5848809863197229 0.9115391887689196 0.012972778685347209 0.02111353639719482
14 0.5057019793858688 0.894763896511629 0.012900043502986236 0.01798853639719482
14 0.5469082076343756 0.8888235795773358 0.011301175911805572 0.01632590684754547
14 0.5920388696784729 0.8839148365171663 0.011301175911805572 0.016325906847545292
14 0.4978173974138896 0.9246819339885576 0.011301175911805572 0.01632590684754547
14 0.6355167659550006 0.9085433991325225 0.011301175911805572 0.01632590684754547
14 0.7141138914299658 0.9003186913898134 0.011301175911805572 0.01632590684754547
14 0.5241805288727784 0.9513340715577716 0.012900043502986236 0.01798853639719482
14 0.6035407205521535 0.9423781785898868 0.012900043502986236 0.01798853639719482
14 0.6618980812094799 0.9359767867017365 0.012900043502986236 0.01798853639719482
14 0.7054662432535771 0.9309679140919173 0.012900043502986236 0.01798853639719482
24 0.46815777327010444 0.48827406461794115 0.012900043502986059 0.017988536397194645
24 0.5794219283803475 0.4759020774178676 0.012900043502986236 0.017988536397194645
24 0.4698735821594104 0.8971484168696946 0.011301175911805572 0.01632590684754547
24 0.4823190307726396 0.8956057032668892 0.011301175911805572 0.01632590684754511
24 0.5616792224520145 0.8866498102990045 0.011301175911805572 0.01632590684754511
24 0.6394950979269798 0.8783750377814705 0.011301175911805572 0.016325906847545292
24 0.7561916354460423 0.8647910040051696 0.011301175911805572 0.01632590684754511
24 0.5265963608447576 0.9210655806570701 0.011301175911805572 0.01632590684754511
24 0.5437111256623965 0.9190420057032126 0.011301175911805572 0.01632590684754511
24 0.6604258469770492 0.9062392219269118 0.011301175911805572 0.01632590684754547
24 0.7327729724520144 0.8976139959856052 0.011301175911805572 0.01632590684754547
24 0.4625 0.9578125 0.00625 0.015625
24 0.5117350802595493 0.952876785160577 0.012900043502986059 0.017988536397194464
24 0.5615350585080563 0.9474871807493551 0.012900043502986236 0.017988536397194464
24 0.5856447057345147 0.9443516887689196 0.012900043502986236 0.01798853639719482
24 0.7412582728888548 0.9270208937338517 0.012900043502986236 0.01798853639719482
24 0.7661673539109035 0.924716716528241 0.012900043502986236 0.017988536397194464
24 0.5093192482875701 0.9831452760612784 0.011301175911805572 0.01632590684754547
21 0.476813913181459 0.8936927498431164 0.005123911094166722 0.019050388648948056
21 0.7444728854460423 0.8640400323827997 0.006686411094166722 0.01915051819859741
21 0.5194384774860076 0.9486899329088235 0.0051239110941665444 0.019050388648948056
21 0.7598628025241326 0.9219724483296435 0.006686411094166722 0.01915051819859741
32 0.6464899803357993 0.8772631207548924 0.011301175911805572 0.01632590684754511
32 0.6215270011373618 0.9107672331856786 0.011301175911805572 0.01632590684754547
32 0.5685299409168757 0.946375263722777 0.011301175911805572 0.01632590684754547
32 0.7171486256623966 0.9301563857142874 0.011301175911805572 0.01632590684754547
23 0.49539242049656285 0.4853388317368042 0.012900043502986059 0.017988536397194554
23 0.5941747594023961 0.47294705813953614 0.011301175911805572 0.016325906847545292
23 0.46328125 0.89765625 0.0078125 0.0171875
23 0.48933209697704927 0.8952750362403112 0.011301175911805572 0.01632590684754547
23 0.5305565090211465 0.890115969306018 0.011301175911805572 0.01632590684754547
23 0.6324820317225701 0.8787057048080487 0.011301175911805572 0.016325906847545292
23 0.680719509971077 0.8732159708471776 0.011301175911805572 0.016325906847545292
23 0.7320819882195839 0.8679264959856052 0.011301175911805572 0.016325906847545292
23 0.6970712085843063 0.8719235811184955 0.011301175911805572 0.016325906847545292
23 0.505593529822709 0.9236200817368043 0.011301175911805572 0.01632590684754547
23 0.5779588390932646 0.9157761057954978 0.011301175911805572 0.01632590684754547
23 0.5942923539109034 0.9137024660668157 0.011301175911805572 0.01632590684754547
23 0.6433110821594104 0.9082627968807693 0.011301175911805572 0.01632590684754547
23 0.6985434428167367 0.9016611458933201 0.011301175911805572 0.01632590684754547
23 0.5444202936904173 0.9495107557032126 0.011301175911805572 0.01632590684754511
23 0.7825008687285424 0.9226430767995588 0.011301175911805572 0.01632590684754511
16 0.5226634353142017 0.4839660988556673 0.012972778685347209 0.021113536397194554
16 0.49714459697704927 0.8957756839885576 0.012972778685347209 0.02111353639719482
16 0.7041206423798965 0.8731554140919174 0.012972778685347209 0.021113536397194467
16 0.7251052896063548 0.8698196630121832 0.012972778685347209 0.021113536397194467
16 0.6021230377064937 0.9149843638150621 0.012972778685347209 0.02111353639719482
16 0.7071553766123271 0.9029931084163912 0.012972778685347209 0.02111353639719482
16 0.5966003895301049 0.9458338456164649 0.012972778685347209 0.021113536397194467
16 0.7911128025241326 0.92397503932263 0.012972778685347209 0.021113536397194467
17 0.5014677678548617 0.8469073874123303 0.009738675911805572 0.016225777297895937
17 0.5403847974901395 0.8431606261535632 0.009775043502986058 0.017788277297895762
17 0.5709633034740632 0.8833443375969005 0.012972778685347209 0.021113536397194467
17 0.46972876500507016 0.92444210209487 0.012972778685347209 0.02111353639719482
17 0.62844914836382 0.9065303161591007 0.012972778685347209 0.02111353639719482
17 0.6844627590211465 0.8999787299464762 0.012972778685347209 0.021113536397194467
17 0.7545388696784728 0.8943283096806957 0.012972778685347209 0.021113536397194467
17 0.5536861909168758 0.9454240330011086 0.012972778685347209 0.021113536397194467
17 0.7334094052976743 0.9249577459856052 0.012972778685347209 0.02111353639719482
10 0.5148509353142018 0.48346545110742073 0.012900043502986236 0.017988536397194554
10 0.5366350163362503 0.4809610148025113 0.012900043502986236 0.017988536397194554
10 0.5560753473582989 0.47830638417312776 0.011301175911805572 0.016325906847545292
10 0.4625 0.82421875 0.00625 0.0171875
10 0.5196735604079172 0.8917588124584729 0.011301175911805572 0.01632590684754511
10 0.5795752372696534 0.8846763001199717 0.011301175911805572 0.01632590684754511
10 0.6581541789490284 0.8756703423772624 0.011301175911805572 0.016325906847545292
10 0.6737246275622576 0.8743278878737556 0.009738675911805572 0.016225777297895937
10 0.7398581206284034 0.8668646437338519 0.011301175911805572 0.01632590684754511
10 0.47757763259625075 0.9265052498431163 0.011301175911805572 0.01632590684754547
10 0.5709457728888548 0.9161067728220758 0.011301175911805572 0.01632590684754511
10 0.6915485604079172 0.9027730629198981 0.011301175911805572 0.01632590684754547
10 0.5311935950771882 0.9510034045311933 0.011301175911805572 0.01632590684754547
10 0.6175486691653826 0.9409355945367306 0.012900043502986236 0.01798853639719482
10 0.6953645446403479 0.9326608220191968 0.012900043502986236 0.017988536397194464
27 0.48294697188333363 0.4868815453396097 0.009738675911805572 0.016225777297895937
27 0.5296401339274308 0.48207293182908934 0.009775043502986058 0.01778827729789594
27 0.4843711868328131 0.8497122123661878 0.008067073138263936 0.011438147748246585
27 0.5458353636945492 0.8427298295773358 0.008067073138263936 0.011438147748246585
27 0.5103349279990979 0.8927205351605769 0.009738675911805572 0.01622577729789576
27 0.6690553113578478 0.8748087492248077 0.006577308320624908 0.01446301819859741
27 0.7632047016504521 0.8644603369785916 0.006577308320624908 0.014463018198597234
27 0.5561565742756256 0.9174992921004073 0.009738675911805572 0.016225777297896114
27 0.5647139566844451 0.9164875046234784 0.009738675911805572 0.016225777297896114
27 0.7265593400431951 0.8987759777870078 0.006577308320624908 0.01446301819859741
27 0.47361748441986184 0.9574548611941687 0.009738675911805572 0.016225777297896114
27 0.5374072274860076 0.9498414227297907 0.009738675911805572 0.016225777297896114
27 0.6681298974138896 0.9355960549003337 0.009738675911805572 0.01622577729789576
27 0.5139885644919799 0.9826644147102261 0.006577308320625086 0.01446301819859741
29 0.5093276339274309 0.4807712476836482 0.009775043502986058 0.01778827729789594
29 0.601133274220035 0.47027264111295813 0.006613675911805572 0.01602551819859723
29 0.5546297886564242 0.8854179773255826 0.009847778685347208 0.02091327729789576
29 0.6129871493137506 0.8790165854374321 0.009847778685347208 0.020913277297896115
29 0.46171875 0.92734375 0.0046875 0.0203125
29 0.5219088608447576 0.9207651920081222 0.009847778685347208 0.020913277297896115
29 0.7599894358828825 0.8938975131044682 0.006686411094166544 0.01915051819859741
29 0.7638775020872923 0.8933665869785916 0.006686411094166544 0.01915051819859741
29 0.48135724923750073 0.9548305089424151 0.009847778685347208 0.020913277297896115
29 0.5047038302595493 0.952426202187155 0.009847778685347208 0.020913277297896115
29 0.5786134557345146 0.9439011057954978 0.009847778685347208 0.020913277297896115
29 0.6089549191653827 0.9403848820136596 0.009847778685347208 0.020913277297896115
29 0.6704190960271188 0.9334024992248076 0.006686411094166722 0.01915051819859741
29 0.6999974932535771 0.9306174606681449 0.009847778685347208 0.020913277297896115
29 0.7272139566844451 0.9269009777870079 0.006686411094166544 0.01915051819859741
29 0.7528861039109034 0.9238656153562218 0.006686411094166722 0.01915051819859741
29 0.5186033293096187 0.9798398033591742 0.009847778685347208 0.020913277297896115
25 0.4838640001874312 0.9284682680417138 0.012972778685347209 0.021113536397194467
25 0.49242138259625073 0.927456480564785 0.012972778685347209 0.021113536397194467
25 0.7701820534740632 0.896110855177189 0.012972778685347209 0.02111353639719482
25 0.4907686168286813 0.9569937862403111 0.012972778685347209 0.021113536397194467
28 0.5031867367009726 0.48505822948505084 0.012900043502986236 0.017988536397194645
28 0.4944728854460423 0.8480193044389083 0.009738675911805572 0.016225777297895937
28 0.6223803331093409 0.880398612735328 0.011301175911805572 0.01632590684754511
28 0.7149672234019451 0.8699500709394627 0.009738675911805572 0.016225777297895937
28 0.5118071622315284 0.9224580999354014 0.011301175911805572 0.01632590684754547
28 0.6090633687285424 0.9115286967884841 0.011301175911805572 0.01632590684754547
28 0.49772713164632015 0.954319369213733 0.012900043502986059 0.01798853639719482
28 0.7731622363197228 0.9236047995016629 0.009738675911805572 0.01622577729789576
28 0.5256709469007993 0.9818528863325963 0.009738675911805572 0.016225777297896114
12 0.5646509135627087 0.47807584669619907 0.012900043502986059 0.017988536397194554
12 0.572427045971528 0.47701399444444564 0.012900043502986059 0.017988536397194645
12 0.5398951414299659 0.8891542466039141 0.011301175911805572 0.01632590684754547
12 0.6775406117946882 0.9042156469730542 0.011301175911805572 0.01632590684754547
12 0.6541219488006604 0.9370386389534897 0.011301175911805572 0.01632590684754547
12 0.6883514784359381 0.9329914890457747 0.012900043502986059 0.01798853639719482
15 0.7506865178548617 0.8628780505813971 0.006686411094166722 0.019150518198597234
15 0.7210360386564243 0.8960817743632352 0.006686411094166722 0.01915051819859741
15 0.6781952284359382 0.9323406469730543 0.006686411094166722 0.01915051819859741
15 0.4983817482875702 0.9824443692137329 0.0051239110941665444 0.019050388648948056
15 0.5030510644919799 0.9819635078626809 0.009847778685347208 0.020913277297896115
22 0.5459736487450698 0.47999929210040715 0.011301175911805572 0.016325906847545292
22 0.7405672886564243 0.8973333937338517 0.011301175911805572 0.01632590684754547
34 0.4625 0.48984375 0.00625 0.0203125
34 0.5375520446403479 0.9225477375046154 0.012972778685347209 0.02111353639719482
34 0.6534673321594104 0.9089136389534896 0.012972778685347209 0.02111353639719482
30 0.47595208947451423 0.48799346236618774 0.011301175911805572 0.016325906847545292
30 0.5871798769935767 0.4740589751661142 0.011301175911805572 0.016325906847545292
30 0.48904050303722285 0.8492313510151357 0.008067073138263936 0.011438147748246585
30 0.551487258071216 0.9179801534514592 0.011301175911805572 0.01632590684754547
30 0.6674207293858687 0.9051273049003337 0.009738675911805572 0.01622577729789576
30 0.7490344052976743 0.9259590414820984 0.011301175911805572 0.01632590684754547
30 0.4666044182154521 0.9577855282207466 0.011301175911805572 0.01632590684754511
18 0.48986911910979203 0.4826446283130316 0.006686411094166722 0.019150518198597234
28 0.4640625 0.8515625 0.009375 0.01875
14 0.4703632382195839 0.8511547964193438 0.009775043502986058 0.017788277297895762
22 0.47813937062840334 0.8500929441675904 0.012900043502986147 0.017988536397194464
1 0.5310461650813201 0.8441223488556673 0.009847778685347208 0.020913277297895938
31 0.5865883034740631 0.8843456330933936 0.011301175911805572 0.016325906847545292
28 0.6291946839830216 0.9385615661591007 0.012972778685347209 0.02111353639719482
28 0.6369708163918409 0.9374997139073471 0.012972778685347209 0.02111353639719482
21 0.6439656988006603 0.9363877968807692 0.012972778685347209 0.02111353639719482
28 0.46484375 0.9859375 0.0109375 0.021875
14 0.4727096010611119 0.9854797316445193 0.012972778685347209 0.02111353639719482
24 0.4812669834699313 0.9844679441675904 0.012972778685347209 0.02111353639719482
14 0.49454823346993126 0.9853190453396096 0.011301175911805572 0.01632590684754547
24 0.8164491496950003 0.47080926896456443 0.011301175911805572 0.016325906847545292
24 0.8103270894745143 0.5094211859911424 0.008067073138263936 0.011438147748246585
24 0.8140547675705212 0.6695774359911425 0.011192073138263935 0.011638406847545113
24 0.8654172458190281 0.6642879611295701 0.011192073138263935 0.011638406847545113
24 0.8224491490294102 0.6950780837393891 0.009738675911805572 0.016225777297895937
24 0.8899639573500352 0.7134461543743098 0.008067073138263936 0.011438147748246762
24 0.9825508476426392 0.7029976125784445 0.011192073138263935 0.011638406847545291
24 0.8696716007767714 0.8135567759043948 0.011301175911805572 0.01632590684754511
24 0.8952015436904175 0.9719898395994854 0.011301175911805572 0.01632590684754547
24 0.9231992571212855 0.968323421493173 0.008067073138263936 0.011438147748246762
24 0.9434390219389244 0.9665001056386142 0.008067073138263936 0.011438147748246762
20 0.7720633700597226 0.47420557679955877 0.009775043502986237 0.01778827729789594
20 0.7807305084524655 0.5114249745478053 0.009775043502986237 0.01778827729789594
20 0.8371636528291322 0.5899295087855316 0.009775043502986058 0.01778827729789594
20 0.8306084475663894 0.7775098519379864 0.009775043502986058 0.01778827729789594
20 0.8408380859591326 0.8148293792358823 0.009738675911805572 0.016225777297895937
20 0.9542674191653827 0.9625135124861594 0.009738675911805572 0.016225777297896114
32 0.9379884557345146 0.9669309022148415 0.011192073138263935 0.011638406847545468
18 0.7681571200597225 0.4739552529254355 0.006613675911805572 0.01602551819859723
18 0.7768424422480559 0.511955900673682 0.006613675911805572 0.01602551819859723
18 0.8947599069131951 0.6848903577980825 0.006577308320625264 0.014463018198597234
18 0.9165439879352435 0.682385921493173 0.006577308320624908 0.01446301819859741
18 0.9560247152338199 0.7028579102344061 0.006577308320624908 0.01446301819859741
18 0.8243948151575701 0.7786718337393891 0.006613675911805572 0.016025518198597412
18 0.8369500197547228 0.8153603053617591 0.006577308320624908 0.014463018198597234
18 0.9167297451534381 0.8914605328442249 0.006577308320624908 0.01446301819859741
18 0.8756884774860076 0.9715194702288688 0.006577308320624908 0.01446301819859741
28 0.7838003038553129 0.47573779842192865 0.009738675911805572 0.016225777297895937
28 0.8741350163362502 0.5025889975267647 0.009738675911805572 0.016225777297895937
28 0.8803486487450698 0.5014270157253619 0.009738675911805572 0.016225777297895937
28 0.8541336004924309 0.6151996190568495 0.009738675911805572 0.016225777297895937
28 0.8475212310013894 0.6662614713086029 0.009738675911805572 0.016225777297895937
28 0.9370013050895837 0.6563939204134389 0.011301175911805572 0.01632590684754511
28 0.9056974069131949 0.6855912646456278 0.008067073138263936 0.011438147748246585
28 0.9205047893220144 0.6849799953672963 0.008067073138263936 0.011438147748246585
28 0.9685428990294103 0.7044401966316005 0.009738675911805572 0.01622577729789576
28 0.9342425938429173 0.8059934022148415 0.008067073138263936 0.011438147748246585
28 0.940474410047327 0.8056126704134389 0.008067073138263936 0.011438147748246585
28 0.8796310950771883 0.9733322941029922 0.009738675911805572 0.016225777297896114
28 0.9076469923036464 0.9704471259966798 0.009738675911805572 0.016225777297896114
29 0.851459929330278 0.46681218383167417 0.009738675911805572 0.016225777297895937
29 0.8445748029053822 0.5061552860834275 0.006613675911805572 0.016025518198597412
29 0.8579852991056601 0.6131061929309728 0.006613675911805572 0.01602551819859723
29 0.9194858435585769 0.6076863101421209 0.006613675911805572 0.01602551819859723
29 0.8412530472057991 0.6650797031100055 0.009738675911805572 0.016225777297895937
29 0.795159950416181 0.6956695666205259 0.009738675911805572 0.016225777297895937
29 0.923538870344063 0.6812740044665949 0.006577308320625264 0.01446301819859741
29 0.8315702291015283 0.7182850462624604 0.006577308320624908 0.01446301819859741
29 0.8362395453059379 0.7178041849114083 0.006577308320624908 0.01446301819859741
29 0.8844406559632644 0.7107519509505373 0.006577308320624908 0.01446301819859741
29 0.9046823804120491 0.8095596907715045 0.009738675911805572 0.01622577729789576
29 0.8965263479269797 0.8948463486987839 0.006577308320625264 0.01446301819859741
29 0.9711990396063548 0.8855900670819512 0.006577308320625264 0.014463018198597234
29 0.8648055288727784 0.9731623133813233 0.006577308320624908 0.01446301819859741
29 0.9278140219389244 0.965498810142121 0.006577308320624908 0.01446301819859741
27 0.8342945323881601 0.6677541201365835 0.004905705547083273 0.009675388648948059
27 0.8778626944322573 0.6627452475267646 0.004905705547083273 0.009675388648948059
27 0.81371058187507 0.7218210564414932 0.004905705547083273 0.009675388648948059
27 0.9813189220151741 0.8846784091546718 0.008067073138263936 0.011438147748246762
27 0.9352258252255563 0.9152682726651922 0.008067073138263936 0.011438147748246762
27 0.9955281988006603 0.9589169455518665 0.008067073138263936 0.011438147748246762
10 0.8857992149494794 0.5009962191491345 0.009738675911805572 0.016225777297895937
10 0.914816527354167 0.608167171493173 0.011301175911805572 0.016325906847545292
10 0.8374013485925698 0.6671731292358822 0.009738675911805572 0.016225777297895937
10 0.8856388268410769 0.6616833952750112 0.011301175911805572 0.016325906847545292
10 0.931550738885174 0.6568247169896663 0.009738675911805572 0.016225777297895937
10 0.9735564009292712 0.6517157148301979 0.008067073138263936 0.011438147748246585
10 0.8520275462558686 0.6922930451827262 0.011301175911805572 0.016325906847545292
10 0.8667985610735073 0.6901192759043948 0.008067073138263936 0.011438147748246762
10 0.9156361045764936 0.7104107919435236 0.011301175911805572 0.01632590684754511
10 0.9280815531897227 0.7088680783407183 0.009738675911805572 0.016225777297895937
10 0.9466880424561464 0.8044506886120362 0.008067073138263936 0.011438147748246585
10 0.89185703172257 0.895327210049836 0.011301175911805572 0.01632590684754547
10 0.9081905465402089 0.8932535703211538 0.008067073138263936 0.011438147748246762
10 0.9377507599710769 0.8896872817644909 0.011301175911805572 0.01632590684754547
10 0.9889138696784728 0.9093477421280938 0.009738675911805572 0.016225777297896114
10 0.9620799191653827 0.9630141602344061 0.011301175911805572 0.01632590684754547
29 0.9935650020872924 0.9080856307770417 0.009775043502985881 0.017788277297896116
30 0.8346932694703824 0.6178542496862329 0.011192073138263935 0.011638406847545113
30 0.8479199680836114 0.6163616008582522 0.011192073138263935 0.011638406847545113
21 0.7737356260436462 0.5125368915743834 0.006613675911805572 0.016025518198597412
21 0.9142002379352435 0.682235727168699 0.006577308320624908 0.01446301819859741
21 0.833843203550313 0.8159412962624604 0.006577308320624908 0.01446301819859741
21 0.9127871275622577 0.8896477089701017 0.006613675911805572 0.016025518198597412
23 0.8475900469214587 0.46812435995755086 0.011301175911805572 0.016325906847545292
23 0.769102677430417 0.5145802529254355 0.008067073138263936 0.011438147748246585
23 0.8399054867009724 0.5066361474344796 0.009738675911805572 0.016225777297895937
23 0.8317494542159032 0.591922805361759 0.011192073138263935 0.011638406847545291
23 0.8202865837749311 0.6691967041897398 0.008067073138263936 0.011438147748246585
23 0.9043160916587156 0.6597599498708031 0.008067073138263936 0.011438147748246585
23 0.9649990185204519 0.6527275023071266 0.008067073138263936 0.011438147748246585
23 0.8862570758911463 0.6882458952750112 0.008067073138263936 0.011438147748246585
23 0.9467588180073616 0.7069446329365101 0.008067073138263936 0.011438147748246762
23 0.8292102549370839 0.8179846576135124 0.008067073138263936 0.011438147748246585
23 0.9000130642076394 0.8100405521225564 0.008067073138263936 0.011438147748246585
23 0.9432013261754868 0.8892564851882636 0.008067073138263936 0.011438147748246762
23 0.9649854071975353 0.886752048883354 0.008067073138263936 0.011438147748246762
23 0.9161680071212854 0.9678728385197509 0.009738675911805572 0.016225777297896114
23 0.969074801574202 0.9619022432078278 0.008067073138263936 0.011438147748246762
14 0.7775503038553129 0.47533728022333144 0.009738675911805572 0.016225777297895937
14 0.840576980717049 0.4684550269841289 0.011301175911805572 0.016325906847545292
14 0.7862174422480559 0.512556677971578 0.011301175911805572 0.016325906847545292
14 0.8344549204965628 0.507066944010707 0.009738675911805572 0.016225777297895937
14 0.8694657001318407 0.5030698588778166 0.009738675911805572 0.016225777297895937
14 0.898262847358299 0.5002347555463291 0.011301175911805572 0.01632590684754511
14 0.8441949028291322 0.5903800917589536 0.011301175911805572 0.016325906847545292
14 0.8981024592498963 0.6609219316722058 0.011301175911805572 0.01632590684754511
14 0.9541160699072228 0.6543703454595814 0.011301175911805572 0.01632590684754511
14 0.9580041361116324 0.6538394193337046 0.011192073138263935 0.011638406847545113
14 0.9930149157469101 0.6498423342008144 0.011301175911805572 0.01632590684754511
14 0.8076781342117713 0.6972518530177205 0.011301175911805572 0.016325906847545292
14 0.8800252596867366 0.6886266270764139 0.011301175911805572 0.01632590684754511
14 0.9002650245043755 0.6868033112218551 0.009738675911805572 0.016225777297895937
14 0.8082600156706603 0.7222518530177205 0.008067073138263936 0.011438147748246585
14 0.8199423980794798 0.7214403246400904 0.009738675911805572 0.016225777297895937
14 0.9413082518029519 0.7073754295127375 0.009738675911805572 0.016225777297895937
14 0.9615298328250004 0.7047708636581786 0.009738675911805572 0.016225777297895937
14 0.8360953813619798 0.7786415553617589 0.011192073138263935 0.011638406847545291
14 0.8463250197547229 0.8159610826596548 0.011301175911805572 0.016325906847545292
14 0.8945624980032297 0.8104713486987839 0.008067073138263936 0.011438147748246585
14 0.9295732776385075 0.8064742635658936 0.009738675911805572 0.016225777297895937
14 0.9583704248649658 0.8036391602344061 0.011301175911805572 0.01632590684754511
14 0.9206359951534381 0.8917108567183483 0.009738675911805572 0.016225777297896114
14 0.9587535909931256 0.8871327806847568 0.009738675911805572 0.01622577729789576
14 0.9774308558107645 0.8852093352805486 0.011301175911805572 0.01632590684754511
14 0.99765625 0.88203125 0.0046875 0.0171875
14 0.8963269793858688 0.9197962839239592 0.011301175911805572 0.01632590684754511
14 0.908009361794688 0.9189847555463292 0.011192073138263935 0.011638406847545468
14 0.9305746928167368 0.9165303840162444 0.009738675911805572 0.016225777297896114
14 0.9021964260992368 0.9708779225729071 0.011301175911805572 0.01632590684754547
14 0.99765625 0.959375 0.0046875 0.015625
34 0.917615525454306 0.6613923010428223 0.009847778685347208 0.020913277297895938
34 0.9753429853697924 0.9630840114064252 0.009775043502986237 0.017788277297896116
2 0.7541673552420836 0.47617908697859157 0.012900043502986236 0.017988536397194554
21 0.7627247376509031 0.4751672995016628 0.009775043502986058 0.01778827729789594
1 0.7985167672861808 0.4712202791435972 0.006613675911805572 0.01602551819859723
12 0.8101809658994099 0.4696275007659671 0.012972778685347209 0.021113536397194644
22 0.8250065321038196 0.46979748148763567 0.011301175911805572 0.016325906847545292
22 0.8335639145126391 0.46878569401070697 0.011192073138263935 0.011638406847545291
22 0.8181214056789239 0.5091405837393891 0.011192073138263935 0.011638406847545113
22 0.8266787880877434 0.5081287962624603 0.011301175911805572 0.01632590684754511
22 0.8774477331855909 0.8124949236526413 0.011192073138263935 0.011638406847545113
22 0.8867863655944103 0.8115332009505373 0.011192073138263935 0.011638406847545113
22 0.9157854942035076 0.9179229032945756 0.011192073138263935 0.011638406847545468
22 0.9830827501874312 0.960459659154672 0.011301175911805572 0.01632590684754547
24 0.9893145663918409 0.960078927353269 0.009738675911805572 0.016225777297896114
30 0.7612719936348267 0.5132983551771888 0.012900043502986236 0.017988536397194464
12 0.8025145894745143 0.508920538242896 0.012900043502986236 0.017988536397194464
22 0.8616532001318407 0.5025692111295701 0.012900043502986236 0.017988536397194464
16 0.8928668325406601 0.5030093021225565 0.012972778685347209 0.021113536397194467
16 0.841706335674792 0.6175235826596549 0.009847778685347208 0.020913277297895938
16 0.8281354513661116 0.6712598519379863 0.011301175911805572 0.016325906847545292
16 0.8927246282278476 0.6644777282484332 0.012972778685347209 0.021113536397194467
16 0.8730485610735073 0.690519794102992 0.012972778685347209 0.021113536397194467
16 0.9351128031897227 0.7093186613141402 0.011301175911805572 0.016325906847545292
16 0.952193160047327 0.8063636420358087 0.009775043502986237 0.01778827729789594
16 0.9883865396063548 0.8866914921280937 0.009738675911805572 0.016225777297895937
27 0.8247182042159033 0.591472222388337 0.012900043502986236 0.017988536397194464
13 0.8488460352379518 0.5891179804079015 0.012900043502986236 0.017988536397194645
10 0.829987585674792 0.6167726110372851 0.012900043502986059 0.017988536397194464
2 0.8681051815144796 0.6121945350036933 0.012900043502986236 0.017988536397194464
2 0.8852199463321184 0.610170960049836 0.012900043502986236 0.017988536397194645
2 0.9365642407850352 0.6041002351882635 0.009775043502985881 0.01778827729789594
9 0.8735557477188893 0.611763738427466 0.012900043502986059 0.017988536397194464
0 0.8922148287409378 0.6090590430232579 0.012900043502986059 0.017988536397194464
1 0.8976653949453477 0.6086282464470305 0.006613675911805572 0.01602551819859723
6 0.9038972111497573 0.6082475146456277 0.012972778685347209 0.021113536397194467
7 0.9264625421718058 0.605793143115543 0.009775043502985881 0.017788277297895762
7 0.9412335569894449 0.6036193738372114 0.012900043502986236 0.017988536397194464
10 0.9529159393982642 0.6028078454595814 0.01290004350298588 0.017988536397194464
22 0.9606920718070837 0.601745993207828 0.012900043502986236 0.017988536397194464
12 0.8078047675705212 0.6691769177925451 0.012972778685347209 0.021113536397194467
34 0.859930312023438 0.6631562577057974 0.011301175911805572 0.016325906847545292
30 0.8716308782278477 0.6631259793281673 0.009738675911805572 0.016225777297895937
12 0.9097666578631255 0.6593291532945758 0.008067073138263936 0.011438147748246762
17 0.924519488885174 0.6563741340162442 0.009738675911805572 0.016225777297895937
11 0.9462853861116324 0.6530884477113348 0.009738675911805572 0.016225777297895937
13 0.9805330995425005 0.6498225478036198 0.009847778685347208 0.020913277297895938
13 0.9867103643601393 0.6470980660022171 0.009847778685347208 0.020913277297895938
13 0.996875 0.64609375 0.00625 0.0203125
13 0.8566423110735073 0.6894684338316741 0.009847778685347208 0.020913277297895938
13 0.9217770018029519 0.706123810142121 0.009738675911805572 0.016225777297895937
13 0.8881339260992368 0.9699767566260633 0.011301175911805572 0.01632590684754511
17 0.8006105166205908 0.6952387700442986 0.009738675911805572 0.016225777297895937
29 0.81696221523382 0.6939463803156165 0.011301175911805572 0.016325906847545292
25 0.8302616490294102 0.6955787314876357 0.011301175911805572 0.016325906847545292
5 0.8340769800514588 0.691922805361759 0.011301175911805572 0.016325906847545292
0 0.8410718624602783 0.690810888335181 0.012972778685347209 0.021113536397194467
12 0.891707642095556 0.6878150986987839 0.009738675911805572 0.016225777297895937
17 0.8019554642838894 0.7195075848191232 0.011301175911805572 0.01632590684754511
17 0.827645795305938 0.717253472388337 0.009738675911805572 0.016225777297895937
25 0.8433071628971185 0.7198172678848302 0.009738675911805572 0.016225777297895937
32 0.8596224939191671 0.7169623781561482 0.011192073138263935 0.011638406847545113
32 0.8689429425323963 0.715219405454044 0.011192073138263935 0.011638406847545291
32 0.876737258736806 0.7149388032022908 0.011192073138263935 0.011638406847545113
5 0.9023366707809032 0.7087784407715045 0.012972778685347209 0.021113536397194467
0 0.9093315531897227 0.7076665237449264 0.012972778685347209 0.021113536397194467
12 0.9529724504161811 0.7057826511351074 0.011192073138263935 0.011638406847545291
12 0.9763190314382296 0.7033783443798473 0.011192073138263935 0.011638406847545291
22 0.9903269800514588 0.7019357603266911 0.011192073138263935 0.011638406847545113
1 0.8119493665443407 0.7802145473421944 0.006613675911805572 0.016025518198597412
21 0.8220692489531602 0.7793028894149151 0.009775043502986237 0.01778827729789594
30 0.8221608211414935 0.8167528246400904 0.011301175911805572 0.01632590684754511
12 0.8626221669811812 0.8123249429309729 0.012972778685347209 0.021113536397194467
22 0.9217607776385075 0.805973615817647 0.011301175911805572 0.01632590684754511
23 0.8848257817225701 0.8948766270764139 0.011301175911805572 0.01632590684754547
17 0.9027217965402089 0.8929031168973811 0.009738675911805572 0.016225777297896114
31 0.9307558775622574 0.890799198791069 0.01290004350298588 0.017988536397194464
27 0.9525217747887158 0.8875135124861593 0.012972778685347209 0.02111353639719482
17 0.9937461868328132 0.8823544455518665 0.009847778685347208 0.02091327729789576
13 0.8893139131814589 0.9201269509505373 0.012900043502986236 0.017988536397194464
12 0.9017775455902785 0.9193654873477317 0.008067073138263936 0.011438147748246762
11 0.9235434428167368 0.9160798010428224 0.009775043502986237 0.017788277297896116
2 0.9430019576343757 0.9142064204134389 0.012900043502986236 0.01798853639719482
2 0.9616610386564244 0.9115017250092308 0.009847778685347208 0.020913277297896115
7 0.9499968400431952 0.9130945033868606 0.009847778685347208 0.020913277297896115
0 0.967892854860834 0.9111209932078278 0.009775043502986237 0.017788277297896116
1 0.9733434210652436 0.9106901966316006 0.006613675911805572 0.016025518198597412
4 0.9787758034740632 0.9094781500553732 0.012972778685347209 0.02111353639719482
4 0.996875 0.90625 0.00625 0.01875
17 0.8702379112815979 0.9719502668050961 0.009738675911805572 0.016225777297896114
27 0.9480719705521535 0.9644567442875622 0.004905705547083273 0.009675388648948059