6 0.35 0.19453125 0.7 0.3890625
13 0.85625 0.040625 0.2875 0.08125
20 0.90859375 0.103125 0.1828125 0.20625
22 0.834375 0.25625 0.26875 0.265625
30 0.4448882327516676 0.5650941240849506 0.31837531046212886 0.3205692280394528
24 0.3732799070209737 0.8293742527450417 0.27175458869018454 0.2872476507001803
10 0.25703125 0.9453125 0.2515625 0.109375
29 0.12912865730379758 0.7506748987109979 0.25706737210203656 0.26210220003181667
35 0.08125 0.52109375 0.1625 0.2640625
26 0.04609375 0.6953125 0.0921875 0.2625
26 0.85 0.7359375 0.3 0.528125