28 0.28671875 0.26484375 0.5640625 0.5296875
34 0.96875 0.40859375 0.0625 0.2421875
13 0.815625 0.46796875 0.36875 0.1234375
15 0.78828125 0.334375 0.4234375 0.390625
32 0.64609375 0.35234375 0.1546875 0.3546875
33 0.73125 0.13125 0.325 0.2625
30 0.284375 0.76484375 0.56875 0.4703125
27 0.7219822998637144 0.6776735882971021 0.02968085594746528 0.030669646641955418
27 0.7619798580951718 0.7240203094411616 0.03296963025772479 0.03390377404661713
24 0.6565277182265087 0.6533482000926673 0.041109678878243815 0.04042659255827141
24 0.6092543277920186 0.7817931478230817 0.041109678878243794 0.04042659255827132
24 0.6395050717991247 0.8363070330322918 0.041109678878243815 0.04042659255827132
24 0.7888765507682256 0.6996006627992062 0.04439845318850324 0.04366071996293312
13 0.7993426599950512 0.6006175257758976 0.04776911465389251 0.04845734736759484
13 0.814006025553455 0.6713293298595817 0.04776911465389251 0.04845734736759475
22 0.5828125 0.73125 0.028125 0.05
22 0.6304122755534549 0.6777405648834571 0.05097600180902231 0.05012897477225655
22 0.6826841044771272 0.6297370853018773 0.049249727498762795 0.046949411069925694
34 0.5977978493887446 0.712534716334736 0.042835953188503285 0.04360615626060227
34 0.749640310379164 0.7424528509109739 0.0462066146538926 0.04840278366526398
14 0.7073189343053107 0.6069617842134181 0.041191566033373525 0.041989092558271414
14 0.58359375 0.8078125 0.0296875 0.0375
14 0.6973474700355309 0.7004488893855613 0.041109678878243815 0.04042659255827132
14 0.871875 0.5453125 0.040625 0.03125
23 0.7282522320213186 0.5882291423807862 0.03946529172311401 0.03880952885594056
23 0.783219693011738 0.6215302265015371 0.041109678878243724 0.04042659255827141
23 0.617790524083117 0.8550669567160891 0.0378209045679843 0.037192465153609786
23 0.978125 0.5375 0.040625 0.015625
29 0.7399743040475859 0.5729488827621394 0.03954717887824373 0.04037202885594056
29 0.6590595759829962 0.7315277637949981 0.034614017412854546 0.035520837748947987
29 0.8611366530976463 0.6297668232361596 0.03790279172311406 0.0387549651536097
29 0.9118869255988834 0.5825991573569106 0.034614017412854546 0.035520837748947987
28 0.7765625 0.546875 0.053125 0.034375
17 0.796875 0.534375 0.046875 0.009375
17 0.6730435108541338 0.714603158622855 0.0461247274987628 0.04684028366526398
17 0.8486532632289829 0.5558481735989794 0.04283595318850324 0.04360615626060227
17 0.8759837251239138 0.6143774362128511 0.04283595318850324 0.04360615626060227
28 0.57265625 0.82421875 0.0078125 0.0359375
28 0.8332706026681048 0.5759523424734534 0.041109678878243815 0.04042659255827141
28 0.8382280975797223 0.655612560622288 0.03946529172311406 0.03880952885594056
12 0.9375077233148913 0.563702824417286 0.03946529172311406 0.03880952885594056
15 0.6214710447753318 0.7610168563532695 0.03798467887824382 0.04031746515360961
18 0.7073842113291037 0.6828794434692453 0.029762743102595034 0.032232146641955416
10 0.7630676452957301 0.6402355864830036 0.04119156603337348 0.041989092558271414
10 0.8994654907277457 0.5994691988267229 0.04439845318850324 0.04366071996293312
10 0.959375 0.54765625 0.04375 0.0359375
10 0.58046875 0.9859375 0.0234375 0.028125
21 0.799776429216928 0.6835664350317248 0.02984463025772479 0.03379464664195542
18 0.57734375 0.88984375 0.0171875 0.0328125
20 0.5958303149017198 0.8691393803998867 0.0461247274987628 0.04684028366526398
32 0.6649620952048731 0.8142857000926671 0.04596095318850333 0.04371528366526398