9 0.1546875 0.2 0.309375 0.4
10 0.90390625 0.09765625 0.1921875 0.1953125
32 0.959375 0.259375 0.08125 0.28125
17 0.6125 0.17265625 0.35 0.3453125
22 0.85078125 0.22109375 0.2453125 0.3578125
24 0.684375 0.30546875 0.284375 0.1890625
21 0.715625 0.0609375 0.246875 0.121875
10 0.8954405539744641 0.5040523362528881 0.02384660308425506 0.024802578925077867
10 0.8413997106294417 0.6273386468327016 0.02384660308425506 0.02480257892507769
10 0.7989064732113434 0.5179412600292335 0.023819329545304767 0.02324007892507769
10 0.8019672435038829 0.4697312731834131 0.023819329545304767 0.02324007892507769
27 0.9953125 0.99609375 0.009375 0.0078125
27 0.8503501964259822 0.4694274362952404 0.02373750892845372 0.01855257892507787
27 0.6966054078694983 0.6485626574972196 0.022120461850553143 0.015336573663405772
17 0.8468451412304068 0.581608917879389 0.030096603084255234 0.02516659997176518
24 0.99765625 0.90234375 0.0046875 0.0203125
24 0.891308207383031 0.5802963178370367 0.023955697240056396 0.031052578925077866
24 0.8924070572208752 0.5538248230987085 0.025518197240056394 0.031143584186749607
24 0.9 0.41171875 0.025 0.0234375
24 0.8473576099808187 0.5215436731410608 0.02543637662320535 0.026456084186749607
24 0.7860827394433979 0.7669402021508432 0.023901150162155816 0.027927578925077867
24 0.7924264224799948 0.6385344810900383 0.023901150162155816 0.027927578925077867
24 0.747721848616733 0.5812988337632266 0.025518197240056394 0.031143584186749607
11 0.7474275681779238 0.6538640785015547 0.03322160308425524 0.02534861049510866
23 0.8844560097359373 0.7242815362670056 0.023873876623205347 0.026365078925077688
23 0.8385980389569305 0.690392383678522 0.02543637662320535 0.026456084186749607
23 0.7896792978853843 0.7047132179358587 0.02384660308425506 0.02480257892507769
23 0.7959547970746055 0.5724012468750539 0.023873876623205347 0.026365078925077688
23 0.8030388198027769 0.44169727844508494 0.02543637662320535 0.026456084186749607
33 0.6949162228043064 0.6859261496047118 0.02384660308425506 0.024802578925077867
29 0.8839708145244757 0.7859092810053337 0.03311250892845372 0.019098610495108838
29 0.8932389001588605 0.6014810730987085 0.02998750892845372 0.01891659997176518
29 0.8982109979681099 0.48392184677623185 0.02996023538950343 0.01735409997176518
29 0.9012172211827487 0.43258685993041146 0.03311250892845372 0.019098610495108838
29 0.7959644797041653 0.6176682442442181 0.029960235389503254 0.01735409997176518
29 0.8002331939903502 0.5492367626600695 0.02998750892845372 0.01891659997176518
29 0.698467916797952 0.6658411627588915 0.02998750892845372 0.01891659997176518
29 0.38882373010790705 0.9006741051628498 0.015761367694751716 0.008722552616718459
29 0.39111688716992166 0.8531998656861935 0.012636367694751715 0.008540542093374803
14 0.9953125 0.9859375 0.009375 0.01875
14 0.99609375 0.9375 0.0078125 0.01875
14 0.8855548595737815 0.6978100415286774 0.023846603084255236 0.02480257892507769
14 0.8878752901747464 0.6518983020520212 0.025409103084255057 0.024893584186749605
14 0.8978564419617554 0.46360934677623183 0.025381829545304768 0.023331084186749607
14 0.8402735872526472 0.6522476415710298 0.02384660308425506 0.02480257892507769
14 0.7956099236978108 0.597355744244218 0.02384660308425506 0.024802578925077867
14 0.7454286915547182 0.6287730732398829 0.025409103084255237 0.024893584186749605
14 0.7520178364418684 0.514429852179078 0.02384660308425506 0.02480257892507769
14 0.698608238632619 0.6291679153897274 0.023846603084255236 0.02480257892507769
14 0.6997928632272294 0.5628981732822351 0.023873876623205347 0.026365078925077688
14 0.45067489366274344 0.956567060368052 0.012718188311602718 0.013228042093374626
14 0.38665725811108426 0.9106938472703421 0.014307961850553053 0.01488154735504672
14 0.38837371671522647 0.8748928551628499 0.012718188311602718 0.013228042093374626
14 0.3889504151730989 0.8632196077936858 0.012718188311602718 0.013228042093374626
14 0.398409415580136 0.6897288998870605 0.012718188311602718 0.013228042093374803
22 0.7494519439903502 0.5462790916557344 0.024119338473758488 0.04042757892507787
22 0.6995707207757115 0.5948839206513993 0.02568183847375849 0.040518584186749605
21 0.8996740864418683 0.5230298494070678 0.028288641233702096 0.011013094710093263
21 0.8429446197200512 0.6711341494635376 0.028261367694751627 0.009450594710093263
21 0.8040343039744642 0.49872852844508503 0.031359094155801334 0.00807010523343692
32 0.7878810186643911 0.7358267100433509 0.02568183847375849 0.040518584186749605
32 0.38785156533525467 0.889691102532014 0.014362508928453721 0.018006547355046365
20 0.40097135389173866 0.7023654077795684 0.015788641233702005 0.01028505261671846
18 0.8031263689092725 0.5361375231834131 0.03144091477265239 0.012757605233436919
18 0.39951794804754004 0.7085244025178964 0.017296594155801336 0.007251057878390199
28 0.8425531075451866 0.6039921520943734 0.0253545560063543 0.021768584186749606
28 0.39018563270569484 0.8445606130553575 0.01266364123370205 0.010103042093374804
28 0.40056225080748364 0.6789279077795684 0.012690914772652384 0.011665542093374804
34 0.8407627366040241 0.5461341494635376 0.03319432954530477 0.023786110495108835
25 0.7866400726421506 0.6647329600433509 0.03322160308425524 0.025348610495108836
25 0.4488805685816656 0.9431948051063801 0.018995461850553053 0.015154563140062294
12 0.746568451700988 0.6046453285015547 0.0237920560063543 0.021677578925077868
30 0.99765625 0.8828125 0.0046875 0.01875
30 0.8367179391190863 0.7168183757860142 0.022284103084255234 0.024711573663405772
30 0.8468666862797125 0.4934186731410609 0.023873876623205347 0.02636507892507787
13 0.8080711931795713 0.4170157968609365 0.033248876623205345 0.026911110495108838
31 0.8867218932590017 0.6752447967903492 0.023846603084255236 0.024802578925077867
27 0.8890423238599666 0.629333057313693 0.02373750892845372 0.018552578925077688
28 0.8827122775928448 0.7585200283744978 0.023819329545304767 0.02324007892507769
22 0.9953125 0.9625 0.009375 0.03125
34 0.996875 0.9203125 0.00625 0.021875
18 0.8850247999139793 0.8015797836361698 0.02996023538950343 0.01735409997176518
14 0.6976690758885615 0.7095001574972196 0.03322160308425524 0.025348610495108836
34 0.7077320482924214 0.5258987022214303 0.0333306972400564 0.031598610495108835
24 0.7080087378218402 0.4970379548522662 0.033385244317957155 0.03472361049510884
30 0.7097661067344078 0.463580712744774 0.0333306972400564 0.031598610495108835
28 0.6278980925276529 0.7811406680911505 0.0253272824674041 0.020206084186749608
10 0.6290378526739226 0.7570129233528224 0.025409103084255057 0.024893584186749605
27 0.6301230657422918 0.7297601786144942 0.0253272824674041 0.020206084186749608
10 0.6320304391190863 0.7048966865070019 0.025409103084255057 0.024893584186749605
17 0.6338969021874554 0.6776894443995097 0.023819329545304767 0.023240078925077866
27 0.6347502901747466 0.6371554496611816 0.02532728246740401 0.020206084186749608
24 0.6358355032431156 0.6099027049228534 0.026998876623205437 0.026547089448421345
11 0.6368934427725342 0.5810874601845253 0.02535455600635439 0.021768584186749606
11 0.6395957029188041 0.557050720707869 0.02532728246740401 0.020206084186749608
24 0.6404490909060951 0.5165167259695409 0.025436376623205435 0.026456084186749607
17 0.6436053185849608 0.4737754891237205 0.025381829545304768 0.023331084186749607
10 0.6447178051922802 0.4480852443853923 0.02384660308425506 0.02480257892507769
16 0.6465569947216989 0.4193155022779001 0.025409103084255057 0.024893584186749605
28 0.45168796874382133 0.9698938129988879 0.015843188311602717 0.01341005261671846
14 0.5275219914719929 0.8431940760824803 0.018995461850553053 0.015154563140062294
33 0.52808505316039 0.8307395787133162 0.018995461850553053 0.015154563140062294
29 0.5286344780793122 0.8175038313441523 0.018995461850553053 0.015154563140062294
27 0.5299924265371846 0.805876086605824 0.017432961850553052 0.015063557878390199
14 0.5297878749950571 0.794157336605824 0.019022735389503432 0.016717063140062292
22 0.5310503660666034 0.7770608418674959 0.019104556006354478 0.021404563140062293
14 0.5323264939076248 0.7607455971291677 0.01746023538950343 0.016626057878390377
34 0.5329031923654972 0.7490723497600037 0.01746023538950343 0.0166260578783902
24 0.5334526172844194 0.7358366023908396 0.01905000892845372 0.018279563140062117
30 0.534742381894916 0.7203026076525114 0.017487508928453722 0.018188557878390375
3 0.45647883440997816 0.8866640840455752 0.017432961850553052 0.015063557878390555
27 0.388437946422687 0.923284852532014 0.018995461850553053 0.015154563140062294
3 0.39865092329077373 0.7482771472562246 0.020612508928453722 0.018370568401734032
21 0.3981190892812421 0.7178083972562246 0.01740568831160272 0.013501057878390376
3 0.3207599281620377 0.5782838946959759 0.019022735389503408 0.016717063140062115