16 0.225 0.2296875 0.45 0.459375
32 0.725 0.2296875 0.55 0.459375
28 0.36195207961812653 0.8566555945459559 0.13962486859279988 0.1756985117201923
16 0.2078125 0.94921875 0.15625 0.1015625
21 0.2726893083635883 0.761331405001844 0.1549607085166876 0.2078496776670363
34 0.33984375 0.54296875 0.1359375 0.1671875
15 0.2953125 0.490625 0.153125 0.0625
11 0.12578125 0.48515625 0.1640625 0.0515625
12 0.1426596156642314 0.6459042689737896 0.15062603558899426 0.1779619185677376
33 0.059375 0.94921875 0.11875 0.1015625
27 0.03515625 0.7640625 0.0703125 0.171875
14 0.959375 0.91875 0.08125 0.1625
20 0.915625 0.65390625 0.16875 0.2734375
12 0.809375 0.88828125 0.2125 0.2234375
28 0.7475275519006167 0.6394342234772965 0.2345155573378241 0.286193525599853
23 0.61171875 0.9 0.2390625 0.2