16 0.15 0.23359375 0.3 0.4671875
4 0.550116308160739 0.07615139273872558 0.16692843671876342 0.1361815336118279
6 0.5097503714419755 0.20717589965880778 0.18171897881213822 0.1492545365775774
4 0.46253519524655573 0.3353619080617648 0.1738154735504665 0.1473737015966055
5 0.41796875 0.43828125 0.1765625 0.1015625
6 0.19453125 0.54921875 0.1640625 0.1203125
5 0.13861111881113963 0.6684808141835442 0.18006547355046632 0.147628369581383
9 0.08125 0.7921875 0.1625 0.14375
4 0.053125 0.9140625 0.10625 0.14375
6 0.71328125 0.52109375 0.1578125 0.0640625
5 0.6636566214419755 0.6178905651721275 0.17336044724210709 0.1395612015966055
9 0.6088109557698995 0.7432699085560565 0.16380343671876343 0.13605419961943924
4 0.5563090400978233 0.8685537514456938 0.1683999314570917 0.13468270060802218
8 0.50625 0.96640625 0.165625 0.0671875