5 0.31484375 0.175 0.6296875 0.35
20 0.81484375 0.175 0.3703125 0.35
7 0.31484375 0.675 0.6296875 0.65
6 0.6605912605578552 0.971786553031533 0.04649456677218975 0.042999727498762755
6 0.8368355118114966 0.9734708045018712 0.04649456677218975 0.042999727498762755
2 0.6831936862638182 0.9456401328597167 0.04493206677218957 0.042917840343633176
2 0.7066455581297151 0.9171090191103352 0.04493206677218957 0.042917840343633176
0 0.6945176311701109 0.9317856727738082 0.04493206677218975 0.042917840343633176
1 0.7187280209826966 0.903994865446862 0.043278638558944496 0.03971095318850324
8 0.8078125 0.9921875 0.04375 0.015625
5 0.81796875 0.98515625 0.0453125 0.0296875