21 0.15859375 0.28984375 0.3171875 0.5796875
8 0.44609375 0.53359375 0.0921875 0.0921875
9 0.5690428004799928 0.497373021100023 0.11692843671876343 0.13159664772652385
1 0.6908869793768356 0.4463208100602489 0.08954688936371688 0.11707049756436802
6 0.8324598293486007 0.41907429179630434 0.10012036831702957 0.11101141233702042
0 0.95 0.37109375 0.1 0.1046875
18 0.4 0.5796875 0.2286079640625 0.5796875 0.141573925 1 0.3686329828125 1 0.4 0.8552484046875 0.4 0.5796875
1 0.43203125 0.81953125 0.0640625 0.1234375
9 0.5563306978773916 0.8374314107121673 0.1105874314570916 0.12992505357072232
8 0.6946119478773917 0.8398451189092725 0.10544490514873246 0.12203073295387146
2 0.8296848978915092 0.857061666797952 0.11398544724210709 0.13466710064862308
9 0.95390625 0.878125 0.0921875 0.125