33 0.7296875 0.159375 0.540625 0.31875
18 0.453125 0.32265625 0.0125 0.0078125
18 0.453125 0.36171875 0.0125 0.0203125
18 0.38132632236495156 0.35554577958313316 0.019896420171816587 0.022639003954332715
18 0.3455492746489438 0.37501070399370134 0.016607645861557073 0.019386669961943957
18 0.41452500395672887 0.4661503571497313 0.016525758706427317 0.01782416996194396
18 0.3844723337849123 0.44545319657932747 0.01652575870642714 0.01782416996194396
18 0.4372498530067892 0.5262920196973014 0.016525758706427317 0.01782416996194396
18 0.32267169662978257 0.44640554292900597 0.019896420171816587 0.022639003954332715
18 0.2983334379233554 0.4301730478719219 0.019896420171816587 0.022639003954332715
18 0.134375 0.321875 0.0125 0.00625
18 0.2649820273624773 0.45110497178819847 0.015045145861557075 0.019323002965749493
18 0.1358091044771273 0.3616352479856526 0.019896420171816587 0.022639003954332715
28 0.4162302668470277 0.3791769391649537 0.02639208163720568 0.02758117193911023
28 0.45625 0.4578125 0.00625 0.028125
13 0.3171875 0.321875 0.025 0.00625
13 0.4282975768875074 0.47498418768207895 0.024665807326946166 0.02439250494291585
14 0.3296875 0.325 0.021875 0.0125
31 0.40703125 0.33125 0.0265625 0.025
21 0.36105808796878386 0.342279117035563 0.018170145861557074 0.019450336958138338
24 0.42109150723608924 0.337484187682079 0.026392081637205855 0.02758117193911023
24 0.45546875 0.4125 0.0078125 0.028125
24 0.40323894391624915 0.37031127513450884 0.026392081637205855 0.02758117193911027
24 0.438955115897088 0.4393186017125238 0.02639208163720568 0.02758117193911023
23 0.44609375 0.35625 0.0265625 0.028125
23 0.43256127374443254 0.34719476870871824 0.023103307326946165 0.02432883794672147
23 0.36507720262267646 0.38909045003936865 0.02639208163720568 0.02758117193911023
23 0.44211109339585075 0.4845992682144266 0.02639208163720568 0.02758117193911023
23 0.4063030681810801 0.4586561921307032 0.023021420171816586 0.02276633794672147
16 0.37555103516439325 0.43955336505839665 0.02639208163720568 0.02758117193911023
10 0.446875 0.32265625 0.025 0.0078125
10 0.3953125 0.3265625 0.025 0.015625
10 0.43246942051050075 0.39025901920300987 0.02639208163720568 0.02758117193911023
10 0.3731862737444326 0.34961411456410507 0.023103307326946165 0.02432883794672147
10 0.29350209577069997 0.33798554787192187 0.02639208163720568 0.02758117193911023
10 0.45 0.4921875 0.01875 0.025
12 0.45546875 0.328125 0.0078125 0.01875
12 0.3894663709854706 0.3614774446021612 0.02639208163720568 0.027581171939110315
22 0.34375 0.33125 0.028125 0.025
22 0.40729900214770665 0.41790385813831443 0.0263101944820761 0.026018671939110227
22 0.30813780585660827 0.34835004490617233 0.028036468792335612 0.02920733893530465
29 0.3859375 0.32265625 0.021875 0.0078125
34 0.39348548563936314 0.40828877760596677 0.0247476944820761 0.02595500494291585
17 0.36255971223361494 0.4306877010279518 0.02639208163720568 0.02758117193911023
21 0.3146235012431955 0.39740962741568636 0.018170145861557074 0.019450336958138338
15 0.45 0.446875 0.01875 0.025
15 0.3390027035271876 0.4144233724727705 0.021540807326946167 0.024265170950527094
27 0.4259637929663095 0.43045293768207893 0.026392081637205855 0.02758117193911023
27 0.3358057824508599 0.36836145597086767 0.021540807326946344 0.024265170950527094
27 0.2796875 0.33046875 0.025 0.0234375
22 0.44765625 0.40234375 0.0234375 0.0296875
14 0.37720538839832524 0.3964254475679107 0.028036468792335612 0.029207338935304604
14 0.3252400966752111 0.36096279144613125 0.0231851944820761 0.025891337946721472
14 0.2578125 0.321875 0.021875 0.00625
29 0.353607436114333 0.37937986901272935 0.02639208163720568 0.02758117193911023
29 0.3495683893028364 0.421822036997507 0.02639208163720568 0.02758117193911023
20 0.26953125 0.32734375 0.0265625 0.0171875
28 0.39257143882786655 0.4506036115983556 0.02639208163720568 0.02758117193911023
30 0.32679263059640906 0.4055258749442284 0.023021420171816586 0.02276633794672147
28 0.4306723043862702 0.520296687682079 0.021540807326946167 0.024265170950527094
28 0.353546560379164 0.4678521200013126 0.028036468792335612 0.029207338935304694
28 0.153125 0.33125 0.028125 0.025
28 0.1421875 0.32734375 0.028125 0.0171875
28 0.2844690117586451 0.46440346783386577 0.02639208163720568 0.02758117193911023
28 0.19513319482076028 0.40306140262455725 0.02639208163720568 0.02758117193911023
28 0.12688780585660825 0.3557354164647218 0.028036468792335612 0.02920733893530465
14 0.19432096732199752 0.3576852356283629 0.021540807326946167 0.024265170950527094
14 0.2949937539567289 0.47102088235860223 0.026392081637205855 0.02758117193911023
14 0.15611828245085987 0.3756831605332227 0.021540807326946344 0.024265170950527094
14 0.11475962008095948 0.3484004189361797 0.021540807326946344 0.024265170950527094
10 0.4136519007227971 0.50924644114212 0.02639208163720568 0.02758117193911023
10 0.37550012550802647 0.48339886555268824 0.023021420171816586 0.02276633794672147
10 0.1659126843053107 0.3384869080617648 0.024665807326946166 0.02439250494291585
10 0.36406133649844585 0.5190962850203407 0.02639208163720568 0.02758117193911023
10 0.20652107417397395 0.41120948365119653 0.026392081637205855 0.02758117193911023
10 0.10086421641748636 0.337222838403832 0.026392081637205765 0.02758117193911027
22 0.4484375 0.53515625 0.021875 0.0296875
21 0.40148277136958344 0.501130193613578 0.021540807326946344 0.024265170950527094
32 0.38931364201636975 0.4930139460850359 0.02959896879233561 0.029271005931498985
34 0.36493443973237766 0.47600020102795176 0.021540807326946167 0.024265170950527094
34 0.3380786906368888 0.5013649569594508 0.026392081637205855 0.02758117193911023
32 0.3348408259829963 0.45452179045754804 0.02959896879233561 0.029271005931498985
32 0.4436536612382467 0.5737891022068154 0.029517081637205678 0.02770850593149916
32 0.22189709068231736 0.4207608971873499 0.02959896879233561 0.02927100593149907
21 0.3146135351643933 0.44203637790997796 0.021540807326946167 0.024265170950527094
21 0.3048700429663095 0.4353871298871443 0.018170145861557074 0.019450336958138338
23 0.2877677521477066 0.4227743833471854 0.024665807326946166 0.02439250494291585
23 0.3510700135676673 0.5102306209898957 0.023021420171816586 0.02276633794672147
23 0.24142501865604996 0.43484064323301713 0.02639208163720568 0.02758117193911023
23 0.0859375 0.32890625 0.025 0.0203125
16 0.2755576792169281 0.41387688581864335 0.02968085594746519 0.030833505931498983
29 0.25689288839832514 0.4013278062748789 0.018170145861557074 0.019450336958138338
24 0.24476470262267647 0.3939928087463368 0.02968085594746519 0.030833505931498983
24 0.22688116180407344 0.3814118957044751 0.02639208163720568 0.02758117193911023
24 0.45234375 0.5828125 0.0140625 0.028125
24 0.3827261273170487 0.531645364564105 0.02968085594746537 0.030833505931499073
24 0.25523853516439327 0.44445572376536485 0.02639208163720568 0.02758117193911023
15 0.214671088873295 0.372514398175933 0.021540807326946344 0.024265170950527094
15 0.2049275966752111 0.3658651501530994 0.021540807326946167 0.024265170950527094
27 0.18219278154634874 0.35035023809982085 0.021540807326946167 0.024265170950527094
27 0.16668396822650866 0.3830818250579592 0.02639208163720568 0.02758117193911023
12 0.1439900966752111 0.36834816300468065 0.02639208163720568 0.02758117193911027
30 0.42412573326451397 0.5597093561611481 0.026392081637205855 0.02758117193911023
25 0.41035316033373553 0.5508755256288004 0.02639208163720568 0.02758117193911023
29 0.39489525667026226 0.5397616120926472 0.02639208163720568 0.02758117193911023
26 0.32101734339585075 0.489533460419492 0.02968085594746519 0.030833505931498983
30 0.3080260204650722 0.4806677963890471 0.02639208163720568 0.02758117193911023
29 0.27225893882786656 0.4555059703053237 0.02639208163720568 0.02758117193911023
25 0.17807184757972222 0.3912299060845984 0.028036468792335612 0.029207338935304604
13 0.07421875 0.3265625 0.0265625 0.015625
34 0.443268558908826 0.6411357696973015 0.019814533016686654 0.021076503954332713
24 0.4336888410210015 0.6376115216744678 0.01652575870642714 0.017824169961943782
24 0.36223656490171974 0.588850369507021 0.018170145861557074 0.019450336958138338
24 0.22769779059146025 0.5912007311797386 0.01652575870642714 0.01782416996194396
24 0.149229711101961 0.8418002504571106 0.018170145861557074 0.019450336958138338
24 0.3873980964480685 0.7851205330431743 0.026392081637205855 0.02758117193911023
30 0.4231231552453528 0.6302128571497313 0.018170145861557074 0.019450336958138338
10 0.4101318323145743 0.6213471931192864 0.018170145861557074 0.019450336958138338
10 0.061195286068904495 0.4766328482896638 0.018170145861557074 0.019450336958138338
10 0.15859366576080242 0.7067567469970694 0.018170145861557074 0.019450336958138338
10 0.10658743046012349 0.6705128408752901 0.018170145861556984 0.019450336958138338
10 0.17508952623082347 0.8571878285180002 0.018170145861557074 0.019450336958138338
23 0.39874395296136067 0.6131991120926472 0.01652575870642714 0.01782416996194396
23 0.17721311171321652 0.5541119080617648 0.01652575870642714 0.01782416996194396
23 0.1488501735627185 0.7001074989742359 0.016525758706427317 0.017824169961943782
23 0.10199286295641193 0.8069278433467479 0.016525758706427317 0.017824169961943782
13 0.39130326718571184 0.605673113575522 0.019814533016686654 0.021076503954332537
13 0.21039518317365696 0.7390944031188489 0.019814533016686654 0.021076503954332713
13 0.37198113636216024 0.7747878695070209 0.021540807326946167 0.024265170950527094
29 0.3548777662812007 0.5828868709898958 0.016607645861557073 0.019386669961943957
29 0.16825086951513252 0.547430826540834 0.01652575870642714 0.01782416996194396
29 0.28032590287050363 0.7887004722824902 0.014881371551297562 0.01619800296574958
29 0.19613901062699118 0.8704226575674732 0.01652575870642714 0.017824169961943782
29 0.0946340643358929 0.8009643448296228 0.016525758706427317 0.01782416996194396
17 0.3481364433504222 0.5737665389746733 0.021540807326946167 0.024265170950527094
17 0.07472219753429377 0.4807791788220115 0.018170145861557074 0.019450336958138338
17 0.1697768272261916 0.7109985780237087 0.019814533016686654 0.021076503954332537
14 0.3362539190401628 0.5711190414461312 0.018170145861557074 0.019450336958138338
14 0.3349171483479479 0.6651237094309088 0.018170145861557074 0.019450336958138338
14 0.18629818464399506 0.5631367395826956 0.01652575870642714 0.01782416996194396
14 0.04495613240543132 0.4655507682516077 0.018170145861557074 0.019450336958138338
14 0.2179586996820003 0.7489641516359742 0.018170145861557074 0.019450336958138338
14 0.35997578131920616 0.7697966219784789 0.018170145861557074 0.019450336958138338
14 0.24372333955066355 0.8222915636892527 0.018170145861557074 0.019450336958138338
14 0.21112220149102265 0.7977836536131405 0.018170145861557074 0.019450336958138338
14 0.18816273631673167 0.8676159925484452 0.018170145861557074 0.019450336958138338
14 0.11103699230962553 0.8151714248676788 0.018170145861556984 0.019450336958138338
27 0.32889512041964375 0.5651555429290059 0.014881371551297562 0.01619800296574958
27 0.05391837460351523 0.4722318497725385 0.014881371551297562 0.01619800296574958
27 0.2075678335577697 0.8793519885941125 0.014881371551297562 0.01619800296574958
21 0.36151726989924543 0.6796982039937014 0.019814533016686654 0.021076503954332713
18 0.3541994148562912 0.6745159554765762 0.016607645861557073 0.01938666996194378
18 0.2753517978275495 0.7834227232710733 0.019896420171816587 0.022639003954332715
18 0.20147388455313794 0.7331945715979181 0.016607645861557073 0.01938666996194378
18 0.2590174689038772 0.830280477225406 0.016607645861557073 0.01938666996194378
18 0.20411528493725067 0.8732293225865012 0.019896420171816587 0.022639003954332715
20 0.34766280981333714 0.6693018734613536 0.019814533016686654 0.021076503954332713
20 0.2688561363621602 0.7789898912558508 0.019814533016686654 0.021076503954332713
20 0.2591126441640764 0.7723406432330171 0.019814533016686654 0.021076503954332713
20 0.14136854420950495 0.6918002504571106 0.021540807326946167 0.024265170950527094
20 0.25252180743848796 0.8258476452101835 0.01981453301668683 0.021076503954332713
12 0.24048439563441448 0.5961601452101835 0.02639208163720568 0.02758117193911023
22 0.21470646766068172 0.5823350671492938 0.024665807326946166 0.02439250494291585
22 0.1992895075747735 0.5720024036131405 0.02137703301668683 0.021140170950527094
28 0.08458852046507226 0.48977217684484514 0.026392081637205765 0.02758117193911023
28 0.35023228912112225 0.7631473739556454 0.018170145861557074 0.019450336958138338
28 0.13022632632168046 0.6883396694304713 0.018170145861557074 0.019450336958138338
29 0.34365474050060324 0.7571520419404228 0.016607645861557073 0.019386669961943957
28 0.29080970149102264 0.7945366368072265 0.01981453301668683 0.021076503954332713
34 0.24723011985381688 0.7696931457044751 0.019814533016686654 0.021076503954332713
34 0.18616646709485493 0.7847079920541535 0.018170145861557074 0.019450336958138338
22 0.23230780472495455 0.7538598986702245 0.0263101944820761 0.026018671939110404
10 0.19345666666531355 0.72960665657889 0.016525758706427317 0.017824169961943782
29 0.1795203194242756 0.7176478260465424 0.023103307326946165 0.02432883794672147
25 0.11628997908064247 0.6763808388981236 0.021540807326946253 0.024265170950527094
30 0.09684393826203959 0.6638635928524563 0.016525758706427317 0.01782416996194396
21 0.09100669606395573 0.6570551773391367 0.019896420171816497 0.022639003954332715
21 0.19488304782754948 0.7867015735750844 0.016607645861557073 0.01938666996194378
21 0.2646909367917015 0.8339638927387256 0.019814533016686654 0.021076503954332713
27 0.2208247501115416 0.8036516516359742 0.019814533016686654 0.021076503954332713
21 0.3807796042499847 0.7783439510279517 0.011674484396167629 0.014508168973360824
25 0.20076123360319825 0.794291239088404 0.018170145861557074 0.019450336958138338
0 0.16643382123329786 0.7667219960084862 0.01981453301668683 0.021076503954332713
32 0.15438752261277883 0.7609494984799442 0.023021420171816586 0.02276633794672147
32 0.22035443860072396 0.8843114026245573 0.0263101944820761 0.026018671939110404
12 0.16045381614491525 0.8468233314837498 0.018170145861557074 0.019450336958138338
22 0.1385411945936177 0.832057835932374 0.023021420171816586 0.02276633794672147
22 0.1239054845077094 0.8216933388981236 0.023021420171816586 0.02276633794672147
20 0.90546875 0.3984375 0.1890625 0.159375
19 0.9609375 0.5109375 0.078125 0.18125
24 0.959375 0.6859375 0.08125 0.2
25 0.8730445901164904 0.5757786610275143 0.2004514586155702 0.19526737353571572
26 0.7484020369734157 0.4532417692401909 0.2297228787873868 0.2182883794672148
27 0.6234375 0.38203125 0.21875 0.1265625
33 0.51953125 0.4265625 0.1203125 0.153125
32 0.6095719103337356 0.5230979658938806 0.24255042740790572 0.22504771543677
31 0.7649321969684669 0.6342052677573161 0.22158283016686778 0.21172004448624282
30 0.884375 0.75390625 0.23125 0.2328125
29 0.96875 0.89453125 0.0625 0.2046875
34 0.8453125 0.8953125 0.25 0.209375
35 0.6577072744218012 0.7693217084795066 0.27066878335537103 0.25581755437207454