30 0.26953125 0.3 0.5390625 0.6
2 0.721875 0.5578125 0.21875 0.084375
3 0.9046875 0.5140625 0.190625 0.171875
7 0.6492424151808768 0.3888832754746973 0.20746774830195705 0.22761081981405518
8 0.8355291710409729 0.3097481604881052 0.21381787785160639 0.22961036238870208
9 0.96015625 0.22890625 0.0796875 0.2265625
1 0.5828125 0.15703125 0.0875 0.2078125
1 0.73046875 0.08984375 0.1859375 0.1796875
1 0.91171875 0.0515625 0.1765625 0.103125
2 0.62734375 0.12578125 0.1765625 0.2265625
3 0.79921875 0.07734375 0.1984375 0.1546875
33 0.26953125 0.8 0.5390625 0.4
26 0.76953125 0.8 0.4609375 0.4