20 0.2296875 0.2796875 0.459375 0.559375
32 0.734375 0.2796875 0.53125 0.559375
1 0.35390625 0.67109375 0.2296875 0.2234375
2 0.34609375 0.78671875 0.2453125 0.2296875
3 0.340625 0.903125 0.25625 0.19375
17 0.54765625 0.64609375 0.1578125 0.1734375
19 0.49921875 0.91796875 0.0609375 0.1640625
18 0.52421875 0.76953125 0.1109375 0.2328125
25 0.57109375 0.9234375 0.2046875 0.153125
24 0.6187071206072342 0.7825538068204286 0.2046431369509049 0.22207737175194148
23 0.68046875 0.64140625 0.2046875 0.1640625
29 0.8125 0.64765625 0.190625 0.1765625
30 0.7465026511443326 0.8341690795486001 0.21255576650055427 0.2237762394466932
31 0.6859375 0.95859375 0.19375 0.0828125
35 0.88125 0.896875 0.228125 0.20625
34 0.921875 0.70390625 0.15625 0.2109375