26 0.26484375 0.24453125 0.5296875 0.4890625
1 0.8578125 0.37734375 0.225 0.2234375
2 0.75703125 0.41484375 0.2203125 0.1484375
3 0.653125 0.4578125 0.2125 0.0625
1 0.071875 0.57578125 0.14375 0.1734375
4 0.43984375 0.75859375 0.1796875 0.2796875
5 0.35346923635171024 0.8219001875538503 0.2722669260542453 0.27649081888905724
6 0.20717806527678792 0.8461967264868744 0.2741024418392611 0.28118740924813695
7 0.11640625 0.89609375 0.2328125 0.2078125
3 0.8703125 0.5703125 0.259375 0.1625
4 0.775 0.625 0.290625 0.271875
5 0.6751244284733199 0.7250206423743106 0.2837504576242765 0.2859294514026146
6 0.6109375 0.8 0.1625 0.290625
7 0.57578125 0.8890625 0.0921875 0.221875
8 0.965625 0.7796875 0.06875 0.3
9 0.928125 0.87890625 0.14375 0.2421875
0 0.8796875 0.9390625 0.240625 0.121875