12 0.4 0 0.1886044515625 0 0.09605998437499999 0.0611894140625 0.022643490625000002 0.1848541765625 0 0.33070061093750003 0 0.371741646875 0.0140752171875 0.45344839531250003 0.09659929218749999 0.5960810875 0.19815575937500002 0.6791781625 0.4 0.559404596875 0.4 0
29 0.6265625 0.06796875 0.384375 0.1359375
17 0.71484375 0.140625 0.3828125 0.28125
28 0.8078125 0.25234375 0.384375 0.3234375
23 0.45703125 0.35859375 0.1140625 0.3171875
35 0.50859375 0.53203125 0.2171875 0.2953125
3 0.55390625 0.58984375 0.3078125 0.1796875
23 0.24140625 0.75703125 0.3171875 0.1546875
35 0.29453125 0.85078125 0.2109375 0.2984375
3 0.334375 0.90859375 0.13125 0.1828125
15 0.7 0.83984375 0.6 0.3203125