22 0.284375 0.2609375 0.56875 0.25625
8 0.96484375 0.325 0.0703125 0.128125
2 0.8729899662966663 0.3068441773949517 0.1273716368892682 0.15296246268299923
5 0.7516800465281246 0.2765106927116343 0.12907968610347992 0.15610564401654461
0 0.628125 0.25 0.11875 0.15625
29 0.4890625 0.52578125 0.159375 0.2734375
12 0.27109375 0.4890625 0.2359375 0.2
22 0.10859375 0.46875 0.2171875 0.159375
27 0.52421875 0.8828125 0.0890625 0.234375
14 0.428125 0.8609375 0.24375 0.278125
10 0.26796875 0.84140625 0.2453125 0.3171875
35 0.08828125 0.815625 0.1765625 0.36875
4 0.92109375 0.48359375 0.1578125 0.1859375
5 0.8024398717971841 0.49122717337681615 0.171160178245597 0.18782835868872638
3 0.6704985130296786 0.5045436913589988 0.17108740363849115 0.1862658586887262
3 0.596875 0.515625 0.05625 0.2