14 0.46875 0.08236147656250001 0.32261614375000003 0.054492585937500004 0.31069108125 0.0688511890625 0.30417795000000003 0.1258239125 0.3861851125 0.1580961421875 0.41508009843749993 0.20518866562500002 0.4136118296875 0.3379711234375 0.383982709375 0.357269828125 0.2743951140625 0.3363705984375 0.18865764375 0.2867541609375 0.1638600328125 0.22381022968750003 0.186762671875 0.1034318828125 0.1319688734375 0.0929822671875 0.072923984375 0.2896320421875 0 0.2778041203125 0 0.40878732187500005 0.26526251562500003 0.459375 0.4315118796875 0.459375 0.46875 0.3153129140625 0.46875 0.08236147656250001
35 0.734375 0.2296875 0.53125 0.459375
23 0.22265625 0.7296875 0.4453125 0.540625
2 0.63828125 0.99140625 0.0234375 0.0171875
2 0.646494941486174 0.9617782200827234 0.023405549091614474 0.01900453866963616
0 0.6420307110310114 0.9781481074156326 0.023405549091614474 0.01900453866963616
0 0.6509591719413367 0.9454083327498143 0.023405549091614474 0.01900453866963616
2 0.55546875 0.99375 0.0234375 0.0125
1 0.5602067551216561 0.9842339280712695 0.021460411818710768 0.01429885733609062
5 0.6137295942210292 0.7596430080760419 0.023405549091614474 0.01900453866963616
8 0.617476347555009 0.7424827800763601 0.023660640606883377 0.022129538669636163
8 0.6220681237678061 0.7245503927434511 0.023405549091614474 0.01900453866963616
1 0.488856753164802 0.6416731633911337 0.021205320303441688 0.011173857336090798
3 0.49319343786233005 0.6268657760582246 0.023405549091614474 0.01900453866963616
2 0.5003680801362036 0.596451570058861 0.023405549091614474 0.01900453866963616
2 0.506761472410077 0.5660282733927245 0.023405549091614474 0.01900453866963616
0 0.5047685377125488 0.5808629327259519 0.023405549091614474 0.01900453866963625
0 0.5112894757440569 0.5488771360598154 0.023405549091614474 0.01900453866963625