19 0.21484375 0.26484375 0.4296875 0.5296875
25 0.637928653125 0 0.48740259375 0.0672766875 0.4389143984375 0.1230154171875 0.4296875 0.1461640625 0.4296875 0.3882957953125 0.46387840625 0.4558423171875 0.5584013265625 0.5296875 1 0.5296875 1 0.34820356406249997 0.9636150593749999 0.3555086796875 0.9888173609375001 0.30875796875 0.9848882187499999 0.2362285828125 0.9158924203125001 0.0962565125 0.779482621875 0.0100725109375 0.6469516984375 0 0.637928653125 0
3 0.39296875 0.871875 0.0734375 0.221875
8 0.34140625 0.78359375 0.1765625 0.2296875
4 0.2539905248878679 0.6978639784592024 0.22309310811666877 0.22229774715740264
3 0.14921875 0.6265625 0.2296875 0.19375
3 0.07734375 0.58359375 0.1546875 0.1078125
3 0.58203125 0.9265625 0.1703125 0.146875
5 0.5171536002198328 0.8014139126883043 0.163309041958086 0.14852704721387228
7 0.4859375 0.68046875 0.1125 0.1484375
4 0.45546875 0.5796875 0.0515625 0.1