32 0.2453125 0.19453125 0.409375 0.3890625
0 0.953125 0.03046875 0.09375 0.0609375
5 0.9234375 0.10546875 0.153125 0.1359375
7 0.8837590968782363 0.22982669323082955 0.16677187278026223 0.1345553666156336
9 0.82890625 0.3328125 0.1734375 0.1125
1 0.225 0.7484375 0.45 0.503125
4 0.8570587471500083 0.4599970128887623 0.15463250569998319 0.11692219764227278
9 0.8627246030824226 0.591851849352609 0.15964778763096846 0.121800698630856
3 0.8602883819113147 0.7163252673373866 0.16433528763096844 0.12199169961943915
3 0.8674621075218981 0.8490250207974277 0.15652278763096844 0.12167336463846716
5 0.86796875 0.9578125 0.1609375 0.084375