26 0.21484375 0.240625 0.4296875 0.396875
32 0.61171875 0.378125 0.1890625 0.121875
30 0.55234375 0.065625 0.2078125 0.13125
23 0.581201327506667 0.192968865796819 0.18306968597979179 0.15368157981717356
16 0.8651743243725349 0.08835425620074382 0.17983558320625015 0.14884853060296183
27 0.8750792672861809 0.24567660462916727 0.19549695079743062 0.15113877667402048
4 0.13125 0.6296875 0.2625 0.18125
6 0.12578125 0.47109375 0.2515625 0.0640625
8 0.1421875 0.78359375 0.284375 0.1734375
0 0.2046875 0.9515625 0.38125 0.096875
13 0.5 0.68203125 0.140625 0.3234375
34 0.91015625 0.60390625 0.1796875 0.3265625