20 0.259375 0.2296875 0.51875 0.459375
1 0.759375 0.2296875 0.48125 0.459375
24 0.1471404171451935 0.6469917231975305 0.050292665879248945 0.0559461631118273
24 0.05425600189891657 0.7109716522355478 0.0551438569862416 0.06090667889684287
24 0.22763897131369548 0.9651039573419279 0.05185516587924912 0.056037168373499216
27 0.45078125 0.9859375 0.0421875 0.028125
27 0.3245387639646341 0.9044765414580903 0.043933538474587405 0.05245714206513981
27 0.10303080779669908 0.7457785627165392 0.042261911069925696 0.04924113680346807
27 0.030272864875608006 0.69398157331047 0.042261911069925696 0.04924113680346807
27 0.09609375 0.98984375 0.0390625 0.0203125
10 0.48207841233587007 0.6602623518261421 0.037301592558271326 0.04115562101845249
10 0.4061632753973795 0.9645865598033545 0.051909729581580064 0.05759966837349921
10 0.34542418283910814 0.9220658598598244 0.051909729581580064 0.05759966837349921
10 0.2670337988110244 0.8652628520379038 0.0535813569862416 0.06081567363517095
10 0.13509926333166195 0.7710361679499762 0.053526793283910835 0.05925317363517095
10 0.02421875 0.81953125 0.0484375 0.0609375
24 0.36509426506094245 0.502974225616605 0.03891865626060227 0.04280912628012441
23 0.47625250907049266 0.5827365913027985 0.037247028855940556 0.03959312101845249
23 0.45464040389834964 0.5666642702702285 0.037247028855940556 0.03959312101845249
23 0.4226810757680484 0.5445316650367915 0.037301592558271326 0.04115562101845249
23 0.34431797359113014 0.488509907214871 0.035684528855940555 0.03950211575678066
23 0.51171875 0.6875 0.0140625 0.040625
23 0.50078125 0.67265625 0.0359375 0.0390625
23 0.4717758625133552 0.878747041316916 0.05190972958157971 0.05759966837349921
23 0.2414831833872623 0.7140797836361696 0.05185516587924912 0.056037168373499216
11 0.503125 0.59921875 0.03125 0.0515625
18 0.4951389183263199 0.5877349044428607 0.03428571996293286 0.04409861049510884
18 0.44396579872620645 0.5512289860693615 0.03428571996293321 0.04409861049510884
18 0.49397824472734053 0.8893961149803218 0.04086310217691817 0.05383763154179633
18 0.43162208846673805 0.8452219097751197 0.042480165879248945 0.055491136803468066
18 0.11960074890369166 0.7514216179640936 0.04253472958157989 0.05705363680346807
18 0.11378231323899471 0.8750488337632266 0.04248016587924912 0.055491136803468066
16 0.3996701617028979 0.5330558387425498 0.0438244110699257 0.049332142065139896
29 0.3857068654237622 0.512751044018339 0.037410719962933214 0.044280621018452496
29 0.4483928930985764 0.6333512413310334 0.034176592558271324 0.040973610495108836
29 0.25075403438305416 0.8456027994211851 0.04565972958157989 0.057235647326811724
29 0.22445442921091105 0.8292574626035997 0.04883929328391083 0.05898015785015538
29 0.01953125 0.68203125 0.0390625 0.0515625
29 0.2515625 0.9734375 0.046875 0.053125
29 0.07314738955519733 0.8500719495905944 0.04237103847458741 0.052366136803468064
29 0.015625 0.7984375 0.03125 0.059375
28 0.4628646208660577 0.6458890386860799 0.03406746515360979 0.037848610495108834
28 0.38212557467174013 0.9460339808782768 0.051909729581580064 0.05759966837349921
28 0.19004720207640186 0.9379653336926393 0.04867560217691817 0.05429265785015538
28 0.07734375 0.98046875 0.0484375 0.0390625
34 0.4302604519915837 0.6276171808218071 0.04059028366526398 0.046025131541796147
34 0.040625 0.96796875 0.059375 0.0640625
32 0.3270685085223385 0.7759798151356136 0.06624504809323425 0.06623121572854593
32 0.038380486837974105 0.5689283654038448 0.06624504809323425 0.06623121572854584
17 0.50078125 0.89921875 0.0359375 0.0671875
17 0.2980704892850448 0.7493417204255203 0.058541675497895976 0.06890118942018653
17 0.01796875 0.5390625 0.0359375 0.065625
17 0.20270591478294078 0.8092788915710297 0.058541675497895976 0.06890118942018653
17 0.00703125 0.65625 0.0140625 0.065625
17 0.05455115697839243 0.8310566390813682 0.058487111795565025 0.06733868942018653
20 0.4491096888295578 0.8548167176535101 0.05530754809323426 0.06559417889684287
20 0.4328125 0.9703125 0.05625 0.059375
23 0.4086930199550839 0.8360898334808778 0.04705853847458741 0.05263915258848364
16 0.3785962921876024 0.8226419835091129 0.060049611795565026 0.06742969468185844
14 0.2678919159640671 0.7335501204537552 0.053526793283910835 0.05925317363517095
14 0.1727951815731638 0.6671978073842801 0.051855165879248946 0.056037168373499216
14 0.0815774153310949 0.6002917574689848 0.05029266587924912 0.0559461631118273
14 0.30462556804831814 0.8924014756871921 0.050238102176918174 0.05438366311182748
14 0.17110125071779017 0.7973025363375928 0.053472229581580065 0.057690673635170955
14 0.2796875 0.98671875 0.05 0.0265625
14 0.16525553320192773 0.9201485021367258 0.051909729581580064 0.05759966837349921
14 0.1396826143274538 0.9022861679499762 0.05185516587924912 0.056037168373499216
25 0.19788695081045748 0.6936083889401938 0.058487111795565025 0.06733868942018661
25 0.11313743937771203 0.6333163600715859 0.06166667549789597 0.06908319994353027
25 0.0777579892850448 0.7365099785297896 0.05843254809323426 0.06577618942018652
21 0.10447920199158381 0.6086425837632266 0.04248016587924912 0.055491136803468066
21 0.303125 0.9921875 0.0375 0.015625
21 0.0663840127835078 0.9689661627588915 0.03930060217691818 0.053746626280124235
30 0.471875 0.99296875 0.046875 0.0140625
15 0.10179074472734043 0.8665537943006877 0.04727679328391084 0.05888915258848364
28 0.12421875 0.98828125 0.0640625 0.0234375
7 0.91015625 0.596875 0.1796875 0.275
8 0.81484375 0.53203125 0.3359375 0.1453125
0 0.84375 0.9109375 0.3125 0.178125