19 0.178125 0.246875 0.35625 0.49375
14 0.93203125 0.33671875 0.1359375 0.2359375
30 0.7021951472617121 0.2482240359245944 0.26685321345960344 0.22487492003499837
18 0.60390625 0.5515625 0.2984375 0.115625
21 0.5109375 0.1828125 0.221875 0.240625
0 0.1953125 0.65546875 0.18125 0.0921875
9 0.3140625 0.67421875 0.171875 0.1296875
5 0.3734375 0.69765625 0.053125 0.1765625
4 0.45234375 0.85703125 0.1046875 0.1890625
5 0.5355182777175099 0.8418045973106374 0.16357170456235498 0.18150563335454456
2 0.6591958582498576 0.8270779312937746 0.1666330375661606 0.1799794960216353
4 0.7844996057783996 0.8138955839433664 0.18464820851668762 0.20049199069063536
1 0.91015625 0.7921875 0.1796875 0.19375
6 0.97109375 0.775 0.0578125 0.196875