26 0.384375 0.184375 0.76875 0.36875
0 0.9361828977188225 0.051038067300915126 0.032523339923887916 0.03215928213245363
0 0.9692235493919776 0.12108614284859347 0.032523339923887916 0.03215928213245363
0 0.9890625 0.171875 0.021875 0.03125
2 0.9252281516731552 0.032629048100585235 0.03089717292769336 0.030551318025830932
2 0.9462927267682953 0.07103231855455636 0.03089717292769336 0.030551318025830932
2 0.95493555631206 0.08872828391482028 0.03089717292769336 0.030551318025830908
5 0.9793333784414505 0.1410803941022347 0.032523339923887916 0.03215928213245363
1 0.9953125 0.18828125 0.009375 0.0234375
10 0.07421875 0.47578125 0.1484375 0.2140625
23 0.391133111104064 0.7354705547645027 0.3604944199991248 0.4209396034569899
32 0.28984375 0.47421875 0.3671875 0.2109375
12 0.56953125 0.40625 0.3296875 0.075