25 0.3606493984375 0 0.359375 0.000536596875 0.359375 0.175465296875 0.4389649953125 0.35 0.9991401890624999 0.35 0.9903070328125001 0.330629571875 0.8796049390625 0.2691108703125 0.7520761296874999 0.2713827125 0.5765533921875 0.3496500078125 0.44786271875 0.047303265625 0.465285003125 0 0.3606493984375 0
1 0.11133553502419899 0.9386527159813284 0.020485216822512697 0.031226689212119397
1 0.12302246876742036 0.9340719597575511 0.02519998789975162 0.03626938672260849
1 0.19546964050858912 0.9036400211701316 0.022065897540672008 0.034470088382282424
1 0.3115759086589618 0.8608982593472769 0.022038626463433176 0.029782588382282427
2 0.15185599589478338 0.9237623444055669 0.025172716822512698 0.03158188672260849
2 0.18223384230398718 0.9104461282237459 0.023619307181592396 0.03302598755244546
2 0.0505747761454044 0.830188097930052 0.028315897540671965 0.03494368506293437
0 0.16743099891984548 0.9163525861071973 0.02675339754067192 0.03482528589277152
8 0.3255975020431034 0.8549326018787442 0.026753397540672096 0.03482528589277152
3 0.3419628454272452 0.849144543165456 0.026753397540672096 0.03482528589277152
3 0.2913265202916719 0.7359807697202392 0.028315897540672097 0.03494368506293455
9 0.35078125 0.84140625 0.0171875 0.0359375
5 0.2749520865484506 0.7402063284335274 0.026753397540672096 0.03482528589277152
27 0.6796875 0.675 0.640625 0.65