30 0.23984375 0.2296875 0.4796875 0.459375
10 0.73984375 0.2296875 0.5203125 0.459375
9 0.025 0.66796875 0.05 0.0953125
7 0.0484375 0.553125 0.096875 0.084375
6 0.07734375 0.46953125 0.1203125 0.0203125
2 0.5805892537295863 0.9194997740586934 0.03749335594746528 0.0319904796419344
3 0.5828134950231589 0.9025125331579922 0.03749335594746528 0.0319904796419344
2 0.5875076390756937 0.8732255513565892 0.03749335594746528 0.0319904796419344
0 0.5889915739468313 0.8569694956810633 0.03749335594746528 0.0319904796419344
2 0.5896123716628392 0.8391008752307126 0.03749335594746528 0.0319904796419344
1 0.5920822744218011 0.8268011343300113 0.03231453301668674 0.02231509099298634
1 0.4983821048158116 0.5988880829734219 0.01520892017181652 0.02277616594684382
4 0.5002787974888652 0.5756508420727207 0.020142081637205787 0.027764054595791877
0 0.5032433452048731 0.557932415946844 0.01677142017181652 0.02287629549649317
9 0.5078113364984458 0.5410953693706165 0.015290807326946276 0.024338665946843908