3 0.234375 0.16953125 0.46875 0.3390625
26 0.8391507991865605 0.11712878278954415 0.20262607201231528 0.19337594301173802
11 0.6328125 0.04453125 0.271875 0.0890625
15 0.58125 0.1734375 0.225 0.2125
10 0.6734375 0.30234375 0.20625 0.0734375
17 0.86640625 0.2984375 0.2453125 0.08125
14 0.95078125 0.24609375 0.0984375 0.1859375
8 0.41015625 0.5875 0.1171875 0.2
5 0.32000641032829147 0.528874108999683 0.17301129488495226 0.20432008706427265
0 0.19614218433239655 0.4614265801668678 0.17142152380771333 0.1995506999091429
9 0.08125 0.42109375 0.1625 0.1640625
7 0.734375 0.66953125 0.53125 0.6609375