22 0.24453125 0.21953125 0.4890625 0.4390625
0 0.5984375 0.38515625 0.121875 0.1078125
9 0.740625 0.3734375 0.128125 0.13125
9 0.87890625 0.36796875 0.1109375 0.1421875
9 0.97734375 0.3453125 0.0453125 0.1625
16 0.24453125 0.6953125 0.4890625 0.5125
9 0.5328125 0.60078125 0.0875 0.1859375
4 0.6277875695398765 0.6449833166297512 0.13483310266810503 0.16592299352159506
8 0.7544419227738084 0.6796913787836821 0.14502697421940242 0.18214877081949082
7 0.8856609452750455 0.7164428022886653 0.14124687697836436 0.16944851172019232
5 0.96875 0.75625 0.0625 0.165625