13 0.2796875 0.25 0.559375 0.5
12 0.559375 0 0.559375 0.012965421874999999 0.5832930468749999 0.014104551562500001 0.7852494125 0.0841702828125 0.9049513578124999 0.17393075 0.9431255249999999 0.2409185703125 0.9468981640624999 0.30768470625 0.9125431125000001 0.40049737343749997 0.8863670265625 0.3983062125 0.8624638203125 0.4547816046875 0.806305315625 0.5 1 0.5 1 0.285440196875 0.9834796156250001 0.18050423124999998 0.9101308031249999 0.0627277546875 0.832441178125 0 0.559375 0
23 0.2796875 0.75 0.559375 0.5
8 0.98125 0.5375 0.0375 0.075
9 0.9796875 0.66796875 0.040625 0.1046875
1 0.97890625 0.7828125 0.0421875 0.0875
0 0.97734375 0.8421875 0.0453125 0.1
0 0.97578125 0.95546875 0.0484375 0.0890625
1 0.8734375 0.53984375 0.115625 0.0796875
2 0.8735028201342638 0.6767346458952781 0.1232457945496865 0.11515483415618064
3 0.8663923375530693 0.8213749986688198 0.11702774545807211 0.096295731382639
4 0.86640625 0.95625 0.1328125 0.0875
5 0.73359375 0.54296875 0.1296875 0.0859375
6 0.7270264328613603 0.678021776119896 0.12429811151914842 0.1089412017473613
7 0.7237584274013484 0.8235342978713891 0.12637079454968658 0.1152275693385418
8 0.71640625 0.9578125 0.1265625 0.084375
9 0.60234375 0.54375 0.0859375 0.0875
1 0.60078125 0.64609375 0.0828125 0.0890625
0 0.59921875 0.709375 0.0796875 0.109375