10 0.24453125 0.18984375 0.4890625 0.3796875
27 0.71875 0.13203125 0.4125 0.2640625
30 0.65390625 0.25234375 0.3296875 0.2546875
14 0.925 0.18984375 0.15 0.3796875
20 0.84921875 0.2640625 0.3015625 0.23125
3 0.10968004791001432 0.5508265245201187 0.18396697560311148 0.21015265730897062
4 0.28828125 0.45234375 0.1890625 0.1453125
7 0.12187253834384867 0.9014773665928393 0.1682510720123153 0.19352636181247734
8 0.27660951443793946 0.7856590067829468 0.1745192527304745 0.1970518800110746
9 0.41796875 0.6671875 0.1421875 0.196875
1 0.42109375 0.9703125 0.1359375 0.059375
3 0.446875 0.946875 0.084375 0.10625
30 0.74453125 0.68984375 0.5109375 0.6203125