10 0.26484375 0.2 0.5296875 0.4
29 0.76484375 0.2 0.4703125 0.4
6 0.043203281885033015 0.5083508319580123 0.08188516508343388 0.10736405933798814
4 0.16868796076327683 0.5567668664008913 0.08361143939369349 0.11060745850815117
5 0.2930638410210015 0.5988737012586887 0.0951221494796016 0.12237375269929238
6 0.42265948778706974 0.6514919836269751 0.08879026232447185 0.12033765601864026
5 0.515625 0.6953125 0.028125 0.115625
2 0.703125 0.53515625 0.265625 0.2703125
3 0.90078125 0.57265625 0.1984375 0.3453125
7 0.62890625 0.88984375 0.1984375 0.2203125
8 0.809375 0.9390625 0.275 0.121875