25 0 0 0 0.13573730781249999 0.16726535781250002 0.1855652390625 0.12424499687499999 0.24855198281250002 0.1382420515625 0.2581120625 0.180919346875 0.22568097968749998 0.13090045781249998 0.2838876828125 0.1518960390625 0.2982278046875 0.2821464125 0.2127131234375 0.46875 0.26378914062500003 0.46875 0 0.30787939375 0 0.2650846484375 0.057373259375 0.07765676875000001 0.00120206875 0.0758968015625 0 0 0
22 0.96640625 0.23671875 0.0671875 0.2515625
27 0.90234375 0.1140625 0.1953125 0.228125
31 0.7760219860757238 0.26510464262413835 0.2434976507001803 0.2496749253659985
35 0.640625 0.134375 0.303125 0.26875
23 0.55 0.36015625 0.1625 0.2671875
18 0.64453125 0.42265625 0.2609375 0.2328125
30 0.8828125 0.375 0.234375 0.284375
15 0.7609375 0.48515625 0.225 0.1078125
24 0.8984375 0.5140625 0.203125 0.05
33 0.9671875 0.434375 0.065625 0.209375
35 0.28046875 0.65390625 0.3765625 0.2296875
13 0.31953125 0.9015625 0.2984375 0.196875
16 0.16328125 0.90390625 0.3265625 0.1921875
20 0.734375 0.76953125 0.53125 0.4609375