35 0.1546875 0.21953125 0.309375 0.4390625
27 0.85078125 0.11484375 0.2984375 0.2296875
28 0.74140625 0.16171875 0.3484375 0.3234375
12 0.55234375 0.275 0.3484375 0.328125
0 0.4578125 0.325 0.296875 0.228125
30 0.24921875 0.71953125 0.1203125 0.5609375
9 0.815625 0.46171875 0.175 0.0453125
0 0.740625 0.51328125 0.190625 0.1484375
0 0.662891664017527 0.5865673766265007 0.18433071337743775 0.18112508928453738
3 0.5856350313499076 0.6786515109603439 0.18611173466476122 0.18427736282348767
9 0.5105418322224277 0.7793021217552367 0.18433071337743775 0.18112508928453738
6 0.4362298830949479 0.8799390957806544 0.19290803788306993 0.19219895697928918