23 0.2046875 0.2296875 0.409375 0.459375
17 0.7046875 0.24609375 0.590625 0.4265625
15 0.2046875 0.73984375 0.409375 0.5203125
1 0.49765625 0.759375 0.1765625 0.26875
2 0.47734375 0.64375 0.1359375 0.2625
3 0.4625 0.5515625 0.10625 0.184375
5 0.84765625 0.94375 0.3046875 0.1125
6 0.8203125 0.88515625 0.296875 0.2296875
7 0.772260668519862 0.7880317650791439 0.3218133772858328 0.2845695049793232
8 0.7302768030157413 0.6575938361823009 0.2987080679549994 0.2692329313159173
9 0.69140625 0.56953125 0.3171875 0.2203125
0 0.66015625 0.50703125 0.3171875 0.0953125