26 0.19453125 0.21875 0.3890625 0.4375
7 0.69453125 0.3546875 0.6109375 0.228125
13 0.69453125 0.26953125 0.6109375 0.3359375
12 0.69609375 0.1671875 0.6078125 0.334375
25 0.7265625 0.0765625 0.546875 0.153125
0 0.19453125 0.734375 0.3890625 0.53125
4 0.465625 0.93671875 0.153125 0.1265625
2 0.5215154788575591 0.8194383058324096 0.16946040818602892 0.1432259731635293
4 0.5721063783371608 0.7009596136674039 0.17422979534115868 0.14508886181247735
9 0.6347435764372815 0.5754799498800283 0.16789790818602893 0.14312584361388012
2 0.6890625 0.49765625 0.171875 0.0578125