17 0.4390625 0 0.1292063 0 0.10742413125000001 0.1347525484375 0.12245228593749999 0.23009375312499997 0.18534985625 0.3555257921875 0 0.3382120171875 0 0.3890625 0.4390625 0.3890625 0.4390625 0.3760063546875 0.24447887499999998 0.3610491109375 0.1956627125 0.262551725 0.1947159671875 0.19414517656250002 0.205038034375 0.178029846875 0.4390625 0.1998903796875 0.4390625 0
2 0.4875094715571839 0.24109033369263955 0.03880239087179334 0.019371626280124586
0 0.4894155136737325 0.22629208632347542 0.03880239087179334 0.019371626280124586
2 0.4788313659534621 0.3245475758001316 0.03255239087179333 0.01900760523343692
1 0.4822407084849292 0.31062158369263954 0.03832879419114121 0.013121626280124588
1 0.49036270703503676 0.21379208632347532 0.038565592531467276 0.01624662628012441
7 0.49220954956650403 0.1997750889543113 0.03880239087179334 0.019371626280124232
7 0.6296875 0.384375 0.04375 0.009375
5 0.6517621483217486 0.2067138756448399 0.04817739087179333 0.01991765785015538
8 0.6488380578648737 0.224591620383168 0.05021348755244528 0.026258663111827472
0 0.6530053396084602 0.19030762564483988 0.0452891892121194 0.022860647326811902
5 0.857009445836882 0.024847767568805423 0.038565592531467276 0.01624662628012441
0 0.8579566391981862 0.012347767568805424 0.03880239087179334 0.01937162628012441
7 0.8373803396084603 0.20104624652211803 0.038565592531467276 0.01624662628012441
8 0.8552810024755779 0.03730226493796955 0.043489890871793335 0.019644642065139807
1 0.81484375 0.38515625 0.0390625 0.0078125
6 0.8177512333800385 0.37724472547543064 0.035677390871793335 0.019189615756780753
3 0.8354742974919116 0.21584449389128224 0.038565592531467276 0.016246626280124587
7 0.8393455813100905 0.18546674915295397 0.03880239087179334 0.01937162628012441
31 0.21953125 0.69453125 0.4390625 0.6109375
20 0.7171875 0.740625 0.55625 0.51875