31 0.284375 0.26015625 0.56875 0.3984375
0 0.92265625 0.4328125 0.1546875 0.053125
5 0.9375 0.35546875 0.125 0.1453125
9 0.95078125 0.23203125 0.0984375 0.1484375
5 0.96875 0.103125 0.0625 0.14375
3 0.125 0.9609375 0.25 0.078125
15 0.115625 0.740625 0.23125 0.16875
4 0.1 0.578125 0.2 0.16875
35 0.4515625 0.88125 0.234375 0.1625
31 0.4390625 0.65546875 0.259375 0.1796875
4 0.42890625 0.5125 0.2796875 0.10625
9 0.5953125 0.94921875 0.053125 0.0890625
7 0.59375 0.83828125 0.05 0.1015625
7 0.59453125 0.70859375 0.0515625 0.1046875
0 0.59921875 0.57890625 0.0609375 0.1171875