19 0.18984375 0.26953125 0.3796875 0.5390625
18 0.660836235751042 0.0594891720393349 0.04727504350298606 0.018824411069925696
18 0.5671070323881602 0.1912624724948218 0.04734777868534721 0.02194941106992552
18 0.5539381512136117 0.36331852176918245 0.04734777868534721 0.02194941106992552
18 0.5479238873459034 0.33969004881102444 0.04262391109416672 0.020223219962933036
22 0.7917998674942713 0.28653780007696883 0.03997168977951393 0.04042659255827132
22 0.5792446628971185 0.2432069184111379 0.03997168977951393 0.04042659255827132
22 0.5277152644363893 0.0751364754900468 0.04000805737069442 0.041989092558271324
24 0.9381852114340978 0.3377059743937384 0.03819098423243048 0.030997028855940557
24 0.8680863445085073 0.10966033074700787 0.03819098423243048 0.030997028855940557
24 0.8453015015186114 0.036267470765541265 0.03819098423243048 0.030997028855940557
24 0.8561572274860076 0.5026737207655414 0.03819098423243048 0.030997028855940557
24 0.8501611474138896 0.4798264978073833 0.03982621941479181 0.034176592558271324
24 0.8392775455902785 0.4482218337422328 0.03819098423243048 0.030997028855940557
24 0.7863168529609729 0.48696438601181813 0.03662848423243048 0.030942465153609787
24 0.7534114743518756 0.3812128938163665 0.03662848423243048 0.03094246515360961
24 0.723940220267813 0.28885177902557657 0.03819098423243048 0.030997028855940557
24 0.6969400027528824 0.20204125978828288 0.038190984232430655 0.030997028855940557
24 0.6841302250174657 0.15475703202080143 0.03819098423243048 0.030997028855940557
24 0.6520327719389243 0.4861781576113646 0.03662848423243048 0.030942465153609787
24 0.6232882164680908 0.39150057467174015 0.03662848423243066 0.030942465153609787
24 0.5594621058107645 0.39941971287617495 0.03819098423243048 0.030997028855940557
24 0.45135213297750026 0.04749013592700022 0.03506598423243048 0.030887901451278843
24 0.40234375 0.53359375 0.0390625 0.0109375
30 0.9314078813619797 0.31483146958441494 0.03819098423243048 0.030997028855940557
30 0.8072079683679518 0.3448413733979464 0.03662848423243066 0.030942465153609787
30 0.7450716442797575 0.35828382530471226 0.03662848423243048 0.03094246515360961
30 0.6758085787409379 0.13260921350914714 0.038190984232430655 0.030997028855940557
30 0.5070423545764935 0.22663448810391848 0.03506598423243066 0.030887901451278843
21 0.9714354289490285 0.4247347484403555 0.04262391109416654 0.020223219962933036
21 0.664215808889306 0.07053579944399661 0.04098867591180557 0.01704365626060227
29 0.9859375 0.5109375 0.028125 0.028125
29 0.9792485821594104 0.4585740351008443 0.03957164627652787 0.023239092558271324
29 0.929408970267813 0.2960269058820842 0.03957164627652787 0.023239092558271324
29 0.9218322064001047 0.2723438692215952 0.03957164627652787 0.023239092558271324
29 0.8359375 0.00234375 0.040625 0.0046875
29 0.8643697709889938 0.5201340392771957 0.04273301386770854 0.02491071996293286
29 0.8322820099710772 0.41597232893290936 0.03949891109416655 0.020114092558271325
29 0.763709275454306 0.1864187489885097 0.03949891109416672 0.020114092558271325
29 0.726515787137813 0.06412459753723088 0.03957164627652787 0.023239092558271324
29 0.7971095358066327 0.5146628000769689 0.042769381458888846 0.026473219962933215
29 0.64140625 0.01015625 0.0421875 0.0203125
29 0.6102602331855909 0.3348413469042587 0.03957164627652787 0.023239092558271324
29 0.5917271323119102 0.2764286461786192 0.03949891109416672 0.020114092558271325
29 0.5360914620996878 0.099628044001701 0.03957164627652787 0.023239092558271324
29 0.50859375 0.00859375 0.0390625 0.0171875
29 0.6014158293096188 0.5250025554344464 0.03957164627652787 0.023239092558271324
29 0.5490142618709382 0.3529985806621898 0.03957164627652787 0.023239092558271324
29 0.5152548980794796 0.24409480661557267 0.03957164627652787 0.023239092558271324
28 0.98203125 0.4859375 0.0359375 0.03125
28 0.8035920058870145 0.3236384959932847 0.03662848423243048 0.030942465153609787
28 0.7429960787409379 0.13495545270937398 0.03662848423243066 0.03094246515360961
28 0.79765625 0.52734375 0.0390625 0.0234375
28 0.7163816401956951 0.2659499923650877 0.03819098423243048 0.030997028855940557
28 0.7128384128971186 0.247872114960426 0.03819098423243048 0.030997028855940557
28 0.5380358218070838 0.11608885770403185 0.04135235182361115 0.032668656260602266
28 0.5527029595342368 0.3773264580668515 0.038190984232430655 0.030997028855940557
14 0.9890625 0.52578125 0.021875 0.0265625
14 0.9060792666205908 0.2327630140494521 0.03819098423243048 0.030997028855940557
14 0.8248870840592716 0.40010179227242054 0.03662848423243048 0.030942465153609787
14 0.7641275027528824 0.20438749898850972 0.03662848423243066 0.030942465153609787
14 0.7539524157469101 0.16968511677452458 0.03662848423243048 0.030942465153609787
14 0.7292413968452086 0.08061269309072712 0.03819098423243048 0.030997028855940557
14 0.6504435964083684 0.04897825797418429 0.03819098423243048 0.030997028855940557
14 0.544758600492431 0.13661961251335528 0.03819098423243048 0.030997028855940557
14 0.5192663315907294 0.04751990697839244 0.03819098423243048 0.030997028855940557
14 0.593221469602223 0.5083234869227923 0.03506598423243048 0.03088790145127902
14 0.5864441395301048 0.4854489821134688 0.03506598423243048 0.03088790145127902
14 0.5307357341355214 0.3055233799365505 0.03819098423243048 0.030997028855940557
14 0.5156367577868755 0.26050105661557277 0.03819098423243048 0.030997028855940557
14 0.39453125 0.50703125 0.0296875 0.0296875
10 0.9702729724520147 0.44186768473802457 0.03819098423243048 0.030997028855940557
10 0.9532660039871533 0.3819470477147161 0.04135235182361115 0.032668656260602266
10 0.7818066184442019 0.2596479178629837 0.04135235182361115 0.032668656260602266
10 0.592944793406077 0.2952059280297846 0.03819098423243048 0.030997028855940557
10 0.577141221502084 0.4546801317506489 0.038190984232430655 0.030997028855940557
20 0.9672018706284036 0.4105358391845284 0.052362587005972475 0.036175602176918176
20 0.7778451638470492 0.22360129045832194 0.04763871941479181 0.034449411069925696
20 0.6421843400431951 0.4319718072485449 0.04607621941479181 0.03439484736759475
11 0.9487778725282645 0.356810638458889 0.04767508700597247 0.0360119110699257
11 0.7725258034740632 0.43105912639317145 0.04763871941479181 0.034449411069925516
11 0.7368766313619798 0.30803828864422345 0.04763871941479181 0.034449411069925696
17 0.9182707953059379 0.2534847418169336 0.04763871941479181 0.034449411069925696
17 0.71171875 0.0140625 0.0484375 0.028125
17 0.6074800720914242 0.31600950135076233 0.04763871941479181 0.034449411069925696
17 0.464288544071667 0.06667664554564708 0.04763871941479181 0.034449411069925696
27 0.8947410699072226 0.18162709998430157 0.04767508700597247 0.0360119110699257
24 0.8871097546527433 0.1556003133238127 0.04934668977951375 0.04075397477225664
18 0.8819494759673961 0.13512412221682019 0.04262391109416654 0.020223219962933213
15 0.8692124334143406 0.09096489444933872 0.049019381458888844 0.026691474772256463
18 0.8388229507005216 0.4286905837422328 0.04422277868534721 0.02184028366526398
12 0.8575475815907294 0.059332948533022734 0.04771145459715278 0.03757441106992569
23 0.8375 0.0140625 0.0375 0.028125
23 0.817310320191563 0.37641875561193155 0.03662848423243066 0.030942465153609787
23 0.7780315742756256 0.4663790675001639 0.03819098423243048 0.030997028855940557
23 0.6436117149494794 0.023760003164860866 0.03819098423243048 0.030997028855940557
23 0.6300473627446188 0.4135938294810636 0.03662848423243048 0.030942465153609787
23 0.5574229078631255 0.17765384028083667 0.03662848423243048 0.030942465153609787
23 0.5109628691097919 0.026153338466738195 0.03662848423243048 0.0309424651536097
23 0.60234375 0.5328125 0.0390625 0.0125
23 0.4952502161837504 0.1895337921876025 0.03506598423243048 0.030887901451278843
27 0.8703125 0.53515625 0.034375 0.0078125
27 0.7782452073500352 0.24078879045832197 0.03492051386770836 0.024637901451278844
27 0.7504091884483337 0.15160723936986287 0.03328527868534721 0.021458337748947898
27 0.7391846669811811 0.3401241023465543 0.03648301386770836 0.02469246515360979
27 0.6910348416587156 0.18310028683012486 0.034847778685347205 0.02151290145127884
27 0.6714841014423615 0.11450405425332004 0.03328527868534721 0.021458337748947898
27 0.5222686174942713 0.2771255614248961 0.033358013867708355 0.024583337748947897
27 0.5003377596867365 0.20688498329459507 0.03172277868534721 0.02140377404661713
27 0.3999806158787507 0.523432587833766 0.034847778685347205 0.021512901451279022
16 0.731349410712917 0.10410475679305797 0.04763871941479181 0.034449411069925696
12 0.7133611704965628 0.03556308791858402 0.03819098423243048 0.030997028855940557
12 0.6614726685967017 0.0868329220393349 0.03819098423243048 0.030997028855940557
13 0.6642788520110423 0.5092436353788461 0.04763871941479181 0.03444941106992587
32 0.66953125 0.5328125 0.0421875 0.0125
32 0.6156932688047922 0.36703628801125127 0.04153418977951393 0.040481156260602266
32 0.4436844501318406 0.019900849266511367 0.03993532218833344 0.03886409255827141
18 0.7960191612815979 0.5013542682258034 0.04734777868534721 0.021949411069925873
34 0.7564643923798965 0.41176348936986285 0.04607621941479163 0.03439484736759475
34 0.5653815314382296 0.21774312694132555 0.04763871941479181 0.034449411069925696
18 0.6490889566844451 0.4603150620578685 0.04255117591180557 0.01709821996293286
31 0.5515177467689588 0.1587128673226787 0.03819098423243048 0.030997028855940557
25 0.5623513696784729 0.4229390584296713 0.04607621941479163 0.03439484736759475
31 0.5374585128208687 0.3260541347458739 0.03506598423243048 0.030887901451278666
26 0.18984375 0.76953125 0.3796875 0.4609375
35 0.68984375 0.76953125 0.6203125 0.4609375