19 0.36640625 0.184375 0.0859375 0.36875
19 0.7046875 0.184375 0.590625 0.36875
28 0.09375 0.92734375 0.1875 0.1453125
14 0.19453125 0.77734375 0.3890625 0.3578125
29 0.0390625 0.72578125 0.078125 0.3015625
21 0.090625 0.5734375 0.18125 0.340625
13 0.121875 0.42109375 0.24375 0.1046875
0 0.9306459713431536 0.5484573219197687 0.08109735253201364 0.10686977711788873
3 0.8168418056004902 0.600904023489979 0.10544490514873246 0.12317673871722894
8 0.6921078451336162 0.6669274917532368 0.10021137357870132 0.11366534639736088
8 0.5687011662367734 0.7235532279631832 0.10030237884037305 0.11522784639736088
6 0.453125 0.78359375 0.0875 0.1203125