19 0.28984375 0.18984375 0.5796875 0.3796875
13 0.8796875 0.14921875 0.240625 0.2984375
28 0.8640625 0.3140625 0.271875 0.13125
19 0.71328125 0.21953125 0.2671875 0.3203125
12 0.6171875 0.10625 0.075 0.2125
24 0 1 0.4358129609375 1 0.477432234375 0.9439883124999999 0.5215122046875 0.8264979046875001 0.510081746875 0.664056040625 0.46221409687500004 0.5844440703125 0.36352889374999997 0.5045303703125 0.25837413593749997 0.47043961406249996 0.1417552171875 0.48833962812500004 0.0036829218750000004 0.5705660609375001 0 0.575114090625 0 1
34 0.84921875 0.4 0.0375 0.0390625
10 0.89375 0.4359375 0.0390625 0.040625
23 0.9125 0.4515625 0.0359375 0.0375
18 0.9265625 0.4625 0.025 0.0296875
21 0.86640625 0.41171875 0.0359375 0.0375
31 0.87734375 0.42265625 0.040625 0.0421875
10 0.940625 0.471875 0.040625 0.0421875
23 0.81484375 0.384375 0.0359375 0.009375
28 0.83203125 0.39140625 0.0359375 0.0234375
29 0.85234375 0.47265625 0.009375 0.0109375
29 0.88203125 0.496875 0.0109375 0.0125
18 0.84296875 0.465625 0.0078125 0.009375
29 0.8453125 0.4671875 0.009375 0.0109375
18 0.85546875 0.475 0.0109375 0.0109375
29 0.84140625 0.4640625 0.0078125 0.009375
10 0.815625 0.4453125 0.0140625 0.0140625
30 0.7765625 0.41328125 0.0140625 0.0140625
28 0.78359375 0.41953125 0.0140625 0.0140625
13 0.80234375 0.434375 0.0140625 0.0140625
12 0.8234375 0.45 0.0140625 0.0140625
28 0.875 0.49140625 0.009375 0.0109375
28 0.86484375 0.48515625 0.009375 0.0109375
11 0.75078125 0.3921875 0.009375 0.0109375
25 0.809375 0.43984375 0.0140625 0.0140625
23 0.86015625 0.48125 0.0125 0.0125
17 0.7640625 0.40390625 0.0109375 0.0125
29 0.759375 0.4 0.009375 0.0109375
10 0.79296875 0.4265625 0.0125 0.0125
24 0.85703125 0.478125 0.009375 0.0109375
14 0.87734375 0.4953125 0.009375 0.0109375
28 0.83671875 0.4625 0.0125 0.0125
17 0.7390625 0.384375 0.0125 0.009375
24 0.828125 0.45546875 0.0125 0.0125
23 0.83203125 0.45859375 0.009375 0.0109375
30 0.84765625 0.47109375 0.009375 0.0109375
14 0.76796875 0.4078125 0.0125 0.0125
23 0.79765625 0.43125 0.0109375 0.0109375
32 0.7328125 0.38203125 0.0125 0.0046875
24 0.74296875 0.3875 0.0125 0.0125
34 0.75390625 0.3984375 0.0140625 0.0140625
21 0.96015625 0.578125 0.0078125 0.009375
27 0.90390625 0.5328125 0.0140625 0.0140625
21 0.97890625 0.5921875 0.0109375 0.0109375
15 0.9984375 0.6109375 0.003125 0.0125
15 0.94140625 0.56328125 0.0109375 0.0109375
29 0.984375 0.59765625 0.009375 0.0109375
29 0.9328125 0.55625 0.0078125 0.009375
28 0.934375 0.559375 0.009375 0.0109375
28 0.92890625 0.5546875 0.0078125 0.009375
30 0.91796875 0.54609375 0.0125 0.0125
28 0.975 0.590625 0.009375 0.0109375
27 0.99296875 0.6046875 0.0078125 0.009375
27 0.94375 0.56484375 0.0078125 0.0078125
14 0.90859375 0.53828125 0.0125 0.0125
22 0.95390625 0.5734375 0.0125 0.0125
14 0.96328125 0.58125 0.0125 0.0125
28 0.99453125 0.6078125 0.0109375 0.0125
14 0.9234375 0.55 0.0125 0.0125
10 0.98046875 0.59453125 0.009375 0.0109375
24 0.9875 0.60078125 0.0125 0.0125
24 0.94609375 0.56875 0.009375 0.0109375
26 0.9125 0.54375 0.0140625 0.0140625
16 0.9671875 0.5859375 0.0140625 0.0140625
29 0.7140625 0.384375 0.009375 0.009375
18 0.71640625 0.38515625 0.0109375 0.0109375
12 0.709375 0.3828125 0.009375 0.00625
14 0.70625 0.38203125 0.0125 0.0046875
23 0.72421875 0.3921875 0.0125 0.0125
28 0.72890625 0.39609375 0.009375 0.0109375
24 0.7203125 0.3875 0.0125 0.0125
18 0.909375 0.55703125 0.0109375 0.0109375
18 0.91640625 0.5625 0.0109375 0.0125
13 0.8984375 0.5484375 0.0140625 0.0140625
29 0.921875 0.5671875 0.0109375 0.0109375
18 0.93515625 0.578125 0.0109375 0.0109375
29 0.93203125 0.57578125 0.0109375 0.0125
23 0.91171875 0.5609375 0.009375 0.0109375
27 0.92421875 0.57109375 0.0078125 0.0078125
10 0.92734375 0.5734375 0.009375 0.0109375
10 0.89296875 0.54609375 0.0125 0.0125
22 0.90390625 0.5546875 0.0125 0.0125
28 0.91796875 0.56640625 0.0125 0.0125
24 0.93671875 0.58125 0.009375 0.0109375
23 0.94140625 0.58515625 0.0125 0.0125
18 0.8109375 0.50078125 0.0078125 0.009375
18 0.8046875 0.4953125 0.0078125 0.009375
21 0.77265625 0.46953125 0.009375 0.0109375
15 0.73515625 0.4390625 0.0109375 0.0125
18 0.75546875 0.45546875 0.0078125 0.009375
27 0.79296875 0.48828125 0.0078125 0.009375
21 0.74140625 0.44453125 0.009375 0.0109375
21 0.74296875 0.44609375 0.0109375 0.0109375
18 0.70390625 0.4140625 0.0078125 0.009375
13 0.7046875 0.41796875 0.0125 0.0125
17 0.72421875 0.43046875 0.0140625 0.0140625
28 0.80546875 0.4984375 0.009375 0.0109375
28 0.8234375 0.5109375 0.0125 0.0125
21 0.66953125 0.38828125 0.0109375 0.0109375
24 0.81171875 0.50390625 0.009375 0.0109375
23 0.8171875 0.5078125 0.0125 0.0125
29 0.71953125 0.428125 0.0109375 0.0125
24 0.79609375 0.490625 0.009375 0.0109375
10 0.7796875 0.47734375 0.0125 0.0125
12 0.76875 0.46796875 0.0125 0.0125
31 0.8 0.49375 0.009375 0.0109375
27 0.78359375 0.48046875 0.0078125 0.009375
29 0.66171875 0.38359375 0.0109375 0.0078125
14 0.72734375 0.4359375 0.0125 0.0125
32 0.75 0.4546875 0.0125 0.0125
31 0.69921875 0.41328125 0.0078125 0.009375
14 0.775 0.475 0.0125 0.0125
27 0.69140625 0.40703125 0.009375 0.0109375
28 0.71484375 0.42578125 0.0125 0.0125
23 0.75703125 0.46015625 0.0078125 0.009375
32 0.678125 0.39609375 0.0125 0.0125
24 0.74453125 0.45 0.009375 0.0109375
25 0.78828125 0.4859375 0.0125 0.0125
10 0.6734375 0.39296875 0.0125 0.0125
24 0.69375 0.40859375 0.0078125 0.009375
24 0.7375 0.44453125 0.0109375 0.0109375
16 0.76171875 0.4640625 0.009375 0.0109375
23 0.65625 0.38125 0.009375 0.003125
14 0.709375 0.421875 0.009375 0.0109375
24 0.66328125 0.3859375 0.0125 0.0125
25 0.68671875 0.40546875 0.0140625 0.0140625
18 0.94609375 0.63203125 0.0078125 0.009375
17 0.9015625 0.59609375 0.009375 0.0109375
18 0.765625 0.48671875 0.0078125 0.009375
29 0.8890625 0.5859375 0.009375 0.0109375
29 0.8984375 0.59375 0.0078125 0.009375
29 0.95234375 0.6375 0.009375 0.0109375
29 0.96484375 0.64765625 0.0109375 0.0125
17 0.7734375 0.49296875 0.009375 0.0109375
18 0.921875 0.6125 0.0078125 0.009375
13 0.98046875 0.66015625 0.0109375 0.0125
29 0.74609375 0.4703125 0.009375 0.0109375
13 0.871875 0.57265625 0.0125 0.0125
12 0.92890625 0.61953125 0.009375 0.0109375
29 0.77734375 0.49609375 0.009375 0.0109375
28 0.9484375 0.634375 0.0125 0.0125
23 0.975 0.65625 0.0125 0.0125
30 0.990625 0.66953125 0.0125 0.0125
0 0.7015625 0.43515625 0.0140625 0.0140625
0 0.70625 0.4390625 0.0109375 0.0125
14 0.90546875 0.60078125 0.0125 0.0125
28 0.91015625 0.6046875 0.0125 0.0125
23 0.9375 0.6265625 0.0125 0.0125
28 0.94296875 0.63046875 0.009375 0.0109375
18 0.746875 0.471875 0.0078125 0.009375
23 0.925 0.61640625 0.0125 0.0125
24 0.93359375 0.6234375 0.0125 0.0125
23 0.96015625 0.64453125 0.0125 0.0125
10 0.9703125 0.653125 0.0109375 0.0125
11 0.684375 0.42109375 0.0109375 0.0125
8 0.6953125 0.4296875 0.0140625 0.0140625
30 0.87734375 0.57734375 0.0125 0.0125
14 0.91484375 0.6078125 0.0125 0.0125
14 0.99453125 0.6734375 0.0109375 0.0125
18 0.665625 0.40625 0.009375 0.0125
13 0.678125 0.41640625 0.0109375 0.0125
21 0.73359375 0.46171875 0.0078125 0.0078125
23 0.7546875 0.478125 0.009375 0.0109375
24 0.89140625 0.5890625 0.0125 0.0125
14 0.95546875 0.640625 0.0125 0.0125
28 0.996875 0.6765625 0.00625 0.0125
23 0.7609375 0.48359375 0.009375 0.0109375
22 0.7203125 0.45078125 0.0125 0.0125
24 0.75078125 0.475 0.0125 0.0125
14 0.88203125 0.58125 0.0125 0.0125
26 0.98671875 0.665625 0.0125 0.0125
29 0.6328125 0.38359375 0.009375 0.0078125
12 0.7421875 0.46796875 0.009375 0.0109375
14 0.7375 0.46640625 0.0125 0.0125
16 0.7671875 0.490625 0.0109375 0.0125
14 0.73046875 0.4609375 0.0125 0.0125
11 0.6390625 0.38671875 0.009375 0.0109375
14 0.66171875 0.40546875 0.009375 0.0109375
14 0.653125 0.3984375 0.009375 0.0109375
25 0.71171875 0.446875 0.0140625 0.0140625
31 0.66640625 0.41015625 0.009375 0.0109375
27 0.64921875 0.39609375 0.009375 0.0109375
28 0.628125 0.38203125 0.009375 0.0046875
14 0.6421875 0.38984375 0.0125 0.0125
12 0.65625 0.4015625 0.009375 0.0109375
14 0.6703125 0.41328125 0.0125 0.0125
34 0.6875 0.4265625 0.0140625 0.0140625
17 0.93125 0.640625 0.0125 0.0140625
18 0.9859375 0.68515625 0.0109375 0.0125
15 0.98984375 0.6875 0.009375 0.0109375
13 0.909375 0.62265625 0.0140625 0.0140625
11 0.953125 0.65859375 0.0140625 0.0140625
29 0.984375 0.68359375 0.0109375 0.0109375
21 0.87734375 0.596875 0.0078125 0.009375
17 0.89296875 0.609375 0.0140625 0.0140625
21 0.90625 0.6203125 0.0109375 0.0109375
29 0.87890625 0.5984375 0.0078125 0.009375
13 0.99609375 0.6953125 0.0078125 0.015625
29 0.92578125 0.63671875 0.0109375 0.0125
29 0.77578125 0.515625 0.0109375 0.0109375
30 0.8734375 0.59453125 0.0125 0.0125
31 0.93984375 0.6484375 0.0125 0.0125
15 0.76328125 0.50546875 0.0109375 0.0125
27 0.8609375 0.584375 0.0078125 0.009375
28 0.86796875 0.58984375 0.009375 0.0109375
28 0.88203125 0.6015625 0.009375 0.0109375
30 0.90234375 0.61796875 0.0125 0.0125
28 0.88828125 0.60703125 0.0125 0.0125
24 0.8984375 0.61484375 0.009375 0.0109375
23 0.9171875 0.6296875 0.0125 0.0125
24 0.92109375 0.63359375 0.0125 0.0125
14 0.95625 0.66171875 0.0125 0.0125
23 0.96640625 0.66953125 0.0125 0.0125
12 0.9734375 0.67578125 0.0125 0.0125
14 0.97734375 0.67890625 0.009375 0.0109375
27 0.98046875 0.68125 0.0078125 0.009375
18 0.721875 0.471875 0.0109375 0.0109375
27 0.7828125 0.52109375 0.009375 0.0109375
18 0.68359375 0.44296875 0.0078125 0.009375
14 0.8640625 0.5875 0.0109375 0.0109375
10 0.9359375 0.6453125 0.0125 0.0125
14 0.9453125 0.65234375 0.0125 0.0125
14 0.96171875 0.665625 0.0125 0.0125
14 0.99375 0.6921875 0.009375 0.0109375
17 0.70703125 0.46015625 0.0109375 0.0125
24 0.77109375 0.51171875 0.0125 0.0125
14 0.77890625 0.51796875 0.009375 0.0109375
31 0.76796875 0.50859375 0.0078125 0.009375
29 0.69453125 0.45 0.0109375 0.0125
29 0.7375 0.484375 0.009375 0.0109375
21 0.6140625 0.3875 0.0109375 0.0109375
29 0.665625 0.428125 0.009375 0.0109375
29 0.68203125 0.44140625 0.0078125 0.009375
29 0.703125 0.45859375 0.009375 0.0109375
28 0.78515625 0.52578125 0.009375 0.0109375
27 0.74375 0.49140625 0.009375 0.0109375
10 0.7328125 0.4828125 0.009375 0.0109375
24 0.7578125 0.503125 0.0125 0.0125
17 0.66875 0.43125 0.0125 0.0125
14 0.71171875 0.465625 0.0125 0.0125
14 0.746875 0.49375 0.0125 0.0125
28 0.7515625 0.49765625 0.0125 0.0125
30 0.66015625 0.425 0.0109375 0.0109375
29 0.65234375 0.41875 0.009375 0.0109375
10 0.65703125 0.42265625 0.009375 0.0109375
28 0.7171875 0.47109375 0.009375 0.0109375
30 0.73984375 0.4890625 0.0078125 0.009375
23 0.72890625 0.4796875 0.0125 0.0125
12 0.68515625 0.4453125 0.009375 0.0109375
14 0.67265625 0.43515625 0.0125 0.0125
14 0.696875 0.4546875 0.0125 0.0125
28 0.64765625 0.41484375 0.009375 0.0109375
10 0.690625 0.44921875 0.009375 0.0109375
22 0.6390625 0.4078125 0.0125 0.0125
23 0.67734375 0.4390625 0.009375 0.0109375
30 0.64453125 0.41171875 0.0125 0.0125
14 0.6265625 0.39765625 0.009375 0.0109375
10 0.6171875 0.390625 0.009375 0.0109375
12 0.621875 0.39375 0.0078125 0.009375
16 0.721875 0.4765625 0.0109375 0.0125
28 0.63046875 0.40078125 0.009375 0.0109375
25 0.61015625 0.3859375 0.009375 0.0109375
16 0.60390625 0.384375 0.0140625 0.009375
18 0.79921875 0.55546875 0.0078125 0.009375
18 0.7921875 0.55 0.0078125 0.009375
18 0.7078125 0.48125 0.009375 0.0109375
11 0.73359375 0.50390625 0.0109375 0.0125
13 0.77421875 0.5375 0.0140625 0.0140625
21 0.79375 0.553125 0.0078125 0.009375
15 0.72421875 0.496875 0.0109375 0.0125
29 0.75078125 0.51875 0.009375 0.0109375
10 0.7890625 0.54921875 0.009375 0.0109375
23 0.8015625 0.559375 0.0078125 0.009375
24 0.7203125 0.49375 0.0125 0.0125
22 0.78203125 0.54375 0.0125 0.0125
18 0.653125 0.4390625 0.009375 0.0109375
23 0.709375 0.484375 0.009375 0.0109375
11 0.640625 0.43046875 0.0140625 0.0140625
23 0.746875 0.51640625 0.009375 0.0109375
23 0.76953125 0.53359375 0.0125 0.0125
28 0.7390625 0.509375 0.009375 0.0109375
13 0.61171875 0.40625 0.009375 0.0109375
14 0.7578125 0.525 0.0125 0.0125
10 0.72890625 0.5015625 0.009375 0.0109375
10 0.7640625 0.53046875 0.0125 0.0125
14 0.75390625 0.521875 0.009375 0.0109375
28 0.6984375 0.47734375 0.009375 0.0109375
28 0.70234375 0.48046875 0.009375 0.0109375
14 0.7421875 0.5125 0.009375 0.0109375
10 0.68125 0.46328125 0.009375 0.0109375
11 0.5953125 0.39296875 0.0140625 0.0140625
31 0.690625 0.4703125 0.009375 0.0109375
27 0.665625 0.45078125 0.009375 0.0109375
14 0.66953125 0.45390625 0.0125 0.0125
12 0.67734375 0.46015625 0.009375 0.0109375
23 0.68515625 0.46640625 0.0125 0.0125
18 0.58203125 0.3828125 0.0046875 0.00625
14 0.64453125 0.4328125 0.0125 0.0125
24 0.59921875 0.396875 0.009375 0.0109375
10 0.60390625 0.40078125 0.009375 0.0109375
10 0.69375 0.4734375 0.009375 0.0109375
23 0.58515625 0.3875 0.009375 0.0109375
22 0.621875 0.4171875 0.0125 0.0125
16 0.7125 0.490625 0.0140625 0.0140625
28 0.615625 0.41171875 0.009375 0.0109375
27 0.60703125 0.4046875 0.009375 0.0109375
23 0.6546875 0.4421875 0.0109375 0.0109375
25 0.6609375 0.4484375 0.009375 0.0109375
24 0.58359375 0.384375 0.0078125 0.009375
34 0.63203125 0.4265625 0.0125 0.0125
10 0.62890625 0.42265625 0.009375 0.0109375
16 0.646875 0.43828125 0.0109375 0.0125
22 0.84140625 0.61171875 0.015625 0.015625
15 0.91171875 0.66875 0.0109375 0.0125
17 0.9953125 0.7375 0.009375 0.0125
11 0.8609375 0.62734375 0.0140625 0.0140625
29 0.99453125 0.7359375 0.009375 0.0109375
20 0.90625 0.6640625 0.0140625 0.0140625
29 0.9484375 0.6984375 0.009375 0.0109375
18 0.95234375 0.7015625 0.0109375 0.0125
18 0.97421875 0.71953125 0.0109375 0.0125
24 0.934375 0.68828125 0.0109375 0.0109375
10 0.896875 0.65625 0.0125 0.0125
31 0.978125 0.7234375 0.009375 0.0109375
0 0.58359375 0.4015625 0.0078125 0.0125
13 0.64765625 0.4546875 0.0140625 0.0140625
28 0.87265625 0.63828125 0.0125 0.0125
14 0.890625 0.6515625 0.0125 0.0125
21 0.6203125 0.43359375 0.0078125 0.009375
22 0.853125 0.62265625 0.0125 0.0125
27 0.86875 0.63515625 0.009375 0.0109375
32 0.8828125 0.64609375 0.0125 0.0125
28 0.90078125 0.6609375 0.009375 0.0109375
24 0.91640625 0.6734375 0.0125 0.0125
27 0.9390625 0.6921875 0.0078125 0.0078125
22 0.95703125 0.70625 0.0125 0.0125
14 0.96328125 0.71171875 0.0125 0.0125
14 0.98203125 0.7265625 0.0125 0.0125
23 0.98671875 0.73046875 0.0125 0.0125
14 0.84609375 0.61640625 0.0125 0.0125
14 0.86484375 0.63203125 0.0125 0.0125
27 0.91953125 0.6765625 0.009375 0.0109375
22 0.92734375 0.68203125 0.0125 0.0125
14 0.9984375 0.74375 0.003125 0.0125
29 0.63125 0.44296875 0.0078125 0.0078125
14 0.94296875 0.6953125 0.009375 0.0109375
16 0.96875 0.71796875 0.0140625 0.0140625
22 0.5953125 0.4140625 0.0125 0.0125
24 0.6359375 0.446875 0.0125 0.0125
12 0.62734375 0.43984375 0.009375 0.0109375
18 0.6328125 0.44453125 0.0078125 0.009375
23 0.640625 0.45 0.0109375 0.0109375
14 0.61640625 0.4328125 0.0125 0.0125
10 0.5859375 0.4078125 0.0109375 0.0109375
23 0.609375 0.4265625 0.0125 0.0125
14 0.62265625 0.43828125 0.0125 0.0125
10 0.65078125 0.4609375 0.0125 0.0125
24 0.6046875 0.4234375 0.0125 0.0125
34 0.65625 0.465625 0.0140625 0.0140625
17 0.83046875 0.6234375 0.0140625 0.0140625
13 0.76953125 0.5734375 0.0140625 0.0140625
29 0.85078125 0.63984375 0.0125 0.0125
29 0.75703125 0.5640625 0.009375 0.0109375
29 0.7734375 0.57734375 0.009375 0.0109375
17 0.94765625 0.71875 0.009375 0.0109375
13 0.99375 0.75546875 0.0125 0.0125
29 0.759375 0.565625 0.0078125 0.009375
11 0.89453125 0.67578125 0.0140625 0.0140625
20 0.91484375 0.69140625 0.009375 0.0109375
18 0.934375 0.70703125 0.0078125 0.009375
18 0.9765625 0.74140625 0.0109375 0.0125
21 0.6921875 0.5109375 0.009375 0.0109375
18 0.75390625 0.56171875 0.0109375 0.0125
29 0.7078125 0.52421875 0.009375 0.0109375
18 0.68125 0.50546875 0.0078125 0.0078125
18 0.709375 0.52578125 0.0109375 0.0125
24 0.7765625 0.58046875 0.009375 0.0109375
13 0.659375 0.4875 0.0109375 0.0125
21 0.67421875 0.5 0.0078125 0.009375
18 0.6765625 0.5015625 0.0078125 0.009375
29 0.67890625 0.5015625 0.009375 0.0109375
14 0.76328125 0.56953125 0.009375 0.0109375
27 0.928125 0.70546875 0.0109375 0.0109375
29 0.94375 0.715625 0.009375 0.0109375
24 0.90546875 0.68671875 0.0125 0.0125
28 0.88359375 0.66875 0.009375 0.0109375
12 0.909375 0.68984375 0.009375 0.0109375
12 0.959375 0.73046875 0.0125 0.0125
13 0.628125 0.46171875 0.0140625 0.0140625
27 0.72578125 0.54140625 0.009375 0.0109375
27 0.84375 0.63671875 0.009375 0.0109375
24 0.89921875 0.68203125 0.0125 0.0125
31 0.91875 0.69765625 0.0125 0.0125
23 0.9359375 0.71171875 0.0125 0.0125
22 0.97109375 0.73984375 0.0125 0.0125
27 0.74609375 0.55546875 0.009375 0.0109375
29 0.6359375 0.46875 0.0109375 0.0125
10 0.7 0.5203125 0.0125 0.0125
13 0.62265625 0.4578125 0.0109375 0.0125
14 0.83359375 0.62890625 0.0125 0.0125
22 0.8640625 0.653125 0.0125 0.0125
24 0.965625 0.73515625 0.0125 0.0125
23 0.9796875 0.746875 0.0125 0.0125
14 0.71171875 0.5296875 0.009375 0.0109375
10 0.721875 0.53828125 0.0125 0.0125
27 0.70390625 0.5234375 0.009375 0.0109375
18 0.625 0.46015625 0.0078125 0.009375
12 0.6828125 0.50703125 0.009375 0.0109375
24 0.67109375 0.496875 0.009375 0.0109375
14 0.73125 0.5453125 0.0125 0.0125
27 0.85390625 0.6453125 0.0078125 0.009375
30 0.85859375 0.6484375 0.0125 0.0125
10 0.9953125 0.7609375 0.009375 0.0125
28 0.715625 0.53359375 0.0125 0.0125
22 0.74921875 0.56015625 0.0109375 0.0109375
10 0.65 0.48046875 0.0125 0.0125
10 0.6875 0.51015625 0.009375 0.0109375
14 0.740625 0.553125 0.009375 0.0109375
31 0.87890625 0.665625 0.0125 0.0125
14 0.95234375 0.725 0.0125 0.0125
13 0.590625 0.43203125 0.0109375 0.0125
11 0.59765625 0.4375 0.0109375 0.0125
25 0.7359375 0.55078125 0.0140625 0.0140625
10 0.83828125 0.6328125 0.0125 0.0125
25 0.8703125 0.659375 0.0125 0.0125
10 0.9234375 0.7015625 0.0140625 0.0140625
23 0.6546875 0.48359375 0.0125 0.0125
34 0.99765625 0.765625 0.0046875 0.0125
25 0.6953125 0.51796875 0.0140625 0.0140625
28 0.64375 0.47578125 0.009375 0.0109375
16 0.98515625 0.75234375 0.0140625 0.0140625
29 0.58359375 0.42578125 0.0078125 0.0109375
23 0.6171875 0.45390625 0.0125 0.0125
10 0.63203125 0.46640625 0.009375 0.0109375
14 0.6390625 0.471875 0.0125 0.0125
25 0.665625 0.49375 0.0140625 0.0140625
10 0.6125 0.45078125 0.0125 0.0125
12 0.58125 0.42265625 0.003125 0.0109375
12 0.6078125 0.446875 0.009375 0.0109375
14 0.5859375 0.42890625 0.0078125 0.009375
34 0.60078125 0.44296875 0.0109375 0.0125
21 0.71953125 0.5546875 0.0078125 0.0078125
21 0.721875 0.55625 0.009375 0.0109375
13 0.67890625 0.521875 0.0125 0.0125
11 0.71171875 0.5484375 0.0140625 0.0140625
18 0.69453125 0.534375 0.009375 0.0109375
14 0.8453125 0.65703125 0.0125 0.0125
29 0.728125 0.56171875 0.009375 0.0109375
15 0.8234375 0.63984375 0.0078125 0.009375
12 0.884375 0.6890625 0.0140625 0.0140625
21 0.89609375 0.6984375 0.0078125 0.009375
13 0.95078125 0.74453125 0.0140625 0.0140625
21 0.69765625 0.53671875 0.0078125 0.0078125
24 0.72421875 0.559375 0.009375 0.0109375
17 0.83203125 0.6484375 0.0125 0.0125
21 0.84921875 0.66015625 0.0109375 0.0109375
11 0.6375 0.4890625 0.0109375 0.0125
18 0.7015625 0.53984375 0.0109375 0.0109375
21 0.89296875 0.69765625 0.0078125 0.009375
10 0.715625 0.55234375 0.0125 0.0125
29 0.8609375 0.6703125 0.0109375 0.0109375
21 0.87734375 0.68359375 0.0078125 0.009375
21 0.9328125 0.7296875 0.0109375 0.0109375
15 0.58359375 0.4453125 0.0078125 0.0125
29 0.65390625 0.50390625 0.009375 0.0109375
22 0.68515625 0.5296875 0.0125 0.0125
28 0.73046875 0.56484375 0.009375 0.0109375
29 0.8265625 0.64453125 0.009375 0.0109375
21 0.93046875 0.728125 0.0109375 0.0109375
18 0.6171875 0.475 0.0109375 0.0109375
29 0.91484375 0.715625 0.0109375 0.0125
27 0.97265625 0.7625 0.0078125 0.009375
23 0.70390625 0.54296875 0.009375 0.0109375
27 0.6015625 0.46171875 0.0125 0.0125
23 0.67265625 0.51953125 0.0125 0.0125
10 0.690625 0.534375 0.009375 0.0109375
32 0.9421875 0.7375 0.0125 0.0125
24 0.9765625 0.765625 0.0125 0.0125
10 0.9984375 0.7859375 0.003125 0.0125
10 0.63125 0.4859375 0.0125 0.0125
28 0.640625 0.49375 0.009375 0.0109375
12 0.8578125 0.66953125 0.009375 0.0109375
10 0.92578125 0.72421875 0.009375 0.0109375
12 0.98203125 0.76953125 0.0125 0.0125
28 0.9921875 0.778125 0.0125 0.0125
14 0.65625 0.50625 0.009375 0.0109375
23 0.6203125 0.47734375 0.009375 0.0109375
23 0.65 0.5015625 0.0125 0.0125
10 0.60625 0.465625 0.009375 0.0109375
10 0.66796875 0.515625 0.0125 0.0125
14 0.6453125 0.49765625 0.009375 0.0109375
14 0.6609375 0.51015625 0.0125 0.0125
24 0.81875 0.63828125 0.0125 0.0125
12 0.58828125 0.45078125 0.0125 0.0125
28 0.61484375 0.47265625 0.0109375 0.0125
14 0.8515625 0.66484375 0.0125 0.0125
27 0.8703125 0.6796875 0.009375 0.0109375
14 0.89921875 0.703125 0.0125 0.0125
14 0.909375 0.7109375 0.0125 0.0125
24 0.9359375 0.7328125 0.0125 0.0125
28 0.6109375 0.4703125 0.0125 0.0125
10 0.5921875 0.45546875 0.009375 0.0109375
14 0.83671875 0.653125 0.0125 0.0125
24 0.88828125 0.6953125 0.0125 0.0125
30 0.95625 0.75 0.0125 0.0125
14 0.9609375 0.753125 0.0125 0.0125
14 0.9875 0.77421875 0.0125 0.0125
28 0.99453125 0.78203125 0.0109375 0.0140625
24 0.8640625 0.67421875 0.0125 0.0125
10 0.87265625 0.68203125 0.009375 0.0109375
24 0.91953125 0.7203125 0.0125 0.0125
25 0.96875 0.76015625 0.0109375 0.0125
24 0.58125 0.44453125 0.003125 0.0109375
23 0.59765625 0.459375 0.0078125 0.009375
16 0.903125 0.70703125 0.0140625 0.0140625
16 0.625 0.48203125 0.0140625 0.0140625
11 0.69140625 0.5546875 0.0140625 0.0140625
12 0.82578125 0.6640625 0.015625 0.015625
21 0.87734375 0.70546875 0.0109375 0.0109375
17 0.88359375 0.7109375 0.0125 0.0140625
29 0.7078125 0.56796875 0.009375 0.0109375
15 0.68671875 0.55078125 0.0109375 0.0125
21 0.6984375 0.5609375 0.0078125 0.0078125
21 0.7015625 0.56328125 0.0078125 0.0078125
24 0.6828125 0.54765625 0.0125 0.0125
24 0.7046875 0.565625 0.009375 0.0109375
22 0.84453125 0.6796875 0.0125 0.0125
29 0.87890625 0.70703125 0.0109375 0.0109375
13 0.6 0.48125 0.015625 0.015625
18 0.665625 0.53359375 0.009375 0.0125
28 0.71171875 0.57109375 0.009375 0.0109375
10 0.6953125 0.5578125 0.0125 0.0125
22 0.8375 0.67421875 0.0125 0.0125
23 0.85625 0.68828125 0.0125 0.0125
15 0.58828125 0.47109375 0.0109375 0.0125
11 0.61875 0.49609375 0.0140625 0.0140625
24 0.80859375 0.65078125 0.0125 0.0125
24 0.85078125 0.68515625 0.0125 0.0125
32 0.8625 0.69453125 0.0125 0.0125
23 0.66875 0.53671875 0.0125 0.0125
24 0.6421875 0.515625 0.0125 0.0125
12 0.6546875 0.52578125 0.009375 0.0109375
30 0.81328125 0.65390625 0.0125 0.0125
27 0.81796875 0.6578125 0.009375 0.0109375
24 0.83046875 0.66875 0.0125 0.0125
10 0.8734375 0.70234375 0.0140625 0.0140625
24 0.6234375 0.50078125 0.0125 0.0125
30 0.659375 0.5296875 0.0125 0.0125
27 0.603125 0.484375 0.0078125 0.009375
27 0.6625 0.53203125 0.0078125 0.009375
14 0.86875 0.6984375 0.0125 0.0125
28 0.6359375 0.5109375 0.009375 0.0109375
24 0.60703125 0.4875 0.009375 0.0109375
27 0.64609375 0.51875 0.009375 0.0109375
33 0.628125 0.50390625 0.009375 0.0109375
14 0.5828125 0.46640625 0.00625 0.0109375
14 0.63125 0.50703125 0.009375 0.0109375
24 0.590625 0.47421875 0.009375 0.0109375
27 0.59453125 0.47734375 0.009375 0.0109375
16 0.67265625 0.5421875 0.0125 0.0125
25 0.6109375 0.49296875 0.0125 0.0140625
12 0.68671875 0.58984375 0.0140625 0.0140625
13 0.7484375 0.640625 0.015625 0.015625
29 0.621875 0.53984375 0.009375 0.0109375
29 0.72734375 0.6234375 0.009375 0.0109375
17 0.62421875 0.54140625 0.009375 0.0109375
14 0.74375 0.63828125 0.0125 0.0125
25 0.6359375 0.55078125 0.0125 0.0125
27 0.6984375 0.6015625 0.0109375 0.0109375
28 0.65078125 0.56328125 0.0140625 0.0140625
21 0.5953125 0.51796875 0.009375 0.0109375
29 0.7015625 0.60390625 0.0109375 0.0125
28 0.7234375 0.621875 0.009375 0.0109375
24 0.69140625 0.59609375 0.0125 0.0125
24 0.70703125 0.60859375 0.0125 0.0125
14 0.71640625 0.61640625 0.009375 0.0109375
14 0.5921875 0.515625 0.0140625 0.0140625
10 0.64296875 0.55625 0.0125 0.0125
31 0.71171875 0.6125 0.0078125 0.009375
21 0.58515625 0.51015625 0.0109375 0.0125
27 0.71953125 0.61875 0.009375 0.0109375
29 0.60703125 0.52734375 0.0078125 0.009375
30 0.69609375 0.6 0.0125 0.0125
25 0.7375 0.6359375 0.0140625 0.0140625
18 0.60859375 0.52890625 0.0078125 0.009375
24 0.73046875 0.62734375 0.009375 0.0109375
12 0.60234375 0.52421875 0.0125 0.0125
30 0.65390625 0.56875 0.0125 0.0125
27 0.6625 0.57265625 0.009375 0.0109375
22 0.67265625 0.58125 0.0125 0.0125
31 0.7890625 0.675 0.015625 0.015625
14 0.6296875 0.54765625 0.0125 0.0125
14 0.678125 0.5859375 0.0125 0.0125
23 0.61640625 0.53671875 0.009375 0.0109375
25 0.73203125 0.63203125 0.0109375 0.0125
29 0.8328125 0.71171875 0.0109375 0.0109375
15 0.834375 0.71328125 0.0109375 0.0125
14 0.6671875 0.57734375 0.0125 0.0125
24 0.6109375 0.53203125 0.0125 0.0125
21 0.8421875 0.71953125 0.0109375 0.0109375
21 0.84375 0.7203125 0.0109375 0.0109375
27 0.58125 0.50703125 0.003125 0.0109375
14 0.59765625 0.52265625 0.009375 0.0109375
25 0.65859375 0.571875 0.0109375 0.0125
10 0.5828125 0.51015625 0.00625 0.0109375
14 0.79296875 0.68125 0.0125 0.0125
27 0.796875 0.684375 0.0078125 0.009375
27 0.80546875 0.69140625 0.009375 0.0109375
12 0.828125 0.71015625 0.0125 0.0125
30 0.83828125 0.71796875 0.009375 0.0109375
14 0.809375 0.69453125 0.0125 0.0125
28 0.81484375 0.69921875 0.009375 0.0109375
14 0.8234375 0.70546875 0.0125 0.0125
34 0.80078125 0.68828125 0.009375 0.0109375
34 0.84453125 0.72421875 0.0109375 0.0125
25 0.81796875 0.70234375 0.0140625 0.0140625
21 0.68125 0.62578125 0.0109375 0.0109375
29 0.68671875 0.6328125 0.009375 0.0109375
13 0.6125 0.5734375 0.0109375 0.0125
13 0.66171875 0.6125 0.0140625 0.0140625
14 0.690625 0.63515625 0.0125 0.0125
29 0.63984375 0.59453125 0.009375 0.0109375
27 0.69375 0.63828125 0.009375 0.0109375
17 0.64296875 0.596875 0.009375 0.0109375
10 0.68359375 0.63046875 0.009375 0.0109375
28 0.675 0.6234375 0.0125 0.0125
29 0.60546875 0.56796875 0.0109375 0.0125
13 0.5828125 0.5484375 0.00625 0.0125
14 0.64921875 0.6046875 0.0125 0.0125
10 0.66640625 0.6171875 0.009375 0.0109375
29 0.63046875 0.5875 0.0078125 0.0078125
14 0.6546875 0.6078125 0.0125 0.0125
27 0.64609375 0.60078125 0.009375 0.0109375
23 0.60078125 0.565625 0.009375 0.0109375
24 0.5921875 0.559375 0.009375 0.0109375
24 0.6328125 0.5921875 0.0125 0.0125
30 0.61875 0.58046875 0.0125 0.0125
14 0.6078125 0.571875 0.009375 0.0109375
12 0.5875 0.55546875 0.0125 0.0125
30 0.596875 0.56328125 0.009375 0.0109375
34 0.6703125 0.621875 0.015625 0.015625
25 0.6234375 0.58515625 0.0109375 0.0125
13 0.62890625 0.6078125 0.0140625 0.0140625
29 0.61875 0.59921875 0.0078125 0.009375
21 0.5828125 0.56796875 0.00625 0.0109375
11 0.59140625 0.57734375 0.015625 0.015625
13 0.5859375 0.57265625 0.0125 0.0140625
23 0.615625 0.5984375 0.009375 0.0109375
12 0.60234375 0.58828125 0.0125 0.0125
24 0.6046875 0.59140625 0.009375 0.0109375
30 0.6109375 0.5953125 0.009375 0.0109375
14 0.621875 0.60546875 0.0125 0.0125
14 0.59453125 0.5828125 0.0125 0.0125
18 0.628125 0.62734375 0.0109375 0.0125
15 0.6296875 0.628125 0.0109375 0.0109375
13 0.58984375 0.59609375 0.015625 0.015625
13 0.63984375 0.63671875 0.015625 0.015625
11 0.60546875 0.6109375 0.0140625 0.0140625
18 0.63046875 0.63125 0.009375 0.0109375
27 0.62421875 0.6265625 0.009375 0.0109375
14 0.6328125 0.634375 0.0125 0.0125
31 0.61640625 0.6203125 0.009375 0.0109375
29 0.59453125 0.60234375 0.0109375 0.0125
14 0.609375 0.61484375 0.0125 0.0125
24 0.596875 0.6046875 0.0109375 0.0125
14 0.584375 0.59375 0.009375 0.0125
10 0.8140625 0.7828125 0.0140625 0.0140625
14 0.58203125 0.590625 0.0046875 0.0125
11 0.7640625 0.74296875 0.0140625 0.0140625
17 0.796875 0.76875 0.0140625 0.0140625
25 0.80859375 0.778125 0.0140625 0.0140625
14 0.61953125 0.6234375 0.009375 0.0109375
22 0.746875 0.728125 0.0140625 0.0140625
28 0.821875 0.7890625 0.0140625 0.0140625
15 0.7875 0.7609375 0.0109375 0.0125
29 0.79140625 0.7640625 0.0109375 0.0109375
23 0.83046875 0.79765625 0.0125 0.0125
29 0.840625 0.80390625 0.0109375 0.0125
22 0.759375 0.73828125 0.0125 0.0125
28 0.7765625 0.753125 0.009375 0.0109375
14 0.84453125 0.80859375 0.0125 0.0125
14 0.76796875 0.746875 0.0125 0.0125
24 0.78359375 0.75859375 0.009375 0.0109375
14 0.82578125 0.79296875 0.0125 0.0125
10 0.83671875 0.80234375 0.009375 0.0109375
14 0.753125 0.734375 0.0125 0.0125
14 0.80078125 0.7734375 0.0125 0.0125
27 0.7734375 0.75078125 0.009375 0.0109375
28 0.61015625 0.98046875 0.0484375 0.0390625
14 0.62734375 0.99453125 0.0265625 0.0109375
18 0.97265625 0.5875 0.0078125 0.009375