33 0.759375 0.18984375 0.48125 0.3796875
6 0.07265625 0.5875 0.1453125 0.415625
7 0.1296875 0.61953125 0.259375 0.4296875
8 0.19931492028335818 0.6845910539717227 0.3968638704196438 0.4346534057054058
9 0.33046875 0.74609375 0.3765625 0.4328125
0 0.39921875 0.79296875 0.2390625 0.4140625
1 0.92265625 0.5546875 0.1546875 0.275
6 0.58828125 0.70625 0.1390625 0.26875
7 0.6663220358417619 0.7688419294884513 0.25372030076822555 0.29082201488719617
8 0.7964842486412036 0.8465773236164298 0.24007388059640905 0.2683648180303493
9 0.89375 0.88671875 0.2125 0.2265625
0 0.95078125 0.92734375 0.0984375 0.1453125