11 0 0 0 0.36578890468749997 0.0027002124999999997 0.333412853125 0.14189293125 0.397363496875 0.20876473281250002 0.3944115171875 0.2860710171875 0.32779837343749996 0.3345251234375 0.20155653125 0.323626884375 0.061847320312499995 0.2929628796875 0 0 0
14 0.6015625 0.528125 0.31875 0.121875
18 0.93515625 0.5046875 0.1296875 0.16875
33 0.90234375 0.3625 0.1953125 0.2875
19 0.7228789739739895 0.258241072569583 0.29746434712916775 0.2581450340036808
29 0.50859375 0.26796875 0.1796875 0.2546875
35 0.6543579451759686 0.4166542910344441 0.3032593208208084 0.2504780043684029
15 0.8015625 0.50234375 0.246875 0.1734375
20 0.515625 0.47265625 0.19375 0.2328125
29 0.1609375 0.79453125 0.321875 0.4109375
32 0.709375 0.79453125 0.58125 0.4109375