34 0.225 0.31953125 0.45 0.6390625
35 0.95546875 0.21484375 0.0890625 0.2515625
13 0.86640625 0.08671875 0.2265625 0.1734375
15 0.6828125 0.046875 0.234375 0.09375
17 0.89453125 0.28359375 0.2109375 0.2296875
20 0.703471893972071 0.1753614873891154 0.21851689212119324 0.2125856989237615
11 0.55625 0.12109375 0.2125 0.2421875
22 0.7732245964569375 0.36440040860539913 0.2302831863123343 0.22403262117350237
25 0.6899832761212872 0.5177480405322685 0.21347419461070416 0.20767987510244393
23 0.54609375 0.31953125 0.1921875 0.2328125
31 0.50078125 0.52890625 0.1015625 0.2109375
25 0.334375 0.73203125 0.23125 0.1859375
31 0.09921875 0.73984375 0.1984375 0.2015625
19 0.0203125 0.690625 0.040625 0.103125
8 0.79765625 0.69765625 0.2140625 0.1171875
0 0.860371244177208 0.757033172459138 0.1882607070582587 0.18315075599585598
1 0.90625 0.865625 0.1875 0.196875
3 0.9375 0.9421875 0.125 0.115625