7 0.26953125 0.29453125 0.5390625 0.5890625
31 0.92265625 0.45 0.1546875 0.275
14 0.8640625 0.09375 0.271875 0.1875
33 0.92109375 0.215625 0.1578125 0.35
13 0.68984375 0.1703125 0.3015625 0.340625
12 0.7736941335840084 0.3582065297743924 0.331960745242489 0.331960745242489
21 0.76796875 0.5265625 0.2765625 0.125
25 0.93125 0.52109375 0.1375 0.1359375
23 0.621875 0.49765625 0.165625 0.1828125
1 0.08046875 0.90625 0.1609375 0.1875
5 0.1828125 0.71171875 0.2625 0.2453125
16 0.76953125 0.79453125 0.4609375 0.4109375