22 0.175 0.18984375 0.35 0.3796875
9 0.721875 0.18984375 0.55625 0.3796875
22 0.31171875 0.521875 0.0765625 0.178125
27 0.16889600067736854 0.5318651480620137 0.24634381275401332 0.1839696915466968
28 0.31484375 0.6875 0.0703125 0.175
23 0.17428726481086265 0.6945654071613123 0.2258675384437538 0.17954300740125556
10 0.32890625 0.8546875 0.0421875 0.171875
13 0.17630454545270027 0.8676722401347343 0.23581574852966192 0.1910812846991515
5 0.4313141135222388 0.5466981199889254 0.10597111827193721 0.15005816162790725
8 0.5630930580043148 0.563337302593207 0.10745173111680746 0.1485957911775566
2 0.6954894781761313 0.5768014204226641 0.11904432835784533 0.16179669802510172
5 0.8290356405460317 0.5972467234772963 0.1187167797373263 0.1555466980251019
3 0.95 0.6125 0.1 0.159375