15 0.225 0.28984375 0.45 0.5796875
23 0.725 0.28984375 0.55 0.5796875
11 0.096875 0.725 0.19375 0.290625
21 0.30859375 0.8484375 0.2828125 0.303125
27 0.184375 0.89375 0.36875 0.2125
0 0.7907440842055689 0.7372920291629528 0.0399355192372937 0.026136602665567034
2 0.7863194790334258 0.722334618896396 0.03837301923729371 0.026091138558944314
2 0.764233658707673 0.6709623355103012 0.03837301923729371 0.026091138558944314
1 0.7982118438242158 0.7499966176427548 0.03837301923729371 0.026091138558944314
5 0.72734375 0.590625 0.0421875 0.021875
1 0.71953125 0.58359375 0.0390625 0.0078125
1 0.7575744309401916 0.6590617290838104 0.0399355192372937 0.026136602665567034
7 0.8049256352940279 0.7634597240692456 0.0399355192372937 0.026136602665567034
2 0.6738889448200076 0.8774958288463836 0.05432540145127884 0.035920779625171304
6 0.6609970752198941 0.8435610980467135 0.051145837748947987 0.03426735141192579
2 0.570310043916883 0.6380037683424 0.048020837748947984 0.03417642319868044
9 0.6670660259455337 0.8609077224198929 0.05432540145127884 0.03592077962517113
3 0.584737131665831 0.6712027132486929 0.051145837748947987 0.03426735141192579
5 0.5763244309401916 0.6537878927155795 0.051145837748947987 0.03426735141192579
2 0.48333835588993335 0.9187787437317938 0.0399355192372937 0.026136602665567034
5 0.4892436155085802 0.9314378681049732 0.04155258293962456 0.02774456677218957
3 0.4944221888295579 0.9456367604248413 0.03993551923729368 0.026136602665567034