17 0.16484375 0.259375 0.3296875 0.51875
14 0.34512868262626456 0.13961423421985025 0.027053423701106104 0.029207338935304604
14 0.8129509768614962 0.4186477485914873 0.027026150162155815 0.027644838935304606
14 0.7662765742637084 0.4729559052075583 0.027026150162155815 0.02764483893530496
14 0.9029992784036238 0.4340273508726648 0.027053423701106284 0.029207338935304604
14 0.858668625805836 0.4884310079830275 0.02702615016215546 0.027644838935304606
14 0.8464413611953393 0.5035466720134723 0.027053423701106284 0.029207338935304604
11 0.7508833993447863 0.4856004852456145 0.030205697240056395 0.03089717292769336
12 0.38338661322722956 0.09511215912471008 0.02384660308425506 0.02439250494291585
10 0.37191332507778263 0.10869715665325205 0.027026150162155815 0.027644838935304606
10 0.52734375 0.0046875 0.0234375 0.009375
10 0.3754571107915976 0.17754265714754372 0.02384660308425506 0.02439250494291585
10 0.3448616757264057 0.21376931722365589 0.02384660308425506 0.02439250494291585
22 0.33671875 0.15703125 0.0140625 0.0328125
28 0.43617464813026563 0.03324617049341656 0.023846603084255236 0.02439250494291585
28 0.4389644573830309 0.10362233748961094 0.02384660308425506 0.02439250494291585
28 0.3375 0.2265625 0.015625 0.028125
18 0.45625 0.00703125 0.021875 0.0140625
18 0.4204871927725343 0.11848333353527822 0.01905000892845372 0.017951503954332714
18 0.8357884590045886 0.3852277535344032 0.01905000892845372 0.017951503954332714
27 0.802231665173099 0.4307020796181266 0.0222295560063543 0.02120383794672165
21 0.45801842045139995 0.07707442494204084 0.023819329545304767 0.02283000494291585
13 0.35419003692833567 0.12202748619701662 0.03335797077900686 0.032587006920082116
24 0.46802466598717307 0.06889451041730439 0.027026150162155815 0.027644838935304606
24 0.39304403124629284 0.15639982760377916 0.027026150162155815 0.027644838935304606
24 0.9252327885498934 0.4107317723174836 0.027026150162155815 0.027644838935304606
23 0.4886684025944925 0.043972764865928674 0.027026150162155815 0.027644838935304606
23 0.415236631084137 0.1307604990485979 0.023873876623205524 0.02595500494291585
23 0.36322984618110093 0.1926583211779885 0.02384660308425506 0.02439250494291585
29 0.46328125 0.0046875 0.0265625 0.009375
29 0.515625 0.01015625 0.025 0.0203125
29 0.8297430105467163 0.3966918355496256 0.023819329545304767 0.02283000494291585
29 0.8213265385498936 0.40649791707055644 0.025409103084255237 0.024456171939110406
29 0.9129509768614963 0.4227224363479284 0.025409103084255237 0.02445617193911005
29 0.83359375 0.51015625 0.0265625 0.0171875
32 0.8731987301079069 0.47106709444687417 0.030232970779006507 0.03245967292769336
32 0.8488924310014114 0.37561267300205553 0.028643197240056394 0.030833505931498983
30 0.502458167204989 0.028920767831678164 0.02384660308425506 0.02439250494291585
30 0.93824130316039 0.39564794178513585 0.023846603084255236 0.02439250494291585
13 0.44727183522405234 0.0875662559686801 0.028588650162155817 0.027708505931498983
12 0.4491831627407622 0.018162339961068863 0.027053423701106104 0.029207338935304604
10 0.39477808075982546 0.07683966159616791 0.031795470779006865 0.032523339923887916
15 0.4771405673671449 0.05443276239447066 0.026998876623205346 0.026082338935304605
29 0.40294118262626455 0.1419699130790427 0.023819329545304767 0.02283000494291585
4 0.9733742337613551 0.3510185326976069 0.031795470779006865 0.032523339923887916
0 0.9875 0.20546875 0.025 0.0328125
0 0.9398293023496113 0.2629946092756219 0.031795470779006504 0.032523339923887916
0 0.9031065982096959 0.30599785136695645 0.031795470779006865 0.032523339923887916
2 0.99375 0.1875 0.0125 0.03125
2 0.976592916797952 0.22233511718428717 0.030205697240056395 0.03089717292769336
2 0.9643656521874554 0.23745078121473212 0.030205697240056395 0.03089717292769336
5 0.926066811278065 0.27960910630987235 0.031795470779006504 0.032523339923887916
1 0.8924418335991993 0.32117718239359566 0.025409103084255237 0.024456171939110406
29 0.8618463985340075 0.3574038424697079 0.031795470779006865 0.032523339923887916
32 0.7799845182573539 0.4532164081733079 0.03977161201270896 0.04221667490485999
10 0.73203125 0.50546875 0.0328125 0.0265625
2 0.99140625 0.31640625 0.0171875 0.0328125
9 0.98515625 0.33359375 0.0296875 0.0328125
26 0.9519628839235107 0.3766896947508854 0.03653751785690744 0.035839340912471054
29 0.8838498579489285 0.455106513420235 0.031795470779006865 0.03252333992388756
25 0.3296875 1 0.3296875 0.51875 0.23590465312500003 0.51875 0.2219078765625 0.535202634375 0.2644145203125 0.5720620921874999 0.25457989062499997 0.5836222921875 0.18864173906249998 0.5867090734375 0.131086090625 0.617152965625 0.0694711265625 0.7143857453125 0.0700320671875 0.8253575828124999 0.1194690890625 0.9284914656249998 0.20193334375 1 0.3296875 1
35 0.66484375 0.759375 0.6703125 0.48125