32 0.23984375 0.25 0.4796875 0.5
27 0.73984375 0.25 0.5203125 0.5
19 0.23984375 0.75 0.4796875 0.5
1 0.8183795616399075 0.523886694117161 0.01882791244111104 0.01975105787839033
4 0.8304694585296298 0.5293022362105358 0.01882791244111104 0.01975105787839033
2 0.8424910049009723 0.5354990283039107 0.017265412441111037 0.019660052616718503
7 0.4875 0.52109375 0.015625 0.0203125
1 0.48203125 0.51484375 0.0046875 0.0203125
2 0.6381452574928705 0.5196710890248984 0.023925515551388797 0.024711573663405883
4 0.6222858116399076 0.512465533777344 0.023925515551388797 0.024711573663405907
1 0.60703125 0.50859375 0.0265625 0.0171875