6 0.26484375 0.24453125 0.5296875 0.4890625
4 0.89765625 0.421875 0.2046875 0.134375
8 0.8706596302302506 0.323467916797952 0.20978177168436432 0.19417056006354425
0 0.8324924860353657 0.1852178944768177 0.2163045901960187 0.2020921542193456
3 0.79140625 0.06953125 0.1953125 0.1390625
26 0.26484375 0.74453125 0.5296875 0.5109375
17 0.58125 0.68984375 0.103125 0.2890625
20 0.7359375 0.89453125 0.278125 0.2109375
22 0.6988069667980722 0.6524212110364789 0.2885466671451935 0.3032921899331605
11 0.89296875 0.94453125 0.2140625 0.1109375
23 0.9375 0.80625 0.125 0.315625
25 0.85078125 0.54453125 0.2578125 0.1109375