16 0.2796875 0.196875 0.559375 0.39375
2 0.63203125 0.0484375 0.1453125 0.096875
3 0.634375 0.24140625 0.15 0.1390625
7 0.93359375 0.05859375 0.1328125 0.1171875
8 0.9484375 0.26640625 0.103125 0.1484375
30 0.25625 0.71953125 0.5125 0.5609375
9 0.72578125 0.99296875 0.0953125 0.0140625
9 0.92578125 0.99296875 0.0921875 0.0140625
8 0.7255695624341906 0.8969547297083281 0.08877407366340577 0.02238406010845857
8 0.92267207558837 0.8997155944642963 0.08564907366340595 0.022365879390299347
7 0.7182282283180281 0.7977450700674077 0.08252407366340594 0.022347698672140127
7 0.9144584862105358 0.7989479800029157 0.08555806840173404 0.02080337939029935
6 0.7124038915710298 0.6977450700674076 0.09199007892507768 0.02396474082661797
6 0.9095064047252095 0.7005059348233759 0.09520608418674961 0.025545421544777014
5 0.7137018100857032 0.5992666634515494 0.08877407366340595 0.02238406010845857
5 0.9068525706090469 0.6012690041052167 0.08546706314006229 0.019240879390299347
4 0.7063604759695409 0.500057003810629 0.08877407366340577 0.02238406010845857
4 0.9041987364928845 0.5020320733870574 0.08252407366340578 0.022347698672140127
2 0.703478399675299 0.47740984416970866 0.08574007892507769 0.023928379390299348
2 0.7069134837914615 0.5766422297083281 0.09208108418674961 0.025527240826617968
2 0.7094308100151161 0.6735354104264873 0.09538809471009327 0.028670421544777013
2 0.7176443993929503 0.7743030248878678 0.09520608418674961 0.025545421544777014
2 0.7250312361399487 0.8742939345287883 0.0889560841867496 0.02550906010845857
2 0.7269948255177829 0.9750979104264872 0.09199007892507768 0.02396474082661797
3 0.8989274075678069 0.4786172992847564 0.09208108418674961 0.02552724082661779
3 0.9038794890531333 0.5770593444642962 0.09529708944842134 0.027107921544777015
3 0.9097038258001315 0.6770593444642963 0.09824007892507787 0.024001102262936235
3 0.9139201599162939 0.7762871848233759 0.08592208944842135 0.027053379390299347
3 0.9222247545558002 0.8786172992847565 0.08592208944842135 0.027053379390299347
3 0.9255233307794548 0.9755059348233758 0.09824007892507787 0.024001102262936058