17 0.1011179390625 0 0.015523770312499999 0.044874440625 0.0834987796875 0.07196902187500001 0.147515146875 0.26244941875 0.0671870859375 0.331448065625 0 0.366672228125 0 0.39355729687499996 0.141509228125 0.319368278125 0.17030986875 0.34011572968750003 0.212896359375 0.5239077812499999 0.199519675 0.566767534375 0.1744989125 0.5890625 0.19435079375 0.5890625 0.3 0.5376914312500001 0.3 0.484926640625 0.2493410296875 0.38829897343750003 0.164850475 0.0562038515625 0.17262042187499999 0 0.1011179390625 0
10 0.65 0.29453125 0.7 0.5890625
2 0.27578125 0.7015625 0.0484375 0.13125
3 0.24296875 0.7609375 0.1140625 0.134375
4 0.17817373738858838 0.8217791672501857 0.13917268268618094 0.14534995735199913
5 0.11095042206395159 0.8866325552594125 0.12652723201781732 0.1327045066836355
6 0.05234375 0.93828125 0.1046875 0.1234375
27 0.81875 0.72421875 0.3625 0.2703125
33 0.4959634107654045 0.7634779606142752 0.3740214920432708 0.3230589760502703
22 0.86796875 0.809375 0.2640625 0.353125
14 0.72734375 0.646875 0.4421875 0.115625