12 0.10172466718749999 0 0.0769380015625 0.056076048437500005 0.029311315625 0.072633675 0 0.0518638765625 0 0.312784046875 0.0798920265625 0.36239815625 0.2095765046875 0.396799615625 0.3281276546875 0.387379525 0.49811994375 0.3084092578125 0.55639923125 0.2431056703125 0.637495575 0.10892973125000001 0.6592793171875 0 0.489440746875 0 0.47791552812500004 0.0928702796875 0.4089836359375 0.20691982968749997 0.3220802640625 0.27290123906249997 0.2090957796875 0.3042321046875 0.134116496875 0.3038033671875 0.06573500156249999 0.2613374625 0.054601670312499996 0.21751591406249998 0.07336390937500001 0.1553523578125 0.1519172828125 0.0565047859375 0.14285434375 0 0.10172466718749999 0
1 0.39765625 0.9515625 0.1171875 0.096875
2 0.281730744244218 0.8885393819615338 0.1277749314570915 0.13162573620994636
3 0.16729724694564102 0.8183071014784329 0.12777493145709168 0.13162573620994636
5 0.059375 0.73515625 0.11875 0.1203125
5 0.9890625 0.83046875 0.021875 0.0265625
8 0.9760946652485532 0.8217754307870347 0.026456084186749607 0.025727425705962936
8 0.960750386309358 0.8136135897999501 0.024893584186749605 0.02568196159934022
1 0.9837266127730089 0.6572128256141854 0.018370568401734032 0.02081260517284944
3 0.9715528364646497 0.6497413064138555 0.023240078925077866 0.024073997492717502
2 0.9448615338479313 0.6348664641731296 0.023240078925077866 0.024073997492717502
2 0.9180792259695408 0.618429121932404 0.024893584186749605 0.02568196159934022
0 0.931079754908736 0.6266591590794225 0.023149073663405774 0.022511497492717504
0 0.9042519443995097 0.6094405668386967 0.023149073663405774 0.022511497492717504