33 0.225 0.309375 0.45 0.61875
1 0.47578125 0.5046875 0.0515625 0.10625
1 0.66875 0.5734375 0.103125 0.090625
1 0.5220236964891385 0.4361645558292403 0.10777905925034226 0.11112589867609249
1 0.8328125 0.5828125 0.096875 0.071875
1 0.9609375 0.4578125 0.078125 0.096875
2 0.5453125 0.57890625 0.10625 0.0796875
2 0.878125 0.6 0.121875 0.0375
2 0.7378138325408002 0.5055096770027427 0.11108591567683312 0.1175214478903042
2 0.6848874093421198 0.4562331149682494 0.11742684389007856 0.12093754631872748
2 0.5892362770513817 0.3597155258454509 0.10456313103709683 0.10785534946188076
2 0.4734375 0.215625 0.046875 0.1125
2 0.95234375 0.57734375 0.0953125 0.0828125
2 0.8068389656894684 0.43772717162605923 0.11260295157021041 0.11603172249741008
2 0.6598921063599837 0.2943495450758733 0.11094952335696498 0.11283394789030421
2 0.5128088547106311 0.14628441852568735 0.11742684389007838 0.12093754631872766
2 0.8266848012662766 0.3153812907326471 0.10617109514371972 0.10949062406898662
2 0.9515625 0.17265625 0.096875 0.1203125
3 0.5346336935861445 0.30645993920385184 0.11260295157021041 0.11603172249741008
3 0.98359375 0.5078125 0.0328125 0.11875
3 0.8757049744649569 0.36447591624937575 0.11586434389007856 0.1208647717116218
3 0.7278859369222269 0.21793690239563687 0.10617109514371954 0.10949062406898662
3 0.6717663175636125 0.16617104114693187 0.11742684389007838 0.12093754631872758
3 0.583396487859299 0.07857468775610972 0.11269387978345584 0.11915672249741008
4 0.51796875 0.04140625 0.1234375 0.0828125
3 0.94140625 0.2953125 0.1171875 0.121875
3 0.8016894982841404 0.15349772084027097 0.12234166442319179 0.12896837014004509
3 0.646875 0.02890625 0.10625 0.0578125
3 0.8078125 0.0421875 0.11875 0.084375
4 0.9765625 0.2234375 0.046875 0.13125
4 0.865018560899695 0.07764800433871696 0.10617109514371954 0.10949062406898662
4 0.93203125 0.034375 0.1078125 0.06875
6 0.9055014377136498 0.5304840599630695 0.11269387978345584 0.11915672249741008
7 0.6199276505666312 0.5296663068626977 0.12220527210332381 0.12428087014004525
7 0.7538216142775426 0.3853256095915659 0.11425637978345585 0.11922949710451576
7 0.8924030779884538 0.2412032361417519 0.11586434389007856 0.1208647717116218
7 0.9859375 0.109375 0.028125 0.096875
8 0.4875 0.38359375 0.075 0.1203125
8 0.6051758626281899 0.2371877084342741 0.11425637978345567 0.11922949710451594
8 0.7454562186589693 0.09782560959156594 0.11273934389007838 0.12071922249741007
9 0.4828125 0.09296875 0.065625 0.1203125
35 0.225 0.809375 0.45 0.38125
24 1 1 1 0.61875 0.45 0.61875 0.45 0.76460206875 0.4609252640625 0.8318489921874999 0.5402179828125 0.9522476640624999 0.6016677984375 1 1 1