26 0.28984375 0.2296875 0.5796875 0.459375
28 0.46640625 0.88671875 0.2265625 0.2265625
24 0.51015625 0.7046875 0.1390625 0.315625
14 0.2671875 0.884375 0.45 0.23125
29 0.350179002508639 0.7234158436754217 0.33910489825029516 0.3230223928851242
21 0.18515625 0.71015625 0.3703125 0.3640625
13 0.06640625 0.6234375 0.1328125 0.328125
15 0.40703125 0.575 0.3453125 0.23125
34 0.13203125 0.50859375 0.2640625 0.0984375
30 0.71015625 0.68203125 0.2609375 0.4203125
1 0.7953125 0.63046875 0.29375 0.3421875
10 0.88046875 0.590625 0.2390625 0.2625