12 0.30566090625000003 0 0.3255681890625 0.025765509375000002 0.389298440625 0.2186591 0.3620363390625 0.3002781609375 0.312353534375 0.3496313296875 0.207868928125 0.373518428125 0.130646425 0.31578646718750003 0 0.3916274703125 0 0.4645902765625 0.0051442015625 0.46875 0.4047125421875 0.46875 0.4063617671875 0.46805656406249996 0.5204099859375 0.3623749609375 0.5766405234375 0.22407658593750002 0.5724342859375 0.0887395171875 0.53500753125 0 0.30566090625000003 0
2 0.84453125 0.234375 0.3109375 0.46875
29 0.6741197978118183 0.6583506433881557 0.007885222872636887 0.013046303218308663
29 0.6551379936552882 0.6198180211120965 0.011037493949875809 0.017952324505632156
29 0.6158709605759969 0.5873932872036398 0.007885222872636887 0.013046303218308663
29 0.6129681534926004 0.49146342816913247 0.00789431323171641 0.014608803218308675
29 0.6090800842107595 0.4948615797782868 0.007885222872636887 0.013046303218308675
34 0.6103931202169172 0.586213199456456 0.014171584308955331 0.019733345792955603
14 0.68359375 0.6515625 0.0109375 0.015625
14 0.6028300842107596 0.49529862235293376 0.01258181323171641 0.01493658514929388
28 0.68671875 0.696875 0.0046875 0.015625
28 0.6686555929913581 0.6595143056409718 0.01101931323171641 0.014827324505632155
28 0.6264993883672898 0.5335034626980077 0.011019313231716588 0.014827324505632155
22 0.6470482377033597 0.5727080743304052 0.014153403590795931 0.016608345792955604
22 0.6369147136010589 0.5773245185142064 0.014153403590796287 0.016608345792955604
24 0.6652578822189696 0.6128578269282953 0.01258181323171641 0.01493658514929388
24 0.6532800569852008 0.5691460317557582 0.01101931323171641 0.014827324505632155
24 0.638967572110511 0.527160627548714 0.01101931323171641 0.014827324505632155
27 0.5989420149289189 0.4986967739620881 0.007885222872636887 0.013046303218308675
31 0.6859375 0.6484375 0.00625 0.015625
32 0.6207579275949012 0.4870108749508238 0.014153403590796287 0.016608345792955614
18 0.6197772105759969 0.5871201355944855 0.00947499394987581 0.017843063861970432
18 0.6161022438516799 0.492807406881809 0.00947499394987581 0.01784306386197041
18 0.575 0.46953125 0.009375 0.0015625
23 0.6780078670936593 0.6549524917790014 0.01101931323171641 0.014827324505632155
23 0.6236652798578376 0.5837219839853313 0.01258181323171641 0.01493658514929388
23 0.5640625 0.46953125 0.0125 0.0015625
10 0.6792976563212708 0.6079682311353396 0.012609084308955687 0.01962408514929388
11 0.6715078822189697 0.6124207843536483 0.012609084308955331 0.01962408514929388
11 0.6327448431877499 0.5322851701233609 0.012609084308955331 0.01962408514929388
30 0.6582357225780495 0.6149119998247731 0.01101931323171641 0.014827324505632155
12 0.661864716626121 0.5669825982156187 0.012609084308955331 0.01962408514929388
30 0.6306783491396784 0.5801053110888533 0.011019313231716588 0.014827324505632155
30 0.5578125 0.47109375 0.0125 0.0046875
19 0.6459942769309712 0.525887704652236 0.014171584308955687 0.019733345792955603
29 0.6277846324153614 0.485737952054346 0.012609084308955331 0.01962408514929389
25 0.55078125 0.47265625 0.0109375 0.0078125
18 0.5281907160369459 0.9655507742141897 0.006331813231716587 0.014499542574646895
18 0.4868561471478885 0.712086920627564 0.00791249394987581 0.017733803218308707
18 0.4385322766363838 0.7350052505810777 0.00791249394987581 0.017733803218308707
18 0.4687646773003136 0.6922496680296739 0.007885222872636887 0.013046303218308708
18 0.46617548760516403 0.6502260589951664 0.00947499394987581 0.017843063861970432
18 0.4599391231437834 0.6530068515698134 0.00947499394987581 0.017843063861970432
18 0.4334402556573408 0.6658017825120629 0.00791249394987581 0.017733803218308707
18 0.3578362676593933 0.7015696737296571 0.00947499394987581 0.01784306386197034
18 0.29548171340466717 0.7309400994761265 0.00947499394987581 0.01784306386197034
18 0.22377488504764012 0.7648723390845662 0.00947499394987581 0.017843063861970432
18 0.20039192720211782 0.7758862487394923 0.00947499394987581 0.017843063861970432
18 0.3070095658639952 0.6973081446486634 0.00947499394987581 0.01784306386197034
18 0.39023970150081044 0.6289627002127606 0.00791249394987581 0.017733803218308662
18 0.2273402465821544 0.7060054374754119 0.00947499394987581 0.01784306386197034
18 0.22110388212077386 0.7087862300500588 0.00947499394987581 0.01784306386197034
18 0.18681069535249045 0.7252524642106171 0.00947499394987581 0.017843063861970432
18 0.14082602966144586 0.7472256531986382 0.00947499394987581 0.01784306386197034
18 0.43916756001026275 0.575520989937416 0.00947499394987581 0.017843063861970432
18 0.4312096142649889 0.5510672931557246 0.00791249394987581 0.017733803218308662
20 0.48140103268650786 0.71481308288038 0.014171584308955331 0.019733345792955603
20 0.4751646682251273 0.7175938754550268 0.014171584308955331 0.019733345792955603
20 0.22689533986810032 0.7638725677972428 0.014171584308955421 0.019733345792955603
20 0.31012547550491565 0.6955271233613399 0.014171584308955331 0.019733345792955603
14 0.606406619627742 0.9757127420311029 0.012590903590796287 0.01649908514929379
14 0.5845770714231401 0.9850548910423672 0.012590903590796287 0.01649908514929379
14 0.572885592500379 0.9905618458698303 0.01259090359079611 0.01649908514929397
14 0.549229923882468 0.9547007555247562 0.012581813231716588 0.014936585149293791
14 0.5429890142415477 0.9567002980994032 0.012581813231716588 0.014936585149293791
14 0.45021012002052546 0.7271545457536147 0.012581813231716588 0.01493658514929388
14 0.4531578580184729 0.6964672744662912 0.009456813231716588 0.014718063861970433
14 0.47784878580976586 0.6415941041677035 0.012581813231716588 0.01493658514929388
14 0.4404396894005621 0.6598413596155851 0.012581813231716588 0.01493658514929388
14 0.38197320442767674 0.6858136337529002 0.01259090359079611 0.01649908514929397
14 0.3469078580184729 0.7038969982352892 0.012581813231716588 0.01493658514929388
14 0.30871751160926914 0.7221988840050017 0.01258181323171641 0.01493658514929388
14 0.46521243042357163 0.6190306893169973 0.012581813231716588 0.01493658514929388
14 0.3841533279642436 0.6575247427874075 0.012581813231716588 0.01493658514929388
14 0.266461833916172 0.7134301713838684 0.01258181323171641 0.01493658514929388
14 0.19943341520006524 0.7454721290613231 0.012581813231716588 0.01493658514929388
14 0.4323090268327755 0.6057001628338938 0.012590903590796287 0.01649908514929388
14 0.35592833401436774 0.6423039343733188 0.012590903590796287 0.01649908514929388
14 0.28889991529826115 0.6743458920507733 0.012590903590796287 0.01649908514929397
14 0.2390180899662962 0.6981547326479489 0.012590903590796287 0.01649908514929388
14 0.20160444837755254 0.7156207380958305 0.012590903590796199 0.01649908514929388
13 0.4447686410977643 0.7322244580064308 0.014171584308955331 0.019733345792955603
13 0.447711833916172 0.7007559367191073 0.012590903590796287 0.01649908514929388
13 0.4214033430895542 0.6119337373395259 0.014171584308955331 0.019733345792955603
13 0.4477431292921034 0.5717950563972763 0.014171584308955331 0.019733345792955603
24 0.5858532251121321 0.9357268803987054 0.011001132513557365 0.011702324505631977
24 0.4123783219141194 0.6727455512014963 0.01258181323171641 0.01493658514929388
24 0.4022493429913583 0.6781432453852976 0.012581813231716588 0.01493658514929388
24 0.3344396742752515 0.710239833384583 0.01258181323171641 0.01493658514929388
24 0.2681879603796051 0.7414459107402068 0.012581813231716588 0.01493658514929388
24 0.16764305971567514 0.7891182222563887 0.012581813231716588 0.01493658514929388
24 0.487814138269094 0.6080714099839021 0.00945681323171641 0.014718063861970433
24 0.4815823189872532 0.6116334525585491 0.012581813231716588 0.01493658514929388
24 0.35921241529826115 0.6694291630859952 0.012581813231716588 0.01493658514929388
24 0.3451862767345796 0.6766625088789509 0.012581813231716588 0.01493658514929388
24 0.2454180808911099 0.7234989400733018 0.01258181323171641 0.01493658514929388
24 0.18306352663638376 0.7528693658197714 0.012581813231716588 0.01493658514929388
24 0.4806328973442803 0.58278183288038 0.01259090359079611 0.01649908514929388
24 0.4112652738077133 0.6157689315233272 0.012581813231716588 0.01493658514929388
24 0.367619812937129 0.6367969795458558 0.012590903590796287 0.01649908514929388
24 0.3247510568870048 0.6569891472465534 0.012590903590796287 0.01649908514929388
24 0.3037073038619427 0.667057915935987 0.012590903590796287 0.01649908514929388
24 0.17042717125018947 0.7303059509690653 0.012590903590796199 0.01649908514929388
24 0.14938341822512738 0.7403747196584987 0.012590903590796199 0.01649908514929388
24 0.4640948371376258 0.5612728196388282 0.012581813231716588 0.01493658514929388
24 0.42044937626704143 0.5823008676613568 0.012581813231716588 0.01493658514929388
24 0.3635499364736958 0.60894513115501 0.012581813231716588 0.01493658514929388
21 0.6037992492144331 0.9305641329965955 0.007894313231716587 0.014608803218308708
21 0.4703180869412341 0.6905779073860121 0.007885222872636887 0.013046303218308708
21 0.4069368429913583 0.6778154634543123 0.00791249394987581 0.017733803218308707
21 0.17857146935659554 0.7867908977507565 0.00947499394987581 0.01784306386197034
21 0.4722436804235716 0.6185390164205196 0.00947499394987581 0.017843063861970432
21 0.3606203791939076 0.6427574024423336 0.00791249394987581 0.017733803218308707
21 0.15485216822512737 0.7399923074056826 0.00947499394987581 0.017843063861970432
21 0.4210760901626879 0.5556837373395259 0.00791249394987581 0.017733803218308662
32 0.2619515959182245 0.7442267033148537 0.014153403590796287 0.016608345792955604
32 0.4348164032962085 0.6336612718684012 0.014153403590796287 0.016608345792955604
32 0.2781533128389331 0.7079232165564056 0.014153403590796287 0.016608345792955604
32 0.31851923760516404 0.6605511898212004 0.01258181323171641 0.01493658514929388
32 0.19147092427525156 0.7202371822796317 0.014153403590796199 0.016608345792955604
23 0.565625 0.99296875 0.0125 0.0140625
23 0.607682773316734 0.9263847313874412 0.011001132513557365 0.011702324505632156
23 0.5624793576256895 0.9483032900536316 0.011001132513557365 0.011702324505632156
23 0.4193959363755 0.6699101283050185 0.012581813231716588 0.01493658514929388
23 0.39601297852997774 0.6809240379599445 0.01258181323171641 0.01493658514929388
23 0.3617197917616942 0.6973902721205028 0.012581813231716588 0.01493658514929388
23 0.2736430748409856 0.7387197484873906 0.012581813231716588 0.01493658514929388
23 0.2331135236113216 0.7579667752225958 0.012581813231716588 0.01493658514929388
23 0.18868681274073723 0.7790494535669553 0.012581813231716588 0.01493658514929388
23 0.21830613504764013 0.7652547513373824 0.012581813231716588 0.01493658514929388
23 0.37714025868240286 0.6611414156838853 0.012581813231716588 0.01493658514929388
23 0.31634820442767675 0.6904025807866929 0.012581813231716588 0.01493658514929388
23 0.3007550206844554 0.6969639372233104 0.012581813231716588 0.01493658514929388
23 0.2594487646343312 0.7170468442803463 0.012581813231716588 0.01493658514929388
23 0.2126828489432866 0.7390746635901984 0.012581813231716588 0.01493658514929388
23 0.33878174063022615 0.6505370514535979 0.012581813231716588 0.01493658514929388
23 0.13535273448190602 0.7468268154514542 0.012581813231716588 0.01493658514929388
23 0.45318460821486467 0.5667251441444604 0.01258181323171641 0.01493658514929388
23 0.4352567648307229 0.5750128915465703 0.01258181323171641 0.01493658514929388
16 0.3889862737095175 0.6821969608564223 0.014171584308955331 0.019733345792955603
16 0.21205613504764012 0.7656917939120292 0.014171584308955421 0.019733345792955603
16 0.19413283684303817 0.7747607913141392 0.014171584308955331 0.019733345792955603
16 0.4745510689872532 0.6121251254550268 0.014171584308955331 0.019733345792955603
16 0.29372831586399517 0.6982368601197881 0.014171584308955331 0.019733345792955603
16 0.2048748941228264 0.740402216808507 0.014171584308955421 0.019733345792955603
16 0.29434139422102223 0.6692759797979573 0.014171584308955331 0.019733345792955603
16 0.12754477966144587 0.7481543686697629 0.014171584308955331 0.019733345792955603
16 0.4749959757013073 0.5542579951331961 0.011037493949875809 0.017952324505632156
17 0.6251202581914235 0.968151614307162 0.014171584308955331 0.019733345792955603
17 0.54609375 0.99765625 0.0140625 0.0046875
17 0.5328691256778662 0.9636604922832044 0.00945681323171641 0.014718063861970521
17 0.4586220628389331 0.6953036122134751 0.009456813231716588 0.014718063861970433
17 0.3939373941228264 0.7271816789254372 0.009456813231716588 0.014718063861970342
17 0.36041636699546337 0.7420307827641645 0.009456813231716588 0.014718063861970433
17 0.3266589905320302 0.7162548866028917 0.014171584308955331 0.019733345792955603
17 0.4270357195529872 0.6396763250867098 0.014171584308955331 0.019733345792955603
17 0.40754992134838536 0.6488545831324816 0.014171584308955331 0.019733345792955603
17 0.272711833916172 0.7129931288092216 0.014171584308955331 0.019733345792955603
17 0.22516921340466717 0.7358568284409046 0.014171584308955331 0.019733345792955603
17 0.16436352361132162 0.7627742435437121 0.014171584308955421 0.019733345792955603
17 0.4720664184215191 0.5880702664205195 0.011037493949875809 0.017952324505632156
17 0.3310010568870048 0.6565521046719065 0.014171584308955331 0.019733345792955603
17 0.17745842125018946 0.7298142780725875 0.014171584308955421 0.019733345792955603
17 0.4662840510332723 0.5345464286733356 0.011037493949875809 0.017952324505632132
10 0.6180980985505032 0.9702057872036398 0.012590903590796287 0.01649908514929379
10 0.5986032099868217 0.9778215452494117 0.01258181323171641 0.014936585149293791
10 0.56871572208707 0.9455224974789844 0.009456813231716588 0.014718063861970521
10 0.4338402314568439 0.7345517825120629 0.012581813231716588 0.01493658514929388
10 0.44901071350286303 0.6553341760754455 0.012581813231716588 0.01493658514929388
10 0.37029081586399515 0.6928830885803631 0.01258181323171641 0.01493658514929388
10 0.3196277405320302 0.7167465594993695 0.01258181323171641 0.01493658514929388
10 0.2518226169954634 0.749624397498655 0.012581813231716588 0.01493658514929388
10 0.2385686380727022 0.7552406129697797 0.009456813231716588 0.014718063861970342
10 0.18245499345889646 0.7826114961416023 0.012581813231716588 0.01493658514929388
10 0.4215669695529872 0.6400587373395259 0.01258181323171641 0.01493658514929388
10 0.4012999213483853 0.6492916257071284 0.012581813231716588 0.01493658514929388
10 0.3218033188890573 0.687676418533877 0.01258181323171641 0.01493658514929388
10 0.21813796340466718 0.7363485013373824 0.012581813231716588 0.01493658514929388
10 0.4268539123713949 0.6084263250867098 0.01259090359079611 0.01649908514929388
10 0.3496919695529872 0.6450847269479657 0.01258181323171641 0.01493658514929388
10 0.2764271863755 0.6799074772000673 0.01259090359079611 0.01649908514929388
10 0.21017547247985346 0.711113554555691 0.01259090359079611 0.01649908514929388
27 0.6118617340891226 0.9729865797782867 0.009456813231716588 0.014718063861970342
27 0.5892509358845206 0.982383359111382 0.009456813231716588 0.014718063861970521
27 0.407963532686508 0.7199483331324815 0.007876132513557366 0.011483803218308709
27 0.35652375253408286 0.7446476843733187 0.007876132513557366 0.011483803218308709
27 0.47239367134838534 0.6443202664205195 0.009456813231716588 0.014718063861970433
27 0.37808513514583597 0.6892117853620545 0.009456813231716588 0.014718063861970433
27 0.2432470477136226 0.7533503310387946 0.007885222872636887 0.013046303218308708
27 0.16218794525429456 0.7918443845092048 0.007885222872636977 0.013046303218308708
27 0.33427150263227867 0.681333583384583 0.009456813231716588 0.014718063861970433
27 0.3264771833504379 0.6850048866028917 0.009456813231716588 0.014718063861970342
27 0.18774193627730415 0.7509790838887861 0.007885222872636887 0.013046303218308708
27 0.39879709006449204 0.622111766672621 0.009456813231716588 0.014718063861970433
27 0.3450181050916067 0.6477562588789508 0.009456813231716588 0.014718063861970433
27 0.2335584303253758 0.7000996449007649 0.009456813231716588 0.014718063861970342
27 0.46954995159900637 0.5585466573860122 0.009456813231716588 0.01471806386197041
27 0.40953460216474047 0.5869719421669889 0.00945681323171641 0.014718063861970433
27 0.3588760720123153 0.6116166630859953 0.007885222872636887 0.013046303218308708
29 0.559375 0.9953125 0.009375 0.009375
29 0.5375475353187866 0.9617702103522193 0.00945681323171641 0.014718063861970521
29 0.4891908067888089 0.7103605296620713 0.009456813231716588 0.014718063861970433
29 0.4692823068870048 0.646882537707843 0.00789431323171641 0.014608803218308663
29 0.4451226442210222 0.6587323276845998 0.011037493949875809 0.017952324505632156
29 0.34146637909571176 0.7089669104881052 0.011037493949875809 0.017952324505632156
29 0.29080784894328665 0.7336116314071116 0.011037493949875809 0.017952324505632156
29 0.44261526775758914 0.6307712186500926 0.011037493949875809 0.017952324505632156
29 0.4161164002711465 0.6435661495923419 0.011037493949875809 0.017952324505632156
29 0.3638953701187213 0.6683201311550101 0.011037493949875809 0.017952324505632156
29 0.16046636397040123 0.7646098951528665 0.00947499394987581 0.017843063861970432
29 0.1565692043294809 0.7664455467620208 0.00947499394987581 0.017843063861970432
29 0.48687380698520066 0.580782290305733 0.011037493949875809 0.017952324505632156
29 0.4681692587805987 0.5899059180296738 0.011037493949875809 0.017952324505632156
29 0.4642675539601385 0.5909603196388282 0.011037493949875809 0.017952324505632156
29 0.39256527078265124 0.625673809247268 0.011037493949875809 0.017952324505632156
29 0.3722982225780493 0.6349066976148705 0.011037493949875809 0.017952324505632156
29 0.309948213502863 0.66505837336134 0.011037493949875809 0.017952324505632156
29 0.2826680960164204 0.6779079346254203 0.011037493949875809 0.017952324505632156
29 0.23122831586399517 0.7026072858662575 0.00947499394987581 0.01784306386197034
29 0.20628740319801273 0.7145117061648454 0.011037493949875809 0.017952324505632156
29 0.18368569535249044 0.7254709854979404 0.00947499394987581 0.01784306386197034
29 0.1603027375069681 0.7364848951528665 0.00947499394987581 0.017843063861970432
29 0.3565505027304745 0.6149055540514878 0.011037493949875809 0.017952324505632156
29 0.46003859621281207 0.5357647212479825 0.011037493949875809 0.017952324505632132
29 0.45614143657189177 0.5376003728571368 0.011037493949875809 0.017952324505632156
29 0.4273033642649889 0.551340444764879 0.011037493949875809 0.017952324505632156
25 0.55078125 0.99453125 0.0140625 0.0109375
25 0.39504992134838535 0.6497286682817753 0.014171584308955331 0.019733345792955603
25 0.3880368520665446 0.6533453411782532 0.014171584308955331 0.019733345792955603
25 0.15031465914994105 0.7661013393366678 0.014171584308955421 0.019733345792955603
25 0.4588033491396784 0.5921239818916442 0.014171584308955331 0.019733345792955603
25 0.3839760659621911 0.6270559927874075 0.014171584308955331 0.019733345792955603
25 0.44988234621281203 0.5364749154317838 0.011037493949875809 0.017952324505632156
28 0.5554617431643089 0.9511387129501093 0.007876132513557366 0.011483803218308709
28 0.5242844660369459 0.965823925823344 0.009456813231716588 0.014718063861970521
28 0.4648629724798535 0.6933040696388282 0.009456813231716588 0.014718063861970433
28 0.3993879634046672 0.723674266672621 0.009456813231716588 0.014718063861970342
28 0.4279669604778009 0.6654029447648789 0.012581813231716588 0.01493658514929388
28 0.2829998941228264 0.7349391846254203 0.012581813231716588 0.01493658514929388
28 0.2042754513044188 0.771706847130338 0.009456813231716588 0.014718063861970433
28 0.3716851442210222 0.6638675779367015 0.01258181323171641 0.01493658514929388
28 0.2882868369412341 0.7033067723726043 0.01258181323171641 0.014936585149293968
28 0.45335732503737736 0.5964126441444604 0.009456813231716588 0.014718063861970433
28 0.3785300418598901 0.6313446550402236 0.012590903590796287 0.01649908514929388
28 0.14314705376374678 0.7431555122331457 0.009456813231716588 0.014718063861970433
28 0.3495192527304745 0.6153972269479657 0.009456813231716588 0.014718063861970433
28 0.631356622652804 0.9653708217325152 0.014171584308955331 0.019733345792955603
12 0.5783407069617595 0.9878356836170141 0.01258181323171641 0.014936585149293791
12 0.5726083365484506 0.9429055958698302 0.011001132513557365 0.011702324505632156
12 0.48330390027114645 0.6388679419148874 0.01258181323171641 0.01493658514929388
12 0.4544658279642436 0.6526080138226295 0.012581813231716588 0.01493658514929388
12 0.35314422247985344 0.7011162056606423 0.012581813231716588 0.01493658514929388
12 0.23061069232742834 0.7307869161880884 0.012581813231716588 0.01493658514929388
12 0.24524990924813697 0.6945926900733019 0.01258181323171641 0.01493658514929388
12 0.21641183694123406 0.708332761981044 0.012590903590796199 0.01649908514929388
15 0.4638362827847038 0.6511711999606591 0.011037493949875809 0.017952324505632156
15 0.17311635489521496 0.7895170600035726 0.00947499394987581 0.017843063861970432
15 0.1939919362773041 0.7505420413141393 0.00947499394987581 0.017843063861970432
15 0.22421070140261462 0.7054427087627354 0.00947499394987581 0.017843063861970432
15 0.37292039129415605 0.6075083172930397 0.00791249394987581 0.017733803218308707
15 0.36901868647369584 0.608562718902194 0.011037493949875809 0.017952324505632156
22 0.176050457354543 0.7564860387162492 0.012581813231716588 0.01493658514929388
34 0.5991072040348933 0.9301106649275808 0.009456813231716588 0.014718063861970521
34 0.5913128847530525 0.9337819681458894 0.009456813231716588 0.014718063861970521
34 0.43366751463433123 0.7048642825120629 0.012590903590796287 0.01649908514929388
34 0.34984650565734066 0.6716472269479657 0.014171584308955331 0.019733345792955603
34 0.250859559813871 0.7184290278204859 0.014171584308955331 0.019733345792955603
34 0.42589540036934237 0.5780122054085407 0.014171584308955331 0.019733345792955603
34 0.41637040944452863 0.5528865192705111 0.014171584308955331 0.019733345792955624
30 0.5804026558302914 0.9392342926515216 0.007876132513557366 0.011483803218308709
30 0.4788800206844554 0.6845082238458725 0.007876132513557366 0.011483803218308709
30 0.40406637304558757 0.7217839847416359 0.007876132513557366 0.011483803218308709
30 0.4472845870394299 0.6273184367191073 0.009456813231716588 0.014718063861970433
30 0.3381686622731991 0.6794979317754286 0.01258181323171641 0.01493658514929388
30 0.23918171642972927 0.7262797326479489 0.009456813231716588 0.014718063861970342
30 0.16419080678880887 0.7330867435437123 0.012581813231716588 0.01493658514929388
30 0.40503345452587264 0.6193309740979741 0.01258181323171641 0.01493658514929388
30 0.4586397226762452 0.5639989818916442 0.009456813231716588 0.014718063861970433
30 0.4142130118056608 0.5850816602360037 0.009456813231716588 0.014718063861970433
24 0.6147094781371942 0.9251118084909633 0.01259090359079611 0.01649908514929379
28 0.4954271712501894 0.7075797370874243 0.014171584308955331 0.019733345792955603
34 0.4681288730455876 0.7173042983515047 0.014171584308955331 0.019733345792955603
22 0.45801352966144576 0.7250457425353061 0.015734084308955332 0.019842606436617328
25 0.48512547550491564 0.6832899312712256 0.012590903590796287 0.01649908514929388
11 0.4734339965821544 0.6887968860986886 0.00945681323171641 0.014718063861970433
11 0.439140809813871 0.7052631202592468 0.009456813231716588 0.014718063861970342
11 0.4358834787263694 0.5483957612247394 0.014171584308955331 0.019733345792955603
28 0.4266680808911099 0.7108247054085407 0.012590903590796287 0.01649908514929388
14 0.42043171642972926 0.7136054979831876 0.009456813231716588 0.014718063861970433
22 0.4141998971478886 0.7171675405578346 0.012590903590796287 0.01649908514929388
1 0.36899193627730414 0.738304849224025 0.011037493949875809 0.017952324505632156
28 0.505142538834828 0.631088292903623 0.014171584308955331 0.019733345792955603
28 0.4989107195529872 0.63465033547827 0.014171584308955331 0.019733345792955603
21 0.4934556050916067 0.6373764977310861 0.011037493949875809 0.017952324505632156
31 0.31339592125018945 0.7203086020740164 0.01258181323171641 0.01493658514929388
16 0.49483629791001427 0.6060172370874243 0.014171584308955331 0.019733345792955603
11 0.4535254966803503 0.6253188941444604 0.014171584308955331 0.019733345792955603
27 0.43933118647369584 0.603645989937416 0.014171584308955331 0.019733345792955603
28 0.2663027526322786 0.6860864213838684 0.014171584308955331 0.019733345792955603
28 0.26006638817089806 0.6888672139585155 0.014171584308955331 0.019733345792955603
21 0.2538300237095175 0.6916480065331625 0.014171584308955331 0.019733345792955603
28 0.40253516842151915 0.5929323650634667 0.014171584308955331 0.019733345792955603
14 0.3955220991396784 0.5965490379599445 0.014171584308955331 0.019733345792955603
24 0.38772777985783763 0.6002203411782532 0.014171584308955331 0.019733345792955603
14 0.376022665396457 0.6033835460057162 0.012581813231716588 0.01493658514929388
2 0.4086033612399268 0.5612453224888198 0.014171584308955331 0.019733345792955603
32 0.40002324677854617 0.5641900060289593 0.01886817466803503 0.02162362772394082
27 0.39144767749670545 0.5679159395690989 0.014171584308955331 0.019733345792955603
18 0.38600165339440445 0.5722046018219149 0.00947499394987581 0.017843063861970432
8 0.38132324375348414 0.5740948837529001 0.014171584308955331 0.019733345792955603
24 0.3735289244716434 0.5777661869712089 0.015734084308955332 0.019842606436617328
19 0.3688459696511831 0.578875218902194 0.009493174668035032 0.020968063861970386
24 0.15155094798476912 0.9786013393366677 0.011001132513557365 0.011702324505632156
24 0.10703125 0.996875 0.0109375 0.00625
24 0.14049527331673403 0.9590536638423 0.009456813231716588 0.014718063861970521
24 0.07721856849627384 0.9642599699106003 0.007876132513557366 0.011483803218308709
24 0.07744985177195698 0.8696740895887694 0.012581813231716588 0.014936585149293791
24 0.028221490532030224 0.7371236695422831 0.012581813231716543 0.01493658514929388
24 0.00406182786604774 0.74897345951904 0.007876132513557321 0.011483803218308709
24 0.022075508780598718 0.6210998317950992 0.011001132513557322 0.011702324505632156
20 0.11898336679907162 0.8886536825317334 0.009456813231716588 0.014718063861970521
20 0.10396235479701907 0.85922290864652 0.009456813231716588 0.014718063861970433
18 0.07815435460062732 0.9907678395887694 0.007885222872636887 0.013046303218308708
18 0.06015625 0.99609375 0.0078125 0.0078125
18 0.02189526424154773 0.9931387227605917 0.007885222872636932 0.013046303218308708
18 0.12365723126045221 0.8859821506007481 0.007894313231716587 0.014608803218308708
18 0.10707826443793947 0.8574418873591962 0.007885222872636977 0.013046303218308708
18 0.023207258486011108 0.8156310817950991 0.007885222872636977 0.013046303218308708
18 0.04616751463433122 0.7319609221401732 0.007885222872636887 0.013046303218308708
18 0.02535049970541241 0.6466625605077757 0.007894313231716587 0.014608803218308708
18 0.005392002828670384 0.5745908185535474 0.007885222872636977 0.013046303218308663
28 0.12349412567786619 0.992286780922579 0.009456813231716588 0.014718063861970521
28 0.06878844495970693 0.9929859034507398 0.007876132513557366 0.011483803218308709
28 0.05546875 0.99609375 0.0078125 0.0078125
28 0.009375 0.99375 0.009375 0.0125
28 0.022894161978611428 0.8961544621169301 0.007876132513557321 0.011483803218308709
28 0.01743450233769106 0.8980993743697461 0.007876132513557321 0.011483803218308709
28 0.04068967427525161 0.7307808343929892 0.009456813231716588 0.014718063861970342
28 0.018087966429729273 0.7417401137260844 0.009456813231716588 0.014718063861970433
28 0.020658454525872606 0.6462090924387609 0.007876132513557321 0.011483803218308664
29 0.12817708049832638 0.9911777489915938 0.009456813231716588 0.014718063861970521
29 0.16388732152133595 0.9496022541873739 0.009456813231716588 0.014718063861970521
29 0.05390625 0.99765625 0.0078125 0.0046875
29 0.12710948418731843 0.9420136293134247 0.007885222872636887 0.013046303218308708
29 0.12399357454639803 0.9437946506007482 0.007885222872636887 0.013046303218308708
29 0.08268731849627384 0.9638775576577843 0.007885222872636887 0.013046303218308708
29 0.04783507464459391 0.8842500418183423 0.009456813231716588 0.014718063861970521
29 0.040349306690613054 0.8066167147148201 0.007885222872636887 0.013046303218308708
29 0.055519788736632145 0.7273991082782028 0.007885222872636977 0.013046303218308708
29 0.00234375 0.753125 0.0046875 0.0125
29 0.013504484678297768 0.6256070153352388 0.007885222872636977 0.013046303218308708
27 0.13440435460062733 0.9868344564169469 0.006304542154477666 0.009812042574646896
27 0.1434657372123805 0.9322726425549763 0.006304542154477666 0.009812042574646896
27 0.003125 0.79921875 0.00625 0.0109375
27 0.016620394319218135 0.6238259940479153 0.00630454215447771 0.00981204257464694
27 0.008503367290050945 0.572028547266224 0.00630454215447771 0.00981204257464694
10 0.13128389978016716 0.9878342277042703 0.009456813231716588 0.014718063861970342
10 0.11477765583029136 0.9717939644627185 0.012581813231716588 0.014936585149293791
10 0.1023049269075302 0.9773555496120124 0.007876132513557366 0.011483803218308709
10 0.056174815471211746 0.9743287386000337 0.012581813231716588 0.014936585149293791
10 0.04604129136891082 0.9789451827838349 0.009456813231716588 0.014718063861970521
10 0.012760637876310477 0.9007709063007313 0.007876132513557321 0.011483803218308709
10 0.04502771633153344 0.8047264327838348 0.012581813231716588 0.01493658514929388
10 0.03021578258831208 0.8112331588986214 0.007876132513557278 0.011483803218308709
10 0.00546875 0.821875 0.0109375 0.015625
30 0.008826075037377378 0.6274972972662239 0.011001132513557322 0.011702324505632156
30 0.00078125 0.63125 0.0015625 0.0125
21 0.06171875 0.9953125 0.0078125 0.009375
21 0.10941746925839961 0.8564967463937038 0.007885222872636887 0.013046303218308708
21 0.027113508486011108 0.8153579301859448 0.007894313231716587 0.014608803218308708
21 0.026899364166792995 0.644209549864114 0.007885222872636977 0.013046303218308663
23 0.1453145835233885 0.9813821319113147 0.007876132513557366 0.011483803218308709
23 0.08593958352338849 0.9855340363704606 0.007876132513557366 0.011483803218308709
23 0.02889469798476907 0.9871782998641141 0.007876132513557366 0.011483803218308709
23 0.11330553854024039 0.8530985947845494 0.007876132513557366 0.011483803218308709
23 0.0525089391059745 0.8815785098873571 0.007876132513557366 0.011483803218308709
23 0.0015625 0.82421875 0.003125 0.0109375
23 0.011088532686507956 0.7477005366225622 0.009456813231716588 0.014718063861970433
23 0.03546584308955412 0.6389211163239745 0.007876132513557366 0.011483803218308709
14 0.15296800223949517 0.953492078693006 0.012581813231716588 0.014936585149293791
14 0.09061344798476907 0.9828625044394755 0.012581813231716588 0.014936585149293791
14 0.07346685460062732 0.9910956215197546 0.009456813231716588 0.014718063861970521
14 0.1473628968533009 0.930436990945822 0.007876132513557366 0.011483803218308709
14 0.13801062275099998 0.9349988048077925 0.009456813231716588 0.014718063861970342
14 0.03434981244614965 0.9844521376112979 0.009456813231716588 0.014718063861970521
14 0.01640625 0.9921875 0.0109375 0.015625
14 0.11351461679907163 0.8890360947845494 0.011001132513557365 0.011702324505631977
14 0.09849814997655892 0.8603865708993359 0.012581813231716588 0.014936585149293968
14 0.057187348746894885 0.8796882279563718 0.007876132513557366 0.011483803218308709
14 0.027572571619531815 0.8942641801859448 0.009456813231716588 0.014718063861970521
14 0.00390625 0.9046875 0.0078125 0.015625
14 0.019305553665550913 0.8166854834042535 0.009456813231716588 0.014718063861970433
14 0.03631124648395856 0.7842336163239745 0.012581813231716588 0.01493658514929388
14 0.02617772238165761 0.7888500605077757 0.011001132513557322 0.011702324505632156
14 0.007473174177055708 0.7979736882317165 0.009456813231716543 0.014718063861970433
14 0.021985126070649664 0.7399044621169301 0.012581813231716543 0.01493658514929388
22 0.0712180324901162 0.8732361321634162 0.011001132513557365 0.011702324505632156
22 0.06342371320827542 0.8769074353817249 0.011001132513557365 0.011702324505631977
22 0.01994135792027705 0.7916308530824226 0.011001132513557322 0.011702324505632156
16 0.1390645835233885 0.9818191744859617 0.012581813231716588 0.014936585149293791
16 0.09606401726660985 0.9793550921866594 0.014171584308955421 0.019733345792955603
16 0.03901458654845058 0.9802181056803126 0.012581813231716588 0.014936585149293791
16 0.007291887876310477 0.9011533185535473 0.009456813231716543 0.014718063861970342
16 0.03000163826909392 0.6400847785767905 0.011037493949875809 0.017952324505632156
16 0.003125 0.628125 0.00625 0.015625
12 0.15779640280522927 0.9773830467620208 0.014171584308955421 0.019733345792955603
34 0.1125 0.9953125 0.0125 0.009375
30 0.1015625 0.996875 0.009375 0.00625
13 0.11088958654845057 0.9751921160718731 0.011037493949875809 0.017952324505632156
13 0.05073333654845058 0.9793986508528498 0.009456813231716588 0.014718063861970342
13 0.034476035711570055 0.7374678769676362 0.012581813231716588 0.01493658514929388
17 0.1592134570599554 0.9522737861183591 0.009456813231716588 0.014718063861970521
29 0.14518277331673404 0.9587258819113147 0.012581813231716588 0.014936585149293791
25 0.13347765885535345 0.9618890867387778 0.012581813231716588 0.014936585149293791
5 0.12959413475305254 0.9660684883479321 0.012581813231716588 0.014936585149293791
0 0.12413902029167194 0.9687946506007481 0.014171584308955421 0.019733345792955603
12 0.08126117388246809 0.9874243183014458 0.009456813231716588 0.014718063861970342
17 0.1536128968533009 0.9299999483711752 0.012581813231716588 0.014936585149293791
17 0.13179243900777865 0.9409045973824395 0.009456813231716588 0.014718063861970521
25 0.11773902936685827 0.9434504431753951 0.009456813231716588 0.014718063861970521
32 0.10371743598271657 0.9514650389683507 0.011001132513557365 0.011702324505632156
32 0.09592311670087579 0.9551363421866593 0.011001132513557365 0.011702324505632156
32 0.08891004741903501 0.9587530150831372 0.011001132513557365 0.011702324505631977
5 0.06787992993259233 0.9711655337725705 0.014171584308955421 0.019733345792955603
0 0.06164356547121175 0.9739463263472175 0.014171584308955421 0.019733345792955603
12 0.02421628834384868 0.9890685817950992 0.011001132513557322 0.011702324505632156
12 0.0046875 0.99609375 0.009375 0.0078125
1 0.13457200536275318 0.8813110760951159 0.007894313231716587 0.014608803218308708
21 0.1267776860809124 0.8849823793134247 0.009456813231716588 0.014718063861970521
30 0.11955099336070063 0.8518803022099025 0.012581813231716588 0.01493658514929388
12 0.08447655659241718 0.8684011666922915 0.014171584308955421 0.019733345792955603
22 0.034594731260452205 0.892210007289467 0.012581813231716588 0.014936585149293791
23 0.05126862597245383 0.802726890209188 0.012581813231716588 0.01493658514929388
17 0.03489873740877227 0.8101241269676361 0.009456813231716588 0.014718063861970342
31 0.011511234383710179 0.8203567866225623 0.012590903590796199 0.01649908514929388
13 0.04255215612487895 0.7822340737493275 0.012590903590796199 0.01649908514929388
12 0.03163283684303817 0.7861238982549597 0.007876132513557366 0.011483803218308709
11 0.013714083817976074 0.7959741456570696 0.009456813231716588 0.014718063861970433
17 0.05084592427525161 0.730070640209188 0.009456813231716588 0.014718063861970433
14 0.0409255027304745 0.6369762040711583 0.009456813231716588 0.014718063861970433
17 0.015207885244031827 0.6497165046915769 0.009456813231716588 0.014718063861970433
30 0.0046875 0.6546875 0.009375 0.015625
28 0.0015625 0.65703125 0.003125 0.0140625
25 0.027544258780598695 0.6207174195422831 0.009456813231716588 0.014718063861970387
25 0.012395981751431506 0.5694116456570696 0.012590903590796199 0.01649908514929388
31 0.00234375 0.57421875 0.0046875 0.0109375
12 0.006036897442476108 0.5510986882317166 0.011001132513557322 0.011702324505632156
12 1 0.6938805374999999 0.975082040625 0.7684815515625 0.9094070796875 0.842599028125 0.828652721875 0.8809629765625001 0.7341285140625 0.8657843609375 0.6890625 0.8029007937499999 0.6890625 0.9790667187500001 0.7176203828125 0.99379528125 0.8061128312499999 0.9946724906250001 0.9486135109375 0.9355581890625 1 0.8964533578125 1 0.6938805374999999