32 0.2 0.25 0.4 0.5
25 0.9770238353866952 0.2473189603305971 0.024310519237293705 0.026913186364518005
25 0.8015203822988031 0.3747749253238083 0.024310519237293705 0.026913186364518005
25 0.942720757256394 0.22426422654145456 0.024310519237293705 0.026913186364518005
25 0.824928111247411 0.3089106803247781 0.025927582939624473 0.028603232122152544
25 0.8251141058051153 0.1803870675976817 0.024310519237293705 0.02691318636451805
25 0.7225372320286507 0.25459022895735056 0.024310519237293705 0.026913186364518005
25 0.8141716274046618 0.04550188456714353 0.025218254809323427 0.008290732122152566
25 0.6383135102516191 0.16280159956035473 0.025927582939624473 0.028603232122152544
25 0.45581352349846294 0.246061154401845 0.022638891832631992 0.023660640606883554
14 0.9451191040758348 0.4714102935109164 0.019459328130301046 0.021843049091614476
14 0.9 0.49609375 0.01875 0.0078125
14 0.9649603450053421 0.2587985942695208 0.022638891832631992 0.023660640606883554
14 0.9300049916472976 0.28399004184392646 0.020967264427970277 0.020408094849248926
14 0.7885937963639538 0.3838470363839147 0.020967264427970277 0.020408094849248926
14 0.75447425670824 0.41066475683713766 0.020967264427970277 0.020408094849248926
14 0.9557291887447399 0.2175358654813481 0.020967264427970277 0.020408094849248926
14 0.8135913071637269 0.31889158714251903 0.019459328130301046 0.021843049091614476
14 0.7786359538056823 0.3440830347169247 0.020967264427970277 0.020408094849248926
14 0.9229886106144388 0.19460867744984015 0.021021828130301047 0.02197059484924897
14 0.8051959646054556 0.27925513123316364 0.022638891832631992 0.023660640606883464
14 0.7527629345683886 0.3170423025947722 0.022638891832631992 0.023660640606883554
14 0.5528869640573013 0.4604262854658308 0.019459328130301136 0.021843049091614476
14 0.503125 0.4921875 0.01875 0.015625
14 0.8440650024470708 0.20997884381047882 0.019459328130301046 0.021843049091614476
14 0.7847916953681618 0.25266080926273193 0.022638891832631812 0.023660640606883464
14 0.7331671971822604 0.2912930035031578 0.020967264427970277 0.020408094849248926
14 0.6290005415546303 0.36458736910519207 0.019459328130301046 0.021843049091614476
14 0.6008854652384277 0.3848840225889532 0.019459328130301046 0.021843049091614476
14 0.4679043288480913 0.4807550187959313 0.019459328130301046 0.021843049091614476
14 0.86319445916316 0.15545071153854506 0.022638891832631812 0.023660640606883464
14 0.7120089597961321 0.2654161586539088 0.022638891832631992 0.023660640606883554
14 0.6276637308475242 0.3263061191051921 0.022638891832631992 0.023660640606883464
14 0.5736954826616228 0.3647469947091661 0.019459328130301136 0.021843049091614476
14 0.5288566978152325 0.39692189485894736 0.021021828130301134 0.021970594849248924
14 0.4665402362898199 0.4416925187959313 0.022638891832631992 0.023660640606883377
14 0.8018626003628198 0.04995026850606725 0.02247520072563951 0.018973140606883508
14 0.7653174651536097 0.07423292032283842 0.022638891832631992 0.02366064060688351
14 0.626976706167935 0.1727825063780957 0.01778770072563942 0.01859050333397989
14 0.5912673846610559 0.19869143107368412 0.01778770072563942 0.018590503333979845
14 0.6937425655164293 0.07695956547164978 0.022638891832631992 0.023660640606883488
14 0.6504935625212045 0.11004326137906553 0.020967264427970277 0.02040809484924897
14 0.5957713461864685 0.14920161410422225 0.01778770072563942 0.01859050333397989
14 0.6909251003628197 0.040894519714015254 0.01935020072563951 0.018718049091614432
14 0.5684995180561673 0.12672083622443514 0.020967264427970277 0.02040809484924897
14 0.40859375 0.2421875 0.0171875 0.021875
23 0.9528150090704927 0.26793447820844446 0.020967264427970277 0.020408094849248926
23 0.7787922104291043 0.3931742389592902 0.01778770072563951 0.018590503333979935
23 0.910136435749515 0.25042824275231207 0.020967264427970277 0.020408094849248926
23 0.802254503080043 0.32887249396026 0.020967264427970277 0.020408094849248926
23 0.9108432746795894 0.20374456138876385 0.01778770072563951 0.018590503333979845
23 0.6190278300292176 0.41363077592293307 0.01778770072563942 0.018590503333980025
23 0.5414955962712865 0.4688446922835718 0.01778770072563942 0.018590503333980025
23 0.5637227711362103 0.41379040152690705 0.01778770072563942 0.018590503333980025
23 0.49076890997361733 0.4662619551604494 0.01778770072563942 0.018590503333979845
23 0.7993973431912436 0.20243753971789458 0.01778770072563951 0.018590503333979935
23 0.5850868504476378 0.35632858789142513 0.019459328130301136 0.021843049091614476
23 0.48630709926651133 0.4277256136451803 0.01778770072563942 0.018590503333979845
23 0.7911706370233086 0.056088698202625506 0.022638891832631992 0.023660640606883488
23 0.6156126202330856 0.18198216319583665 0.022638891832631992 0.023660640606883464
23 0.6071081502701524 0.13922070728648125 0.019459328130301136 0.02184304909161443
23 0.48939734981466554 0.2262109110698048 0.01778770072563942 0.018590503333979845
23 0.6566418696001135 0.0630247401672382 0.01778770072563951 0.01859050333397989
23 0.6217137980932342 0.0889974377416439 0.022638891832631992 0.023660640606883488
23 0.5115153972749276 0.16803162031314006 0.020967264427970277 0.02040809484924897
12 0.9406423912844778 0.27628911214736823 0.020967264427970277 0.020408094849248926
12 0.7666468744942548 0.40231012289821394 0.020967264427970277 0.020408094849248926
12 0.7908085715916972 0.33572840077800103 0.01778770072563951 0.018590503333979845
12 0.7490550920101172 0.2777884839583204 0.022638891832631992 0.023660640606883554
12 0.7006175920101172 0.27383456547164975 0.020967264427970277 0.020408094849248926
12 0.67096729754508 0.2947849231977763 0.022638891832631992 0.023660640606883464
12 0.7782440510884591 0.06516080926273196 0.022638891832631992 0.02366064060688351
12 0.6042212524470707 0.19040057001357766 0.022638891832631992 0.023660640606883464
27 0.9178596557124481 0.2931259257828502 0.016170637023308565 0.016900457576345305
27 0.8920064838427493 0.31127014790306307 0.01778770072563951 0.018590503333979845
27 0.7445908252198943 0.4176482094125132 0.016170637023308565 0.016900457576345396
27 0.729402334838541 0.42887275183616785 0.01622520072563951 0.018462957576345217
27 0.7687525223173366 0.3510664872923003 0.016170637023308565 0.016900457576345396
27 0.7535640319359834 0.36229102971595495 0.016170637023308565 0.016900457576345396
27 0.7900347560752679 0.29126092365681827 0.017842264427970277 0.020153003333979846
27 0.6532292152384277 0.3891568054697101 0.016170637023308565 0.016900457576345305
27 0.5134078018062492 0.4899225957673329 0.016225200725639422 0.018462957576345397
27 0.7118378342055689 0.3051323628962742 0.01622520072563951 0.018462957576345397
27 0.6487674045313216 0.3506204639544411 0.01622520072563951 0.018462957576345397
27 0.5105357729503088 0.45229505000969833 0.016170637023308565 0.016900457576345396
27 0.8427009098887993 0.17091634381047885 0.016170637023308565 0.01690045757634535
27 0.755434033665264 0.08121637289821393 0.017842264427970277 0.02015300333397989
27 0.7296081436467305 0.10014184501842682 0.017842264427970277 0.02015300333397989
27 0.5821652031727101 0.20573865652787687 0.014553573320977708 0.015210411818710768
27 0.566976712791357 0.21696319895153157 0.016170637023308565 0.016900457576345396
27 0.44757443756361354 0.2555159027348551 0.014553573320977708 0.015210411818710768
27 0.5586433684189871 0.13448553879981068 0.017842264427970277 0.02015300333397989
27 0.47200895317271013 0.19674668061464215 0.016225200725639422 0.018462957576345397
34 0.8797520205032381 0.31728103184198686 0.025927582939624473 0.028603232122152634
34 0.7178745577966991 0.4333849086539088 0.024310519237293705 0.026913186364518005
34 0.9259697668750408 0.2353612232074747 0.024310519237293705 0.026913186364518005
34 0.7428447867453069 0.3676482094125132 0.024310519237293705 0.026913186364518005
34 0.8729960450980094 0.14612350896316956 0.025927582939624473 0.02860323212215259
34 0.7173263984560541 0.10537147895735055 0.025927582939624473 0.028603232122152544
34 0.5554762176006804 0.22225660576927253 0.02592758293962456 0.028603232122152544
34 0.6444146881117676 0.06981687410616191 0.025927582939624473 0.028603232122152565
34 0.41790429573098153 0.23128130621861615 0.024310519237293705 0.026913186364518005
28 0.8129935956383143 0.3687002685060673 0.019459328130301046 0.021843049091614476
28 0.8371552927357566 0.30211854638585434 0.01778770072563951 0.018590503333979845
28 0.7641543023544035 0.3086238957770312 0.01778770072563951 0.018590503333979845
28 0.7071701815731638 0.3499346798657361 0.022638891832631812 0.023660640606883464
28 0.6396379411918106 0.35688643940863385 0.019459328130301046 0.021843049091614476
28 0.5910838793035783 0.3942112251643287 0.019459328130301046 0.021843049091614386
28 0.45625 0.48828125 0.021875 0.0234375
28 0.7347916953681619 0.24857934501842688 0.019459328130301046 0.021843049091614476
28 0.6147371449126748 0.3353782301652985 0.01778770072563942 0.018590503333979845
28 0.5615501467267734 0.3738828786480898 0.019459328130301046 0.021843049091614386
28 0.6505679735911303 0.156790715621431 0.019459328130301046 0.02184304909161443
28 0.7067237151536097 0.06944995441154334 0.01778770072563951 0.01859050333397989
28 0.6375124128840242 0.11755287243917198 0.019459328130301223 0.021843049091614386
28 0.5851339465492882 0.1569025438007805 0.019459328130301136 0.02184304909161443
28 0.5409945661494016 0.18679746682937898 0.019459328130301136 0.021843049091614386
28 0.6810143870233085 0.04709672228939077 0.019459328130301046 0.02184304909161443
15 0.737078425582714 0.4256042306243405 0.021130955534962935 0.025095594849248927
15 0.7635838726801563 0.3592138271405794 0.021130955534962935 0.025095594849248927
15 0.581138449629331 0.44403588198206967 0.02107639183263199 0.023533094849248926
15 0.6878001334799295 0.2860316765317562 0.02107639183263199 0.023533094849248926
15 0.5762153035355299 0.21382222349733873 0.021130955534962848 0.025095594849248927
15 0.752534722958158 0.042807577140579395 0.020694445916316084 0.01259559484924896
15 0.42939735643808746 0.2703916036432406 0.02107639183263199 0.023533094849248926
24 0.9648859670525262 0.4574433883601653 0.019459328130301046 0.021843049091614476
24 0.8721106460938012 0.27692709881144867 0.020967264427970277 0.020408094849248926
24 0.8751612350238755 0.2304347360843523 0.022638891832631992 0.023660640606883554
24 0.6433730656012474 0.3969215080450857 0.019459328130301046 0.021843049091614476
24 0.5893775355641806 0.43458113364905965 0.01778770072563942 0.018590503333980025
24 0.6890278167823738 0.3211879265317562 0.019459328130301046 0.021843049091614476
24 0.6723313901033514 0.3338474231977763 0.022638891832631992 0.023660640606883464
24 0.531728726671173 0.4345494406165818 0.019459328130301136 0.021843049091614476
24 0.5964782182336525 0.3479101810736841 0.01778770072563942 0.018590503333979845
24 0.4285417284852716 0.4689726248550679 0.019459328130301136 0.021843049091614476
24 0.7165525829396245 0.06090400183616782 0.022638891832631992 0.02366064060688351
24 0.6192807680561673 0.13086607334755757 0.022638891832631992 0.023660640606883464
24 0.4392535060752678 0.2626269010678651 0.01778770072563942 0.018590503333979845
24 0.6095684621583848 0.09813332168056761 0.022638891832631992 0.02366064060688351
24 0.49403772059590534 0.18062734410034292 0.022638891832631992 0.023660640606883464
13 0.6085268396478645 0.42523795561949135 0.024310519237293705 0.02691318636451818
13 0.7429886304847046 0.3271507551701477 0.025927582939624473 0.028603232122152544
13 0.797827408707673 0.2467136982026255 0.025927582939624473 0.028603232122152634
18 0.920882962791357 0.24585231305575378 0.017896828130301044 0.021715503333979848
18 0.7734201749497418 0.3062641703228384 0.01622520072563951 0.018462957576345397
18 0.7728100505403048 0.2664841932016556 0.017896828130301044 0.021715503333979848
18 0.4991444051642939 0.4607134568274393 0.017896828130301135 0.021715503333979848
18 0.7698561761308682 0.2265128974440211 0.017896828130301044 0.021715503333979848
18 0.6931051923729369 0.28179058668347706 0.017896828130301044 0.021715503333979848
18 0.681713824586922 0.2902089935012181 0.017896828130301044 0.021715503333979848
18 0.6414261304847046 0.3188602809239029 0.017896828130301225 0.021715503333979848
18 0.40625 0.4890625 0.0125 0.021875
18 0.6650372121583847 0.1026611960765936 0.017896828130301044 0.02171550333397989
18 0.5176215535355299 0.20903925758604372 0.017896828130301135 0.021715503333979848
18 0.4970188768565075 0.22137988985797746 0.017896828130301135 0.021715503333979848
18 0.4217758293962455 0.275222624855068 0.017896828130301135 0.021715503333979848
18 0.6658531784931208 0.059102514713045416 0.017896828130301044 0.02171550333397989
10 0.7816865427357567 0.29759067198982836 0.022638891832631992 0.023660640606883554
10 0.7231399219545169 0.33877391032089876 0.022638891832631812 0.023660640606883464
10 0.6790551052569611 0.3702313333494972 0.022638891832631992 0.023660640606883554
10 0.8083556809401916 0.23588776850606727 0.019459328130301046 0.021843049091614476
10 0.7201860475450801 0.29880261456326423 0.019459328130301046 0.021843049091614476
10 0.5735243570710596 0.4044631989515315 0.019459328130301136 0.021843049091614476
24 0.4390625 0.49609375 0.021875 0.0078125
10 0.8518303732283105 0.16465036835628605 0.01778770072563951 0.018590503333979845
10 0.8084722428284238 0.19460906426370178 0.022638891832631992 0.02366064060688351
10 0.49538199890369167 0.41989713819098745 0.022638891832631992 0.023660640606883377
10 0.5516319657865819 0.17909653713282073 0.024310519237293705 0.026913186364518005
10 0.4078125 0.2828125 0.015625 0.021875
10 0.5851959447351897 0.11406133955841505 0.019459328130301136 0.02184304909161443
10 0.5229067650609425 0.1596132134953991 0.022638891832631992 0.023660640606883464
10 0.40390625 0.24921875 0.0078125 0.0265625
17 0.8889509165122214 0.22377014790306307 0.024310519237293705 0.026913186364518005
17 0.8403150090704926 0.258751183658758 0.024310519237293705 0.026913186364518005
17 0.754667685749515 0.2377374398676758 0.024310519237293705 0.026913186364518005
17 0.4134623655085802 0.48332216727872257 0.024310519237293705 0.026913186364518005
17 0.7295610144279703 0.054175640776061365 0.024310519237293705 0.02691318636451805
17 0.5267237350238755 0.2019920321318509 0.02592758293962456 0.028603232122152544
17 0.5367237284004537 0.15372987531410992 0.024310519237293705 0.026913186364518005
17 0.43791669536816186 0.22434565106786514 0.024310519237293705 0.026913186364518005
29 0.9550570992665113 0.46598934093554084 0.019459328130301046 0.021843049091614476
29 0.883556577582147 0.27007119199370766 0.019459328130301046 0.021843049091614476
29 0.8980258161494016 0.2159416724488703 0.019459328130301046 0.021843049091614476
29 0.5332565103364371 0.4782994406165818 0.017896828130301044 0.021715503333980025
29 0.7658879279449666 0.2690352372923003 0.019459328130301046 0.021843049091614476
29 0.6990203756753812 0.31732947395638067 0.017896828130301044 0.021715503333979848
29 0.4484375 0.49296875 0.01875 0.0140625
29 0.7629886172378606 0.23062644153466572 0.019459328130301046 0.021843049091614476
29 0.6071974634243291 0.3425530013771259 0.017896828130301135 0.021715503333979848
29 0.47725948148049646 0.43633533909937305 0.019459328130301136 0.021843049091614476
29 0.403125 0.490625 0.00625 0.01875
29 0.7401984140651505 0.046474711079503114 0.021021828130301047 0.02197059484924897
29 0.6299727313956784 0.12472764365099931 0.017896828130301044 0.02171550333397989
29 0.5099181809401916 0.211526528797871 0.017896828130301135 0.021715503333979848
29 0.5046131220471841 0.21576761864615018 0.019459328130301136 0.021843049091614476
29 0.4164707705032381 0.2794637147033471 0.017896828130301135 0.021715503333979848
29 0.6719394873861283 0.05492519774358355 0.019459328130301046 0.02184304909161443
29 0.5777108269491749 0.12279861077024237 0.019459328130301136 0.02184304909161443
29 0.5457986280376339 0.14590139985991712 0.019459328130301136 0.02184304909161443
29 0.44774556315417674 0.21579969849248962 0.017896828130301135 0.021715503333979848
11 0.403125 0.29453125 0.00625 0.0265625
21 0.6724182140573014 0.4701835359248728 0.01627976442797028 0.020025457576345218
21 0.6715972693221117 0.37974985456132454 0.017896828130301044 0.021715503333979848
21 0.6678001467267733 0.38255599016723824 0.017896828130301044 0.021715503333979848
21 0.7431597560752679 0.28743455092778225 0.014717264427970278 0.019897911818710767
21 0.6231052056197809 0.374233436074654 0.01627976442797028 0.020025457576345395
21 0.8200273017214312 0.19087815744596082 0.017896828130301044 0.021715503333979848
21 0.6368750397405318 0.3223838936509993 0.017896828130301135 0.021715503333979848
29 0.44001494182478285 0.46289796803732697 0.017896828130301135 0.021715503333979848
21 0.5116096557124481 0.259964028797871 0.01627976442797028 0.020025457576345395
21 0.6588963395630465 0.10527601304605547 0.017896828130301044 0.02171550333397989
21 0.5959970354793624 0.1110479098618568 0.017896828130301135 0.02171550333397989
32 0.9125 0.48984375 0.028125 0.0203125
32 0.8196850505403048 0.27031056593069175 0.027435519237293704 0.027168277879787085
32 0.8569643065307547 0.2001254827503724 0.027435519237293704 0.027168277879787085
32 0.7788765120657175 0.21712192198982833 0.027435519237293704 0.027168277879787085
32 0.5425372518989166 0.3871323066776581 0.027435519237293704 0.027168277879787085
32 0.5106250529873757 0.41023509576733286 0.02581845553496285 0.02547823212215263
32 0.5660664880191004 0.1685894718303488 0.027435519237293704 0.027168277879787085
30 0.9762773348385412 0.44902498154242443 0.022638891832631992 0.023660640606883554
30 0.8622073672378608 0.23872559714445876 0.020967264427970277 0.020408094849248926
30 0.6319816978152325 0.4053399148628266 0.019459328130301136 0.021843049091614476
30 0.521728733294595 0.4828115974343229 0.019459328130301046 0.021843049091614476
30 0.6594048041685021 0.3429195342578828 0.019459328130301046 0.021843049091614386
30 0.5195561088851581 0.44290407455550557 0.019459328130301136 0.021843049091614476
30 0.5175868372007939 0.2526617118284092 0.01778770072563942 0.018590503333979845
30 0.4834276028098904 0.18910952379690119 0.019459328130301136 0.02184304909161443
22 0.6927356593406451 0.36044174516820804 0.025818455534962936 0.025478232122152545
22 0.8235987350238755 0.2262257260824126 0.025818455534962936 0.02547823212215263
22 0.6512004345683886 0.3087518283485274 0.025818455534962936 0.02547823212215263
22 0.6732217343909034 0.09164394774358356 0.027435519237293704 0.027168277879787105
13 0.5531944989036917 0.4246163312234653 0.02592758293962456 0.028603232122152634
13 0.4552579959084667 0.4532359256136723 0.024310519237293705 0.026913186364518005
13 0.7048784729581581 0.03891743153272607 0.025381945916316085 0.012978232122152567
26 0.98671875 0.43984375 0.0265625 0.0328125
29 0.92890625 0.48671875 0.0265625 0.0265625
28 0.9890625 0.2390625 0.021875 0.028125
15 0.9026984471822604 0.30513171820650486 0.024310519237293705 0.026913186364518005
19 0.6930208907363237 0.4578429036529389 0.024310519237293705 0.02691318636451818
30 0.6807664273968126 0.4638537875918627 0.01778770072563951 0.018590503333979845
1 0.6602728781224518 0.47931941986379645 0.02107639183263199 0.023533094849248926
3 0.6484375 0.48671875 0.025 0.0265625
2 0.625 0.49609375 0.025 0.0078125
27 0.9694915883819201 0.21009002730005893 0.025927582939624473 0.028603232122152634
21 0.9368527031727101 0.2346915435109164 0.017896828130301044 0.021715503333979848
16 0.8971007224100038 0.2563753538124185 0.025927582939624473 0.028603232122152544
14 0.9474429735911303 0.1810244095719927 0.025927582939624473 0.028603232122152544
31 0.9351612284004537 0.1862540435109164 0.01778770072563951 0.01859050333397989
31 0.5658681136944816 0.45291667440572436 0.019459328130301136 0.021843049091614476
31 0.48088547848527163 0.47324540773582485 0.017787700725639333 0.018590503333980025
31 0.613866614875608 0.37737441152884676 0.01778770072563942 0.018590503333979845
16 0.8491716538983496 0.24467270820456516 0.025927582939624473 0.028603232122152544
2 0.9262301725026709 0.15358506472274375 0.025927582939624473 0.028603232122152544
0 0.9133035865678216 0.1626571757828502 0.025927582939624473 0.028603232122152544
1 0.9034474369306412 0.1704218783582257 0.021130955534962935 0.02509559484924897
5 0.8912748191446264 0.17877651229714944 0.025927582939624473 0.02860323212215259
1 0.9089236214142119 0.12646458426758114 0.019459328130301046 0.02184304909161443
0 0.896751003628197 0.13481921820650483 0.025927582939624473 0.028603232122152544
1 0.8352678666048885 0.11421993365875796 0.017842264427970277 0.02015300333397989
2 0.4689906244942549 0.37801265606883494 0.022638891832631992 0.023660640606883554
2 0.4591071930059091 0.38499610864421047 0.022638891832631992 0.023660640606883554
15 0.7410813569862417 0.09406718820068585 0.024310519237293705 0.02691318636451805
19 0.5313219549868087 0.24443462364711993 0.024310519237293705 0.026913186364518005
1 0.49865578792643317 0.26825488985797746 0.02107639183263199 0.023533094849248926
3 0.4872644201404183 0.2766732966757185 0.025927582939624473 0.028603232122152634
2 0.4637004345683886 0.29344633743238313 0.024310519237293705 0.026913186364518005
2 0.4394370445498552 0.3124993553102306 0.024310519237293705 0.026913186364518005
0 0.45077384863353914 0.3025184484924896 0.02592758293962456 0.028603232122152634
0 0.42570192676384033 0.32072644349151974 0.02592758293962456 0.028603232122152544
16 0.4755803864751543 0.23209424925109395 0.024310519237293705 0.026913186364518005
5 0.45765627649368784 0.20959749591711407 0.024310519237293705 0.026913186364518005
32 0.2 0.75 0.4 0.5
0 0.94140625 0.9203125 0.1171875 0.159375
5 0.6842882091631599 0.6587031283582256 0.2904514183263197 0.24183578213185086
6 0.53828125 0.72734375 0.2765625 0.3265625
7 0.46484375 0.84765625 0.1296875 0.3046875