17 0.296875 0.21484375 0.484375 0.4296875
35 0.76953125 0.21484375 0.4609375 0.4296875
15 0.28125 0.68359375 0.515625 0.5078125
28 0.61328125 0.46640625 0.1484375 0.0734375
23 0.871875 0.4890625 0.24375 0.11875
24 0.95546875 0.54375 0.0890625 0.16875
29 0.7581495003812496 0.5318226665298166 0.21457425911805572 0.17346867728066223
30 0.8953125 0.63828125 0.209375 0.1796875
31 0.97890625 0.73359375 0.0421875 0.1640625
34 0.6587099319926384 0.6677286024352926 0.15810605357097227 0.15950203000581897
35 0.8150125237482634 0.779111996835198 0.25599934612402786 0.21115986697916006