7 0.275 0.2 0.55 0.4
3 0.775 0.2 0.45 0.4
2 0.315625 0.6571811582318212 0.03125 0.02856509099298634
2 0.28828125 0.6132413911129581 0.0328125 0.030227720542635693
2 0.26875 0.5815210217423417 0.03125 0.02856509099298634
0 0.30625 0.6417366309339253 0.028125 0.026802331893687813
0 0.27890625 0.5977968638150621 0.028125 0.026802331893687813
0 0.259375 0.5668577444444457 0.03125 0.02856509099298634
6 0.16640625 0.577306286240311 0.0296875 0.02846496144333699
1 0.3875 0.5297558675156899 0.0265625 0.023577202344038463
30 0.775 0.7 0.45 0.6