33 0.3 0.26484375 0.6 0.5296875
6 0.7890625 0.4765625 0.209375 0.10625
7 0.7438474747771767 0.3888325366660411 0.1969670013526354 0.14673344889756965
8 0.6921875 0.26875 0.184375 0.15625
9 0.66328125 0.14609375 0.1265625 0.1484375
0 0.63671875 0.05 0.0734375 0.1
1 0.0703125 0.9703125 0.140625 0.059375
2 0.046875 0.90390625 0.09375 0.1921875
5 0.4578125 0.95078125 0.253125 0.0984375
6 0.35546875 0.89140625 0.2609375 0.2171875
7 0.3195970740372255 0.739490419359201 0.26664424936345305 0.22802112290951415
15 0.8 0.76484375 0.4 0.4703125