6 0.28515625 0.259375 0.5703125 0.51875
12 0.99296875 0.434375 0.0140625 0.01875
12 0.7698132893956793 0.506465864960426 0.016608345792955604 0.014608137023308565
12 0.8285437971893493 0.4547421630536602 0.019951867080279052 0.017842264427970277
12 0.7732553636492099 0.4442386834720803 0.019951867080279052 0.017842264427970277
12 0.7434968078330111 0.4533309412766286 0.019951867080279052 0.017842264427970277
12 0.9826143021330278 0.3510145062449038 0.019842606436617415 0.01627976442797028
12 0.8740587569604908 0.35891379708174387 0.019951867080278872 0.017842264427970277
12 0.6774404830752774 0.3668552387368907 0.019951867080279052 0.017842264427970277
12 0.878730559422495 0.1470958433608796 0.019842606436617415 0.01627976442797028
12 0.6530528522492434 0.21870791541591292 0.019842606436617415 0.01627976442797028
12 0.7949129342964442 0.10753978083967511 0.019842606436617415 0.01627976442797028
12 0.8086422985267318 0.06983144971414909 0.019842606436617415 0.01627976442797028
29 0.9848812784999159 0.43915934698907666 0.013592606436617416 0.01606150961864685
29 0.759375 0.51015625 0.0125 0.0171875
29 0.9003423875344232 0.4338691570632104 0.011920845792955959 0.014444445916316084
29 0.8187699594421656 0.45985624898850974 0.01370186708027905 0.017624009618646852
29 0.7619190259020259 0.4492982057045989 0.011920845792955603 0.014444445916316084
29 0.9445351479259836 0.36371291368663244 0.011920845792955603 0.014444445916316084
29 0.8088597278794973 0.4072942441791863 0.011920845792955603 0.014444445916316084
29 0.7798824220632985 0.4164137838348999 0.011920845792955603 0.014444445916316084
29 0.8842153709386767 0.24782252965854873 0.011920845792955959 0.014444445916315996
29 0.7088982966851463 0.3040477038905003 0.011920845792955603 0.014444445916316084
29 0.8665583413534801 0.15134683374223273 0.013592606436617416 0.01606150961864685
29 0.6416618841802286 0.2229861876484315 0.011920845792955603 0.014444445916315907
29 0.7827407162274295 0.11179077122102825 0.013592606436617416 0.01606150961864685
29 0.7218742720436281 0.09953381868129033 0.011920845792955603 0.014444445916315996
18 0.9757794301090703 0.4427382147750915 0.010467606436617417 0.01595238221398514
18 0.8568544674879371 0.4806697459932848 0.010467606436617417 0.01595238221398514
18 0.7515625 0.51171875 0.009375 0.0140625
18 0.9431090417414676 0.42133444072847437 0.010467606436617417 0.01595238221398514
18 0.8104493610513197 0.46346239862568994 0.010467606436617417 0.01595238221398514
18 0.6990637468210323 0.49776049835553754 0.010467606436617417 0.01595238221398514
18 0.8157270869140048 0.4051960308396751 0.010467606436617417 0.01595238221398514
18 0.7425845178562541 0.429139473127794 0.010467606436617417 0.01595238221398514
18 0.6731843078330111 0.45087557467174005 0.010467606436617417 0.01595238221398514
18 0.9123018021330278 0.3485591396400153 0.010467606436617417 0.01595238221398514
18 0.809482804730918 0.32704374898850963 0.010467606436617417 0.01595238221398514
18 0.8582377429626344 0.15495298337941305 0.010467606436617417 0.01595238221398514
18 0.7385315303415013 0.19285723274644084 0.010467606436617417 0.01595238221398514
18 0.7745293784802454 0.11695942085820854 0.010467606436617417 0.01595238221398514
18 0.6547139052154506 0.15330117022523634 0.010467606436617417 0.01595238221398514
18 0.8194705378830699 0.06865089563046509 0.010467606436617417 0.01595238221398514
18 0.7395098862739156 0.061961896811591456 0.010467606436617417 0.01595238221398514
31 0.9650058210745629 0.4447000188587755 0.019842606436617415 0.01627976442797028
31 0.740625 0.51328125 0.015625 0.0109375
31 0.8011289913731506 0.4639162664117048 0.019842606436617415 0.01627976442797028
31 0.8198465043626009 0.3749455356489985 0.016608345792955604 0.014608137023308565
31 0.7170275069604909 0.35343014499749287 0.016608345792955604 0.014608137023308565
31 0.8466282536062962 0.15610625561193164 0.019842606436617415 0.01627976442797028
31 0.7628106284802454 0.11655019309072712 0.02307686708027905 0.01795139183263199
14 0.9504352226837172 0.4480879136866324 0.01995186708027923 0.017842264427970277
14 0.72734375 0.51484375 0.0171875 0.0078125
14 0.9863837943393576 0.40492075624490387 0.019842606436617415 0.01627976442797028
14 0.7881755233041359 0.4681399749418926 0.016717606436617415 0.016170637023308565
14 0.9752606240407701 0.3795933740309187 0.016608345792955958 0.014608137023308565
14 0.9303141107992182 0.3943899948121584 0.016608345792955604 0.014608137023308565
14 0.7877167013963937 0.4392882886442234 0.019842606436617415 0.01627976442797028
14 0.7530849752816072 0.42327141904411 0.019842606436617415 0.01627976442797028
14 0.7165136907527321 0.43524314018816945 0.016608345792955604 0.014608137023308565
14 0.9723270121562709 0.32649565588208407 0.019842606436617415 0.01627976442797028
14 0.9312321185928883 0.340647435919151 0.019842606436617415 0.01627976442797028
14 0.9022548127766896 0.3497669755748648 0.019951867080278872 0.017842264427970277
14 0.8603240388914761 0.3631102237607662 0.016608345792955604 0.014608137023308565
14 0.8336358527534464 0.3715303589699762 0.016608345792955604 0.014608137023308565
14 0.806111786293586 0.37914196232802083 0.019951867080279052 0.017842264427970277
14 0.6637057650062627 0.37105166541591295 0.016717606436617415 0.016170637023308565
14 0.731680232823176 0.2954911594254631 0.019842606436617415 0.01627976442797028
14 0.8328935355372813 0.16030268229095396 0.019951867080279052 0.017842264427970277
18 0.634375 0.225 0.009375 0.015625
14 0.7499664210548923 0.12233640162091483 0.019842606436617415 0.01627976442797028
14 0.7614066656070108 0.08532747494189255 0.019951867080279052 0.017842264427970277
14 0.7385154688253195 0.09232151940692974 0.019842606436617415 0.01627976442797028
14 0.6760372481584146 0.11274065761136462 0.016608345792955604 0.014608137023308565
14 0.6760318943196874 0.07922875316486092 0.016608345792955604 0.014608137023308565
10 0.9184421775111801 0.4586608259376844 0.019951867080278872 0.017842264427970277
10 0.8658470552351212 0.47552837820726995 0.019951867080278872 0.017842264427970277
10 0.756909097809768 0.47795891904411 0.016608345792955604 0.014608137023308565
10 0.7081109648900471 0.4934003805695227 0.016608345792955604 0.014608137023308387
10 0.7297620897639963 0.4575273679556509 0.016608345792955604 0.014608137023308565
10 0.682231525902026 0.4465154568857252 0.016608345792955604 0.014608137023308565
10 0.6494026004076581 0.45627983728561183 0.016717606436617415 0.016170637023308565
10 0.7803962382710574 0.33460078864422343 0.016717606436617415 0.016170637023308565
10 0.7460594430985206 0.3450918553417791 0.015155106436617416 0.01611607332097762
10 0.705691169213307 0.35848966723001147 0.01995186708027923 0.017842264427970277
10 0.8956063390076917 0.24354425742603017 0.019951867080278872 0.017842264427970277
10 0.8009004903647444 0.17087559454200596 0.019842606436617415 0.01627976442797028
10 0.7482507377668544 0.18696189681159145 0.016608345792955604 0.014608137023308565
10 0.7179187455605246 0.1321280638719669 0.016608345792955604 0.014608137023308565
10 0.6653236232844654 0.14899561614155235 0.016608345792955604 0.014608137023308565
10 0.6638596762506725 0.08347974354621406 0.016608345792955604 0.014608137023308565
22 0.9001292200858272 0.46425606150971416 0.026201867080279228 0.018060519237293703
22 0.739377390384415 0.48358143646730517 0.02620186708027905 0.018060519237293703
22 0.9147765921097847 0.3728051714911807 0.026201867080278874 0.018060519237293703
22 0.8545328607992182 0.3917436552491119 0.023076867080278875 0.01795139183263199
22 0.6989273530055481 0.44008440761136464 0.026201867080279228 0.018060519237293703
22 0.8299209908689476 0.31840535896997624 0.02307686708027923 0.01795139183263199
22 0.7834234132612222 0.1772793619652011 0.026201867080279228 0.018060519237293703
22 0.6996057881351715 0.1377232994439966 0.02620186708027905 0.018060519237293703
25 0.8801991323386431 0.469015483379413 0.0217328883676025 0.021021828130301047
25 0.971031945948512 0.4082813692215953 0.01693612772394104 0.019295637023308564
25 0.7209551723154002 0.4876141720393349 0.018498627723940685 0.01935020072563951
25 0.8508669114196369 0.41733393229095395 0.018498627723940685 0.01935020072563951
25 0.8005609088217469 0.4335020801140357 0.018498627723940685 0.01935020072563933
25 0.9440763260182414 0.3348612273889632 0.0217328883676025 0.021021828130301047
25 0.7627120755140384 0.18201150198373456 0.01995186708027923 0.017842264427970277
25 0.6781132003879875 0.14242815761136463 0.0217328883676025 0.021021828130301134
16 0.8436278478097681 0.4809872045234725 0.0217328883676025 0.021021828130301047
16 0.9176555736724529 0.4251216396400153 0.0217328883676025 0.021021828130301047
16 0.6858371271428632 0.4980779568857253 0.0217328883676025 0.021021828130301047
16 0.7260315303415014 0.19242072312779404 0.0217328883676025 0.021021828130301134
16 0.6430497855372814 0.15367319245775493 0.0217328883676025 0.021021828130301047
23 0.8292757707062458 0.4875000993513294 0.019842606436617415 0.01627976442797028
23 0.9330074220632986 0.4217610266633239 0.016608345792955604 0.014608137023308565
23 0.672266300039341 0.5046181335647475 0.016608345792955604 0.014608137023308565
23 0.7168086216949815 0.4617510764858386 0.014936585149293791 0.01299107332097762
23 0.6474084116717383 0.48348717802978464 0.016608345792955604 0.014608137023308565
23 0.8885200947076749 0.35396340225388706 0.016608345792955604 0.014608137023308565
23 0.7666615202020427 0.33879721532324575 0.016608345792955604 0.014608137023308565
23 0.6911752011442922 0.3626588120578684 0.016608345792955604 0.014608137023308565
23 0.7454149508921907 0.29129473274644085 0.015045845792955603 0.01455357332097762
23 0.71251533355981 0.19974214980681632 0.019842606436617415 0.01627976442797028
23 0.63359375 0.16015625 0.0078125 0.0171875
23 0.6615212800893998 0.11690980243922149 0.016608345792955604 0.014608137023308565
21 0.96214861884499 0.41498523700761014 0.010467606436617417 0.01595238221398514
21 0.6384704542463853 0.4894097958157995 0.010467606436617417 0.01595238221398514
21 0.6678794487985037 0.45302835171358213 0.010467606436617417 0.01595238221398514
21 0.8444640921097848 0.3703498048862922 0.008905106436617415 0.015897818511654192
21 0.7979004485464021 0.38431061196520117 0.007342606436617416 0.015843254809323425
21 0.8256112772394083 0.06730665043978848 0.010467606436617417 0.01595238221398514
20 0.7966339714232096 0.07642619009550225 0.016936127723940687 0.019295637023308564
17 0.7669835843161147 0.4214187423650877 0.016936127723940687 0.019295637023308564
17 0.9102315677203681 0.2409376125981733 0.018498627723941043 0.01935020072563942
17 0.7760865246415182 0.08350208011403568 0.016936127723940864 0.019295637023308564
17 0.8119258356534969 0.03877242267230709 0.015155106436617416 0.016116073320977708
17 0.7478851149865922 0.05913699717441112 0.018498627723940862 0.01935020072563942
17 0.7005948517450403 0.07385177240215461 0.016936127723940864 0.019295637023308564
27 0.9409784591900638 0.3908656907284744 0.01181158514929379 0.012881945916316084
27 0.8692891294886517 0.41330119671892424 0.01337408514929379 0.012936509618646851
27 0.8395852039942838 0.4231747045234725 0.01181158514929379 0.012881945916316084
27 0.8697754485464021 0.3868205422724206 0.01181158514929379 0.012881945916316084
27 0.735607898178085 0.4296751864673052 0.01181158514929379 0.012881945916316084
27 0.9190052702020427 0.3441171763005041 0.01181158514929379 0.012881945916316084
27 0.7499610672161652 0.08882449717441113 0.01181158514929379 0.012881945916315996
27 0.6874774927105329 0.07573173093234234 0.01181158514929379 0.012881945916315996
24 0.8880609088217468 0.43655764744456366 0.016608345792955604 0.014608137023308565
24 0.9531506772590786 0.38661470034712125 0.019842606436617415 0.01627976442797028
24 0.8959773156266813 0.40488106150971415 0.019842606436617415 0.01627976442797028
24 0.8289208556034382 0.4266990086071565 0.016608345792955604 0.014608137023308565
24 0.6802373371661062 0.4737227976298981 0.01649908514929379 0.013045637023308566
24 0.63359375 0.4890625 0.0078125 0.015625
24 0.9323082995351377 0.36718265406798556 0.019842606436617415 0.01627976442797028
24 0.8820022969372477 0.3833508018910673 0.019842606436617415 0.01627976442797028
24 0.8482339482943007 0.3128101233979465 0.019842606436617415 0.01627976442797028
24 0.8506051954443089 0.25755962820726996 0.019842606436617415 0.01627976442797028
24 0.817830900271772 0.2681052586071565 0.016608345792955604 0.014608137023308565
24 0.7667982779957129 0.28502737457907285 0.019842606436617415 0.01627976442797028
24 0.7088115433309516 0.10219502721147804 0.019842606436617415 0.01627976442797028
24 0.7973006069408204 0.04137906750016396 0.019842606436617415 0.01627976442797028
30 0.8822425975576664 0.40907748818873646 0.016608345792955604 0.014608137023308565
30 0.968152964385844 0.3559649010727607 0.016608345792955604 0.014608137023308565
30 0.802588312524588 0.2730283715838479 0.016608345792955604 0.014608137023308565
15 0.964760166615417 0.3854614281146027 0.013701867080278873 0.017624009618646852
15 0.8943384059717552 0.38144356150971426 0.015264367080278873 0.01767857332097762
32 0.6642134994189224 0.47861862875542405 0.026311127723940685 0.019623019237293704
32 0.8286259246611886 0.40019107230948736 0.02307686708027923 0.01795139183263199
32 0.7804955191936365 0.04624761677452453 0.02307686708027905 0.01795139183263199
28 0.8151861375344233 0.4308954352861788 0.015045845792955603 0.01455357332097762
28 0.9536369963168292 0.3601340459006176 0.016608345792955604 0.014608137023308565
28 0.8002170653745797 0.32827886677452456 0.015045845792955603 0.01455357332097762
28 0.6882094662274294 0.10848966723001148 0.016717606436617415 0.016170637023308565
28 0.7286816469175774 0.06314245089527545 0.015155106436617416 0.01611607332097762
34 0.9096027730520344 0.39912213483069187 0.0217328883676025 0.021021828130301047
34 0.829167238018956 0.26304573637463796 0.016936127723940687 0.019295637023308564
12 0.9337940259020259 0.45530021296099293 0.0248578883676025 0.021130955534962935
10 0.785110507464694 0.5023240019837345 0.0217328883676025 0.021021828130301047
12 0.7140625 0.51640625 0.025 0.0046875
27 0.99453125 0.4015625 0.0109375 0.021875
34 0.95042986884499 0.41457600924012866 0.016717606436617415 0.016170637023308565
10 0.8439502759020259 0.4521628000769688 0.0248578883676025 0.021130955534962935
12 0.7722609462006137 0.47459830606741865 0.0217328883676025 0.021021828130301047
11 0.98984375 0.37578125 0.0203125 0.0203125
13 0.6964250658787827 0.47117071650437214 0.0217328883676025 0.021021828130301047
17 0.7982500098104826 0.4115997982628702 0.0217328883676025 0.021021828130301047
13 0.63828125 0.46171875 0.0171875 0.0203125
11 0.634375 0.3828125 0.009375 0.021875
13 0.7324339856731674 0.3508507820208015 0.018498627723940685 0.01935020072563951
13 0.6493536879027404 0.3775645602437699 0.0217328883676025 0.021021828130301047
13 0.8660116741569854 0.25498026523057843 0.0217328883676025 0.021021828130301047
13 0.7822047567083894 0.2824480116023814 0.0217328883676025 0.021021828130301047
33 0.9594281744090871 0.33150061441227185 0.016608345792955604 0.014608137023308565
33 0.7187267647541611 0.29971486795565083 0.015045845792955603 0.01455357332097762
11 0.9511897034900807 0.2805556733052793 0.0217328883676025 0.021021828130301047
18 0.9406346157428966 0.2856424773889633 0.010467606436617417 0.01595238221398514
23 0.9291343870302203 0.28835824962148193 0.0217328883676025 0.021021828130301047
16 0.910876059926698 0.2947347351935116 0.0248578883676025 0.021130955534962935
24 0.891781852501345 0.3003026889143759 0.0248578883676025 0.021130955534962758
29 0.8612966770069772 0.31014891486775886 0.0217328883676025 0.021021828130301047
32 0.9277632751457212 0.23531509517497814 0.029763909654926125 0.024419646641955416
10 0.8932465274915098 0.14292669853302273 0.0248578883676025 0.021130955534962848
12 0.8170882190774209 0.16832351341647994 0.0248578883676025 0.021130955534962848
12 0.837838125630254 0.06383691005843532 0.0217328883676025 0.021021828130301047
12 0.7340518439513702 0.12879473274644085 0.0217328883676025 0.021021828130301047
10 0.6684047006400891 0.21534730243922148 0.019951867080279052 0.017842264427970277
10 0.8102101523654589 0.10339791786298366 0.02307686708027923 0.01795139183263199
13 0.6480050833077085 0.12423122911824377 0.018498627723940685 0.01935020072563942
29 0.6328125 0.13046875 0.00625 0.0203125
28 0.8271684234006809 0.033849309695615636 0.0217328883676025 0.021021828130301134
29 0.7607839527337761 0.054132038644223404 0.011920845792955603 0.014444445916315996
29 0.7127124394922243 0.06881953202080146 0.013592606436617416 0.01606150961864685
13 0.6502342188253195 0.08923867022523635 0.0217328883676025 0.021021828130301134
3 0.3453985253978228 0.864868642002268 0.03318384059717552 0.05103671034428636
3 0.45 0.54296875 0.034375 0.0484375
27 0.81484375 0.759375 0.3703125 0.48125