25 0.285737440625 0 0.24448396562500002 0.0441964125 0.22213055312500002 0.1501162453125 0.2695571046875 0.36343766093749996 0 0.432393109375 0 0.509375 0.025485476562499998 0.509375 0.6496339296875 0.3497114828125 0.6792254 0.3671920859375 0.6874097406249999 0.39849898437500003 0.6890625 0.3980761921875 0.6890625 0.28629094843749997 0.614696965625 0.0246433671875 0.591251403125 0 0.285737440625 0
12 0.9472738125 0 0.9184713828125 0.011933498437499999 0.836935028125 0.08289212968750001 0.806030675 0.12419831249999999 0.7853567453125 0.20463811718749997 0.8242323578124999 0.35334587968750003 0.8599620828125 0.3943066546875 0.9664180578125 0.450575471875 1 0.45357396406249995 1 0.3487302015625 0.98095373125 0.3466554953125 0.8942254046875 0.3020404125 0.868359503125 0.266906503125 0.861488046875 0.176812821875 0.9076612781250001 0.09820017187499999 0.991243715625 0.035068265625 0.9755706125 0 0.9472738125 0
12 0.44609375 0.72109375 0.3703125 0.4234375
10 0.23671875 0.625 0.3859375 0.23125
18 0.25078125 0.84375 0.4484375 0.3125
20 0.5421875 0.90546875 0.29375 0.1890625
11 0.5390625 0.54765625 0.26875 0.0765625
14 0.59140625 0.74375 0.1953125 0.46875
9 0.8989831361757126 0.8915386977362173 0.05366522054263569 0.03581567363517095
2 0.9069155521225565 0.9051916740586939 0.05366522054263569 0.03581567363517095
9 0.7406385124861594 0.9658469949500896 0.04242733189368782 0.030491136803468065
1 0.7476394841085293 0.9772017239034023 0.04555233189368781 0.030673147326811902