2 0.259375 0.275 0.51875 0.55
34 0.759375 0.275 0.48125 0.55
23 0.10859375 0.66796875 0.2171875 0.2203125
31 0.04296875 0.871875 0.0859375 0.184375
18 0.14347794032540354 0.7928867786056727 0.20776821337743775 0.188360894391219
34 0.24689215345073973 0.6932353386461524 0.16852004307885 0.16139560266810493
13 0.4010387040711584 0.6754380862713032 0.20453395273377611 0.1866346200809595
30 0.08828125 0.93046875 0.1765625 0.1390625
15 0.20901582299302285 0.8872785877416411 0.20318997402109956 0.18967773292582973
21 0.378759876463433 0.8146267390302653 0.19337793144645268 0.18293640999505117
29 0.33218017138386846 0.8976539229968917 0.20631497402109958 0.18984150723608922
24 0.23671875 0.971875 0.2015625 0.05625
14 0.4234375 0.90390625 0.190625 0.1921875
28 0.759375 0.775 0.48125 0.45