35 0.22265625 0.28984375 0.4140625 0.5796875
27 0.44526043615406613 0.5576841932111911 0.02002407366340595 0.02198408430895533
16 0.4375 0.55234375 0.015625 0.0328125
23 0.5860835862528881 0.4529234494577071 0.061725726251889414 0.06752384328594588
30 0.6178796178229192 0.46211664227611465 0.053276189420186526 0.05654089149054773
29 0.6399744257013096 0.4791814224285398 0.04867969468185827 0.058076120413308986
28 0.6655659599021766 0.489192226683266 0.051713689420186525 0.05653180113146803
28 0.7652635810618035 0.37607408226585193 0.05318518415851479 0.05497839149054791
28 0.6520586547957965 0.32437120258096497 0.06199874203690499 0.07221134328594588
14 0.6829824311041557 0.33200644057891243 0.05318518415851479 0.05497839149054773
14 0.7103639784592024 0.34591440447455896 0.04996917889684287 0.05339771077238851
13 0.7342943021226083 0.36765759426790456 0.05694722099021767 0.06593407220870695
15 0.7182234391378379 0.18565816052468315 0.05364021046687402 0.06279089149054773
27 0.7435874601845253 0.1917627147794093 0.04344616311182729 0.048673849336070066
30 0.7668807470162282 0.2025684045727548 0.048315673635170954 0.05182612041330899
30 0.9160987679923285 0.28219629635789023 0.04996917889684305 0.05339771077238851
18 0.7835978101562905 0.22122750098195865 0.04233868942018652 0.05647725897699045
29 0.800277075941306 0.22581955221162264 0.04702618942018653 0.056504530054229285
23 0.8820044890531331 0.273797989078102 0.06337923151356133 0.06909543364502539
29 0.9373668232398827 0.2984843716898551 0.04867969468185862 0.058076120413308986
14 0.81015625 0.003125 0.0234375 0.00625
14 0.9740268471291678 0.08257302537884721 0.023149073663405774 0.022002265027114644
11 0.9321732760965977 0.061715624714917275 0.026547089448421345 0.026707945745273954
30 0.9458185471432852 0.06788835666274048 0.019933068401734033 0.02042158430895542
15 0.9556485734516442 0.07564631450826279 0.01855257892507751 0.02353749394987581
15 0.962907336605824 0.07951165789240452 0.01855257892507751 0.02353749394987581
27 0.9861096181758551 0.08875484768575008 0.018279563140062294 0.01884999394987581
26 0.2390625 0.8109375 0.38125 0.378125
28 0.71484375 0.78984375 0.5703125 0.4203125