10 0.1296875 0.26484375 0.259375 0.5296875
11 0.41328125 0.0734375 0.3078125 0.146875
23 0.6394689695117008 0.23600437723502568 0.47936803020395863 0.4054861744015875
18 0.39375 0.3375 0.26875 0.384375
19 0.77109375 0.4359375 0.3421875 0.1875
12 0.484375 0.45 0.415625 0.159375
13 0.09296875 0.76484375 0.1859375 0.4703125
1 0.6089820357161105 0.7109498466498045 0.18107338772715303 0.26704863466105594
2 0.7296875 0.65546875 0.2125 0.2515625
3 0.8640625 0.62578125 0.215625 0.1921875
4 0.93984375 0.60859375 0.1203125 0.1578125
5 0.29453125 0.6046875 0.0703125 0.15
6 0.36015625 0.56953125 0.2015625 0.0796875