11 0.2890625 0.459375 0.2890625 0.2262649453125 0.1860978828125 0.17265460625 0.09173140468749999 0.08394510625 0 0.056764475 0 0.35809980937499997 0.07379172187500001 0.459375 0.2890625 0.459375
4 0.80390625 0.415625 0.1546875 0.0875
6 0.726068976348366 0.34402354627041715 0.15735619665368966 0.14483303327818292
8 0.6492107045995361 0.24216676583160784 0.17042919961943923 0.1591137215897856
2 0.5655121838392894 0.1451202163180752 0.16555069863085592 0.15434440097293473
5 0.4859375 0.0625 0.165625 0.125
11 0 0.459375 0 0.59832224375 0.0484126953125 0.71288700625 0.2410302765625 0.9807924578125 0.28158712812500003 0.96815315 0.28341496718750003 0.9458248874999999 0.20024448125 0.8582887843750001 0.2150961578125 0.8148056546875001 0.2890625 0.739360953125 0.2890625 0.5694879 0.2860413359375 0.56889298125 0.0942996 0.459375 0 0.459375
16 0.3765625 0.578125 0.175 0.2375
27 0.4934926038012333 0.7700793060096497 0.27032572334543536 0.27327740746575646
35 0.69765625 0.91640625 0.2828125 0.1671875
22 0.7374070884781941 0.693113836855496 0.2865873933073793 0.2891751428552599
32 0.48046875 0.48203125 0.2921875 0.0453125