14 0.0983645453125 0 0.09127555468750001 0.038369567187499995 0.11930051875 0.21719350624999997 0.1797624140625 0.32642966093750003 0.2945662296875 0.4181601125 0.42603057031249997 0.44306582499999997 0.6065837625 0.40345571874999997 0.6390625 0.3803556359375 0.6390625 0.267692315625 0.6030903203125 0.30021893125 0.526834809375 0.3375392453125 0.44707725312499996 0.34351948125 0.39712149218750004 0.3283035734375 0.3173725390625 0.26238709843749997 0.2569106421875 0.1531509484375 0.237640790625 0.052677210937499996 0.5384159984375 0 0.0983645453125 0
19 0.8921875 0.1984375 0.215625 0.396875
0 0.15961343285945856 0.7743451640944015 0.01739657825883123 0.037139367080279054
2 0.14556002321853817 0.776891009887357 0.01739657825883114 0.03713936708027923
2 0.09402933947531684 0.7859653611281944 0.015815897540671964 0.03390510643661741
1 0.17289013767991873 0.7726351986232768 0.01583407825883123 0.037030106436617416
5 0.012829336450254736 0.8002406645986045 0.01585225897699045 0.04015510643661742
1 0.0015625 0.80234375 0.003125 0.0359375
1 0.08153842983439645 0.7884019462774882 0.01583407825883123 0.037030106436617416
7 0.18537650214129933 0.7694173634739828 0.01583407825883123 0.037030106436617416
2 0.2573520169720222 0.9160085041873739 0.019049981849627428 0.052873627723940685
6 0.22455315251064167 0.9206467277042704 0.019013620413308896 0.046623627723940866
2 0.020778712717296123 0.9575614917021268 0.018995439695149673 0.043498627723940864
9 0.24173610733110182 0.9186636106239913 0.022174981849627427 0.053092149011264314
3 0.0527917819991369 0.9521966485070612 0.01903180113146812 0.04974862772394086
5 0.036399167537756315 0.9556876352655095 0.019013620413308896 0.046623627723940866
15 0.81953125 0.725 0.3609375 0.55