23 0.26953125 0.18984375 0.5390625 0.3796875
11 0.9647322979462839 0.05584166498652641 0.054462006920082295 0.037460335249814666
15 0.9890625 0.209375 0.021875 0.028125
18 0.9697845538777831 0.08430841757842455 0.047639003954332716 0.022851031102777686
16 0.99296875 0.24453125 0.0140625 0.0421875
21 0.9669951349044222 0.07316586602328572 0.04594916996194378 0.019589330066018464
18 0.9921875 0.22421875 0.015625 0.0203125
12 0.9680774738397269 0.09972836602328568 0.038582338935304605 0.029843324882222168
10 0.9728750617864484 0.12194511861518383 0.04489600593149916 0.03195262902925915
28 0.98125 0.165625 0.0375 0.03125
23 0.9796875 0.14296875 0.040625 0.0328125
30 0.9498739604938541 0.035080105655693125 0.04027217292769336 0.03310502591898139
25 0.93828125 0.01484375 0.0546875 0.0296875
18 0.841083892318796 0.09718098152740628 0.039762836958138335 0.02060502591898139
21 0.8673200815581119 0.20612604604203585 0.037945668973360824 0.014218324882222078
18 0.8627771615961679 0.19015929345013766 0.03807300296574958 0.017343324882222077
18 0.9136578651699399 0.368986922479397 0.04126166996194378 0.019179226955740702
21 0.831344136387297 0.06830412582523042 0.039762836958138335 0.02060502591898139
21 0.8654710800752371 0.19895809500527664 0.04113433596955503 0.016054226955740703
21 0.9040772767289267 0.34401631677722105 0.03807300296574958 0.017343324882222077
11 0.8176517095052709 0.018841368049535935 0.04170733893530461 0.030116726955740702
11 0.8929832678316781 0.3010086105566655 0.03995383794672147 0.025292525918981568
17 0.8747797544858052 0.23636035018907292 0.041580004942915846 0.026991726955740702
14 0.8184475469577007 0.03837261804953598 0.035521005931499164 0.03113242280870363
23 0.8410029792769343 0.11430013100902667 0.030706171939110405 0.02759731969842587
10 0.9045547792003846 0.35573506677722105 0.03364017095052709 0.023183221771944318
22 0.8078125 0.00546875 0.034375 0.0109375
14 0.8929341882879136 0.31890901003828576 0.03370383794672147 0.02474572177194432
27 0.8975089417479548 0.335657012630184 0.02876166996194378 0.01808561866166656
23 0.909375 0.3765625 0.03125 0.00625
27 0.8239308844101305 0.05831397115981374 0.03364017095052709 0.023183221771944408
32 0.8567035751323212 0.17483708982148033 0.03564833992388792 0.03425742280870363
12 0.8662987510257644 0.21927059500527663 0.03370383794672147 0.02474572177194432
10 0.830418306349241 0.08379242478847115 0.038582338935304605 0.029843324882222168
22 0.8819038463868594 0.2774638038177303 0.037338173916276675 0.037519123845462944
10 0.8770425914439436 0.2536845512258322 0.03370383794672147 0.02474572177194432
15 0.7518967169196447 0.04811947346888799 0.039762836958138335 0.02060502591898139
18 0.7546224688968111 0.057699525024026824 0.03807300296574958 0.017343324882222167
11 0.8073030944096932 0.2615955045716657 0.041580004942915846 0.026991726955740702
13 0.7730488167293643 0.12781653539161936 0.044768671939110403 0.02882762902925915
18 0.7932923325466951 0.2043202467959712 0.039762836958138335 0.02060502591898139
29 0.7898171640676259 0.19545309472245273 0.03995383794672147 0.02529252591898139
29 0.8274511097327324 0.3357554659760174 0.03663783695813834 0.020331623845462943
29 0.8295547792003847 0.3491734170127767 0.039762836958138335 0.02060502591898139
27 0.8142043518240669 0.297230208200323 0.03188666996194378 0.018359020735185184
23 0.7443879644481868 0.0357855688034713 0.03370383794672147 0.024745721771944406
30 0.7784512411399325 0.16487703798351755 0.03845500494291585 0.02671832488222208
32 0.8375 0.3734375 0.040625 0.0125
27 0.7535056378701718 0.06850032398726755 0.03188666996194396 0.018359020735185184
27 0.8178068542955248 0.30922236027384165 0.03364017095052709 0.023183221771944318
12 0.73359375 0.00546875 0.0328125 0.0109375
14 0.7637547297712259 0.10987717968944351 0.03845500494291585 0.02671832488222208
28 0.7830578280980708 0.18240629057541574 0.03364017095052709 0.023183221771944318
14 0.8215366907593715 0.3243395123473601 0.038582338935304605 0.029843324882222078
24 0.7389364604938541 0.016625465693193543 0.03370383794672147 0.024745721771944406
10 0.8096932653602202 0.2820447056084249 0.03845500494291585 0.02671832488222208
22 0.7582077253226016 0.08837332657916575 0.03564833992388792 0.03425742280870363
19 0.7739083211779885 0.1489102853916194 0.047639003954332536 0.022851031102777686
14 0.7968457554743885 0.23421279835111014 0.03845500494291585 0.02671832488222208
12 0.7922710020143474 0.21746479575921196 0.03364017095052709 0.023183221771944318
12 0.7682034437251211 0.3336858265791657 0.043397172927693364 0.033378427992499834
13 0.6913902984405755 0.03426273355365659 0.041580004942915846 0.026991726955740702
17 0.7759350306832594 0.3514884812445824 0.04476867193911023 0.02882762902925915
13 0.713019900721753 0.12567854547638807 0.041580004942915846 0.026991726955740702
18 0.7217237386684745 0.14823705066018436 0.041261669961943956 0.019179226955740702
23 0.7207979086304185 0.16372534962342508 0.033703837946721646 0.024745721771944406
23 0.7477198473754427 0.2703950146564343 0.03364017095052709 0.023183221771944318
27 0.7272216635733344 0.18764130325208245 0.03188666996194378 0.018359020735185184
14 0.7317327500371811 0.20282680584398055 0.035266337946721474 0.02488242280870363
23 0.7060695637636147 0.10794424132935099 0.035266337946721474 0.02488242280870363
24 0.7431450939154016 0.25364701206453616 0.03370383794672147 0.02474572177194432
28 0.733931919999125 0.21858850688073977 0.03845500494291585 0.02671832488222208
28 0.753888934333581 0.2880609682850917 0.03520267095052709 0.02331992280870363
30 0.775 0.36875 0.034375 0.021875
24 0.6906554693911027 0.05443853251689732 0.03383117193911023 0.027870721771944405
14 0.7561199377936221 0.30460391932185094 0.04027217292769336 0.03310502591898139
24 0.67890625 0.01015625 0.0359375 0.0203125
10 0.699836809809282 0.08871578770069362 0.03845500494291585 0.026718324882222165
25 0.7346322569572632 0.23577600688073988 0.041580004942915846 0.026991726955740702
16 0.6234375 0.0125 0.04375 0.025
23 0.6474121467674203 0.1012554524508789 0.043397172927693364 0.033378427992499925
29 0.6738247495428895 0.19542511748388805 0.043397172927693364 0.033378427992499834
14 0.6931596813678315 0.2687354783698603 0.041580004942915846 0.026991726955740702
24 0.7069476087441492 0.3205419861455548 0.043397172927693364 0.033378427992499834
29 0.6563706526989195 0.1300639576346752 0.043397172927693364 0.033378427992499834
11 0.6839465074515548 0.233676973186064 0.03845500494291585 0.02671832488222208
32 0.7142481141813567 0.34687004029259166 0.043651840912470874 0.03962842799249984
28 0.6351548858930054 0.04880439571194373 0.03845500494291585 0.026718324882222165
24 0.6425508918245045 0.07747619985898076 0.043397172927693364 0.033378427992499925
17 0.6618858236494465 0.15078656074495295 0.04170733893530461 0.030116726955740702
21 0.6893980114058875 0.2528370762963418 0.03845500494291585 0.02671832488222208
23 0.7013687707974278 0.29825688303527703 0.041580004942915846 0.026991726955740702
18 0.6306756329272559 0.03440014312004558 0.03494800296574958 0.01706992280870363
14 0.6673373276037793 0.16994666385523072 0.041580004942915846 0.026991726955740702
10 0.6799620030029306 0.21230982111254554 0.04027217292769336 0.03310502591898157
21 0.5699304284020819 0.2439419469842587 0.03807300296574949 0.017343324882222077
17 0.55859375 0.19375 0.0390625 0.028125
13 0.57353293087354 0.25593409905777714 0.041580004942915846 0.026991726955740702
17 0.55 0.13125 0.021875 0.025
27 0.5910825282118015 0.32363900890699016 0.04170733893530469 0.030116726955740702
32 0.54296875 0.1109375 0.0078125 0.034375
29 0.5814701062726912 0.29788715320481424 0.03995383794672147 0.02529252591898139
23 0.5735156848278725 0.2746157485393976 0.03845500494291585 0.02671832488222208
24 0.5561889219762912 0.21237958869018456 0.03370383794672147 0.02474572177194432
28 0.5515625 0.1765625 0.025 0.021875
30 0.5616085924325268 0.2307584418004624 0.03370383794672147 0.02474572177194432
14 0.5918465321661343 0.3423890089069902 0.03682883794672147 0.025019123845462943
30 0.60078125 0.37265625 0.0390625 0.0140625
34 0.54765625 0.153125 0.0171875 0.028125
25 0.5925787026223697 0.3603577589069902 0.04314250494291585 0.027128427992499836
26 0.26953125 0.72421875 0.5390625 0.5515625
20 0.76953125 0.68984375 0.4609375 0.6203125