27 0.2546875 0.26484375 0.509375 0.5296875
2 0.8119587245783222 0.42013457805866333 0.036392033338636054 0.04199605242559414
0 0.801130312579595 0.4098667577552216 0.039535214672181594 0.0438136439408634
2 0.8769201059039136 0.4825227498793138 0.033212489337999786 0.03705346091032524
1 0.8668911252387316 0.4707562024546893 0.033212489337999786 0.03705346091032524
1 0.7918553099140949 0.40050773320941435 0.03637385200509069 0.04043355242559432
7 0.7810359885821402 0.38945866290597253 0.036392033338636054 0.04199605242559414
4 0.93125 0.52265625 0.0375 0.0140625
5 0.8879956079328668 0.2699430015463037 0.04429544000636341 0.05044628121376711
8 0.8995598165977304 0.28418084472856275 0.05059998400699968 0.05564396424430509
0 0.8732791272676849 0.25779381684877567 0.04429544000636341 0.05044628121376711
7 0.98984375 0.1203125 0.0203125 0.040625
8 0.871875 0.009375 0.040625 0.01875
3 0.99453125 0.13125 0.0109375 0.040625
7 0.98359375 0.10859375 0.0328125 0.0421875
26 0.2546875 0.76484375 0.509375 0.4703125
31 0.7546875 0.76484375 0.490625 0.4703125