26 0.28984375 0.175 0.5796875 0.35
14 0.66015625 0.57734375 0.1609375 0.1953125
15 0.7379990708913956 0.48471469574667997 0.17848756299888785 0.1730803798517324
21 0.8619972839891055 0.5437945406672041 0.2254381577089813 0.20278772721932725
20 0.6923434786003767 0.6820187708817562 0.19732856826055958 0.17529764427970274
19 0.63125 0.80234375 0.103125 0.1734375
24 0.63359375 0.93984375 0.1078125 0.1203125
25 0.7329971126318346 0.86926331053747 0.19318709983059074 0.18450895317271013
26 0.8538794890531334 0.7538788687975051 0.223966662970653 0.2042956635169965
27 0.9328125 0.64375 0.134375 0.20625
32 0.93515625 0.825 0.1296875 0.20625
31 0.8390625 0.915625 0.215625 0.16875
30 0.7140625 0.96640625 0.240625 0.0671875