31 0.2546875 0.31484375 0.509375 0.6296875
9 0.59921875 0.54453125 0.1796875 0.1703125
3 0.6392672065961396 0.3820001882620396 0.20359880935708982 0.18556344301173802
5 0.6860256699554566 0.19292772218323756 0.2098669906906352 0.18745349163225705
0 0.7453125 0.05 0.203125 0.1
16 0.27109375 0.8140625 0.4765625 0.36875
27 0.9390625 0.8890625 0.121875 0.221875
14 0.9015625 0.69140625 0.19375 0.1234375
25 0.8002239826145934 0.8581001000661133 0.1934976507001803 0.25686523292582975
28 0.7046875 0.9515625 0.19375 0.096875
15 0.615625 0.821875 0.2125 0.3125
19 0.75546875 0.6921875 0.1890625 0.125
21 0.615625 0.6671875 0.2125 0.075