35 0.2046875 0.24453125 0.409375 0.4890625
21 0.7046875 0.24453125 0.590625 0.4890625
31 0.087510484375 0.4890625 0.2740541203125 0.83216753125 0.2783845203125 0.85718598125 0.2263271203125 0.9331426781250001 0.409375 0.959330934375 0.409375 0.4890625 0.3340572296875 0.4890625 0.306357484375 0.6722209484375 0.289183171875 0.6784777546875 0.189591278125 0.4890625 0.087510484375 0.4890625
12 0.4625 0.934375 0.10625 0.13125
35 0.71640625 0.96015625 0.2015625 0.0796875
23 0.915625 0.9625 0.16875 0.075
26 0.4671875 0.7875 0.115625 0.15
27 0.6059116907593716 0.8408173501400829 0.17948586463846716 0.16259507909743345
31 0.767914283649009 0.8730564099825429 0.16934686068413463 0.14307980455162622
18 0.921875 0.88671875 0.15625 0.1453125
17 0.440625 0.67890625 0.0625 0.1421875
19 0.5060814926228072 0.699251345598155 0.14922536167271766 0.14610920970237729
22 0.6523489975657231 0.7108270901381432 0.1725991946765232 0.1464598960668953
30 0.7970831774134988 0.7617204261934004 0.21542336463846717 0.16552863152302777
15 0.9390625 0.78203125 0.121875 0.1515625
10 0.44765625 0.559375 0.0765625 0.140625
20 0.6359507233454353 0.5969399333204022 0.18340936068413444 0.14422771637033707
33 0.7861708992388783 0.6285730863451213 0.17116402866891214 0.14945735030926074
24 0.928125 0.64375 0.14375 0.1375
25 0.5078125 0.53671875 0.159375 0.0953125
32 0.65703125 0.525 0.1796875 0.071875
16 0.89609375 0.540625 0.1609375 0.103125