2 0.175 0.259375 0.35 0.51875
1 0.4380009307705556 0.0492343209540624 0.012936509618646851 0.012790940729444422
5 0.45100936225890126 0.05673769642902773 0.022584328130301135 0.020821646276527873
2 0.475354597830931 0.0749058149701387 0.017733137023308566 0.016025043502986235
2 0.5035788015517954 0.09376426453329838 0.017733137023308566 0.016025043502986235
0 0.48830846561694585 0.08397169044510396 0.01935020072563942 0.017623911094166545
1 0.5127082648913064 0.10057730898621511 0.012936509618646851 0.012790940729444422
1 0.4713144277753306 0.011770035334861007 0.01940476442797028 0.019186411094166543
1 0.6481447678865313 0.13411389475791635 0.016170637023308565 0.015988675911805573
4 0.6633878219702153 0.14468771884611087 0.022584328130301135 0.020821646276527873
1 0.6632464674310443 0.036966137824062176 0.016170637023308565 0.015988675911805573
5 0.6754190852170592 0.04605019709461775 0.020967264427970277 0.01922277868534721
2 0.9748362426587878 0.07811193579236057 0.017733137023308566 0.016025043502986235
32 0.175 0.759375 0.35 0.48125
13 0.675 0.759375 0.65 0.48125