11 0 0.61875 0.3796875 0.61875 0.3796875 0.354945740625 0.2159898234375 0.32759072031250003 0 0.2741815046875 0 0.61875
35 0.88828125 0.5078125 0.2234375 0.221875
23 0.9375 0.303125 0.125 0.265625
27 0.659375 0.5328125 0.25625 0.171875
31 0.7706220365456876 0.4210018125268705 0.23114001139996637 0.23317542740790564
18 0.8604718683407867 0.2365626147654342 0.2357946604112307 0.25521420171816533
34 0.92421875 0.14453125 0.1515625 0.2296875
19 0.46640625 0.5703125 0.1734375 0.096875
22 0.5219767229358188 0.47179859339585073 0.21729603268728984 0.235563443011738
30 0.64509787663866 0.3179033887370094 0.2683993468013618 0.32075067051050077
15 0.7331720409851631 0.16372822308774868 0.2059543411013786 0.20694712008095947
21 0.80390625 0.0484375 0.2203125 0.096875
29 0.70859375 0.06484375 0.2109375 0.1296875
28 0.5171875 0.04609375 0.225 0.0921875
16 0.4453125 0.11484375 0.13125 0.2296875
24 0.5660884477900975 0.12305787822155985 0.2119529688253195 0.22594278154634875
33 0.4765625 0.29375 0.19375 0.209375
20 0.4296875 0.425 0.1 0.2125
3 0.68984375 0.809375 0.6203125 0.38125