31 0.3734375 0.2546875 0.746875 0.509375
3 0.9109375 0.35625 0.178125 0.15
4 0.86796875 0.1359375 0.1984375 0.165625
12 0.03046875 0.596875 0.0609375 0.175
11 0.04375 0.765625 0.0875 0.2875
18 0.16953125 0.56640625 0.2296875 0.1140625
17 0.19243051434315225 0.7441682383528967 0.2748661130615095 0.323213929216928
16 0.2125 0.95859375 0.2625 0.0828125
23 0.42421875 0.66953125 0.2515625 0.3203125
22 0.4796875 0.934375 0.278125 0.13125
29 0.63984375 0.6359375 0.2578125 0.253125
28 0.66875 0.8859375 0.2 0.228125
0 0.884375 0.7546875 0.23125 0.490625