2 0.26953125 0.259375 0.5390625 0.51875
23 0.92890625 0.20703125 0.1421875 0.2078125
31 0.9671875 0.4171875 0.065625 0.175
18 0.8974123729473916 0.3109375 0.18384880093507655 0.178125
34 0.8248874122731991 0.19921875 0.15087267447164326 0.15
13 0.6878868611417308 0.15078125 0.18227721057599683 0.1765625
30 0.91484375 0.45390625 0.1703125 0.1296875
15 0.8165896198241338 0.384375 0.18071471057599683 0.1765625
21 0.676927156124879 0.28125 0.1744283491396783 0.1703125
29 0.7008646258742579 0.3671875 0.18228630093507636 0.178125
24 0.75625 0.471875 0.178125 0.09375
14 0.615625 0.36328125 0.153125 0.2171875
28 0.6265625 0.47109375 0.175 0.0953125
31 0.1054870421875 0.51875 0 0.6409165781249999 0 0.8556914421874999 0.0617057546875 0.9090615249999999 0.09997244375 0.8773221937500001 0.0831581515625 0.8087487421875 0.2701121578125 0.5922336984375 0.2878885625 0.596802621875 0.254548575 1 0.3467938953125 1 0.3800594671875 0.51875 0.1054870421875 0.51875
30 0.76953125 0.759375 0.4609375 0.48125