10 0.35 0.2046875 0.7 0.409375
3 0.85 0.2046875 0.3 0.409375
13 0.35 0.71875 0.7 0.5625
23 0.95625 0.4234375 0.065625 0.028125
30 0.934375 0.4328125 0.053125 0.046875
29 0.9099865157144856 0.439410682049634 0.050345433645025486 0.059956802673454136
28 0.8887836814055303 0.4579152340467706 0.05346134328594587 0.05843066534054522
28 0.9434024828315859 0.6046544213876338 0.05345225292686617 0.056868165340545215
14 0.984375 0.56953125 0.03125 0.0546875
13 0.9654138382177802 0.5814714600572701 0.058194295081344015 0.06629770934118148
30 0.9579548204601911 0.7892112347230883 0.05031816256778665 0.05526930267345413
23 0.97421875 0.7625 0.0515625 0.06875
29 0.9344536879466337 0.7998760147199067 0.04876475292686626 0.05681362133990895