27 0.26953125 0.25 0.5390625 0.5
31 0.76953125 0.25 0.4609375 0.5
31 0.35703125 0.9703125 0.2140625 0.059375
30 0.21875 0.9 0.30625 0.2
25 0.0875 0.80546875 0.175 0.2796875
22 0.46015625 0.8546875 0.1578125 0.228125
27 0.334375 0.7564686638176991 0.2859375 0.2822789628859484
26 0.12265625 0.634375 0.2453125 0.26875
28 0.51015625 0.71328125 0.0578125 0.2203125
23 0.41875 0.6234375 0.240625 0.246875
32 0.2140625 0.56015625 0.275 0.1203125
13 0.465625 0.5515625 0.146875 0.103125
5 0.61953125 0.6859375 0.1609375 0.209375
0 0.7140625 0.7407258976091604 0.1859375 0.20614212613895005
5 0.8328125 0.8002157477220999 0.1890625 0.20944913666229378
2 0.9234375 0.8609375 0.153125 0.23125