25 0.7055194484375 0 0.6690669921875 0.0380163109375 0.8388092828125 0.30929005 0.6804868359375 0.45 1 0.45 1 0.3686245078125 0.8224684281249999 0.0683114390625 0.769780821875 0 0.7055194484375 0
6 0.175 0.725 0.35 0.55
24 0.8860759600164947 0.6842058945735496 0.04506845909205772 0.04582157733927232
24 0.8075130393250965 0.7538467799172766 0.04346049498543501 0.044240896005727136
24 0.6705442367386718 0.764031396602503 0.04346049498543501 0.04424089600572696
24 0.6186838715366925 0.6943461526098208 0.04346049498543501 0.044240896005727136
24 0.4078276249019048 0.8818932479710468 0.04506845909205777 0.0458215773392725
24 0.5931503256141853 0.6056109166136388 0.04506845909205772 0.04582157733927232
23 0.8676298368969565 0.7008212299093224 0.04346049498543501 0.04424089600572696
23 0.7674275969260863 0.7894575632559127 0.041852530878812286 0.0426602146721816
23 0.5062280209826966 0.9088637332909111 0.0434604949854351 0.044240896005727136
23 0.4203125 0.98125 0.04375 0.0375
23 0.4992087943396616 0.8011694119589563 0.04346049498543501 0.04424089600572696
23 0.5755536486545811 0.6198734112826386 0.041852530878812466 0.0426602146721816
10 0.9366586332151752 0.6367581825668682 0.04667642319868044 0.04740225867281787
10 0.8629770923072329 0.5923183865770495 0.04346049498543501 0.044240896005727136
10 0.7908914921489483 0.6540740465865946 0.04506845909205772 0.04582157733927232
10 0.4388753849310347 0.9690023492998197 0.04506845909205772 0.04582157733927232
10 0.5826183394042389 0.7260052326145934 0.04506845909205772 0.04582157733927232
10 0.5167827392459543 0.7876881672899565 0.04667642319868044 0.04740225867281787
10 0.4398959788211131 0.8534046213001378 0.04506845909205772 0.04582157733927232
10 0.5672818105704905 0.47470636195100224 0.04024456677218975 0.04107953333863605
21 0.9795053627612038 0.6136110365611411 0.04029003087881229 0.04264203333863605
21 0.8609024637774183 0.7173002052435041 0.04029003087881229 0.04264203333863605
21 0.43390439159495225 0.8714370059675469 0.040290030878812375 0.04264203333863605
21 0.4258873031151502 0.8785591626352742 0.040290030878812375 0.04264203333863605
21 0.6617472129194886 0.5563916192711847 0.04029003087881229 0.04264203333863605
13 0.9859375 0.47890625 0.028125 0.0578125
13 0.5540123031151503 0.8770682932845478 0.05636967194503919 0.05844884667409058
13 0.5268587697290552 0.8976898759548202 0.0515003155185485 0.052144302673454136
13 0.5436935463847256 0.5070012412874112 0.048284387305303156 0.048982940006363405
13 0.4931790693459792 0.5521052032940927 0.04511392319868044 0.04738407733927232
13 0.40023539990822243 0.6328472206397284 0.0434604949854351 0.044240896005727136
27 0.9890625 0.58359375 0.021875 0.0390625
27 0.9221642242022595 0.6517655645687772 0.03863660266556686 0.03949885200509069
27 0.9470542271052533 0.5210513665659138 0.04024456677218975 0.04107953333863605
27 0.8220649358015997 0.6295007605824583 0.03702863855894449 0.03791817067154533
27 0.58125 0.465625 0.034375 0.03125
30 0.9167074975592244 0.5440530619032772 0.041852530878812286 0.0426602146721816
30 0.7394821048436451 0.7030933492600487 0.04506845909205772 0.04582157733927232
30 0.5999756724737646 0.8273313752785025 0.04506845909205772 0.0458215773392725
30 0.87421875 0.46875 0.0421875 0.0375
30 0.5536595797708205 0.4865796532861385 0.03859113855894432 0.03793635200509069
30 0.4373322346271008 0.5925852999681833 0.03859113855894432 0.03793635200509051
22 0.5369050226320492 0.7671484006206385 0.0530628155185485 0.052162484006999674
25 0.9730999015575751 0.48482296522918655 0.048329851411925875 0.05054544000636341
25 0.44801132185326165 0.5744983713001378 0.04511392319868044 0.04738407733927232
14 0.98125 0.59609375 0.0375 0.0453125
14 0.9116442613492781 0.6643837432368226 0.04667642319868044 0.04740225867281787
14 0.6287251466095172 0.9129052486075937 0.04511392319868044 0.04738407733927232
14 0.9607901181714802 0.5052718252307774 0.04506845909205772 0.0458215773392725
14 0.8982613744396865 0.5606683972390497 0.04511392319868044 0.04738407733927232
14 0.8084654370552411 0.6405928019175947 0.04506845909205772 0.04582157733927232
14 0.641691811032709 0.789358660606321 0.04506845909205772 0.0458215773392725
14 0.8391424387045937 0.4988774692473221 0.04511392319868044 0.0473840773392725
14 0.7982984783588947 0.533716093252731 0.04511392319868044 0.04738407733927232
14 0.7212071294542513 0.6064637972629123 0.04511392319868044 0.0473840773392725
14 0.6619625100956369 0.6563552566040938 0.04511392319868044 0.04738407733927232
14 0.711040170757905 0.49958708859804857 0.04511392319868044 0.04738407733927241
14 0.6428835526529317 0.56051604527373 0.048284387305303156 0.048982940006363405
14 0.41167300508107196 0.6155324513049104 0.04024456677218975 0.04107953333863605
17 0.6885009633817069 0.8715984485996394 0.05150031551854859 0.052144302673454136
17 0.6516541812492532 0.9032666192711847 0.05150031551854859 0.052144302673454136
17 0.7410338961472988 0.5960802805935943 0.054761707838416385 0.056868165340545215
28 0.5665841624446347 0.7402495459500478 0.04506845909205772 0.0458215773392725
28 0.3813871453558759 0.9048494899745467 0.040290030878812375 0.04264203333863623
28 0.5094860309453194 0.5284858899586383 0.03863660266556703 0.03949885200509069
28 0.46618466033306377 0.5672580359643653 0.03863660266556703 0.03949885200509069
12 0.6276078936400162 0.5755325179424118 0.04506845909205772 0.0458215773392725
28 0.9630309166012699 0.6161456905633684 0.041852530878812286 0.0426602146721816
34 0.8382689458307298 0.7167825845799131 0.054761707838416565 0.056868165340545215
34 0.7869504867386719 0.7626768872533674 0.051545779625171304 0.05370680267345414
34 0.716553070203909 0.7127319785964576 0.054761707838416385 0.056868165340545215
34 0.8105627976383669 0.5148297332511401 0.054761707838416565 0.056868165340545215
34 0.6983235589211378 0.6145399265993212 0.054761707838416565 0.056868165340545215
34 0.47706100969992543 0.8107989506285926 0.054761707838416565 0.056868165340545215
29 0.8249278598582099 0.7458342852482767 0.046721887305303154 0.04896475867281787
29 0.699915836501245 0.8550649292648214 0.04350595909205772 0.04580339600572696
29 0.664540626155546 0.8898399186028211 0.04667642319868044 0.04740225867281787
29 0.7809936549227874 0.6721518845878672 0.046721887305303154 0.04896475867281787
29 0.6591293636191338 0.780564915937321 0.046721887305303154 0.04896475867281787
29 0.5741573185545563 0.8557472766152296 0.04350595909205772 0.04580339600572714
29 0.48679605938335635 0.9325194092934563 0.04350595909205772 0.04580339600572714
29 0.4109375 0.98828125 0.04375 0.0234375
29 0.8573612412910183 0.49007463391154954 0.04350595909205772 0.04580339600572696
29 0.7876193911327338 0.5518030219207763 0.046721887305303154 0.04896475867281787
29 0.607246266363843 0.7116609219446388 0.046721887305303154 0.04896475867281787
29 0.39719400178236663 0.8984176766390922 0.046721887305303064 0.04896475867281787
29 0.6185595025737894 0.5912575152769117 0.046721887305303154 0.04896475867281787
29 0.4275253256141854 0.607538137969456 0.03863660266556703 0.03949885200509069
18 0.7854872751393317 0.78612347792014 0.04355142319868044 0.04736589600572714
18 0.7102312108744244 0.849478000596776 0.04355142319868044 0.04736589600572714
18 0.5411940543687914 0.8881512439529112 0.04511392319868044 0.04738407733927232
18 0.8677220797708205 0.48292520524350413 0.041897994985435005 0.0442227146721816
18 0.76171875 0.46796875 0.0421875 0.0359375
18 0.6089117179340534 0.6007416032781844 0.041943459092057725 0.04578521467218159
18 0.5229036732651874 0.523643848623502 0.035420674452321596 0.03633748933799978
18 0.4811648026529317 0.5623978132956836 0.03225021034569906 0.03473862667090906
16 0.7460610622863502 0.7990780112587762 0.054761707838416565 0.056868165340545215
16 0.8335934691876947 0.6090609912476402 0.054761707838416565 0.056868165340545215
16 0.6317294408161647 0.6754507019414572 0.054761707838416385 0.056868165340545215
16 0.7421875 0.47109375 0.053125 0.0421875
16 0.7248442579840658 0.48146379726291233 0.053153743731793844 0.055287484006999676
32 0.7217142801538966 0.8306007312619578 0.05306281551854841 0.052162484006999674
32 0.4588840080505728 0.9523688326305016 0.0515003155185485 0.052144302673454136
31 0.6866011457515874 0.7490058332670484 0.04506845909205772 0.04582157733927232
31 0.677996687055241 0.6421109432686393 0.04506845909205772 0.04582157733927232
16 0.7525731382297399 0.6826353985916853 0.054761707838416565 0.056868165340545215
19 0.6136433673800574 0.8138955839433664 0.05636967194503928 0.05844884667409058
28 0.5839869596207832 0.8400131886139569 0.04506845909205772 0.0458215773392725
26 0.8890625 0.46171875 0.05625 0.0234375
29 0.7578947872135255 0.5802643765913671 0.05797763605166182 0.060029528007635946
11 0.4597227455141605 0.8430211046308198 0.054761707838416565 0.056868165340545215
27 0.77421875 0.46484375 0.0515625 0.0296875
13 0.6994434412118761 0.5223706079328667 0.05315374373179367 0.055287484006999676
14 0.6714631937191585 0.544563781269912 0.05150031551854859 0.05214430267345431
15 0.59453125 0.465625 0.0421875 0.03125
13 0.9373382463055833 0.5328792045671864 0.054761707838416565 0.056868165340545215