14 0.61875 0.36509731875 0.5962656390625 0.3135874421875 0.49289922812500003 0.22022666562499998 0.4247720046875 0.1916579 0.3743949984375 0.2010970984375 0.095834490625 0.51875 0.56987764375 0.51875 0.605665571875 0.4759089921875 0.61875 0.377550428125 0.61875 0.36509731875
6 0.809375 0.259375 0.38125 0.51875
31 0.309375 0.759375 0.61875 0.48125
21 0.9715029384483337 0.7996481543450331 0.047966027735416715 0.05042697510489056
21 0.9475179649494795 0.677027793142234 0.047966027735416715 0.050426975104890734
21 0.9551486269935767 0.6686232972914189 0.04316942496187508 0.04538427759440165
18 0.8379663526766326 0.9467268317342977 0.04636716014423614 0.048746075934727705
18 0.7708268719595835 0.6176322502004926 0.03517508700597229 0.036979781743586494
18 0.86171875 0.5265625 0.0328125 0.015625
12 0.891053678664688 0.8738328607785919 0.049564895326597205 0.05210787427505359
24 0.98671875 0.89921875 0.0265625 0.0546875
24 0.929988238885174 0.8317511819394348 0.04476829255305557 0.047065176764564495
24 0.9505910264042365 0.809059043142234 0.05276263050895835 0.05546967261537965
24 0.8324170289696877 0.5401808338088901 0.03837282218833336 0.0403415800839126
27 0.8846919630496185 0.735007159118918 0.041570557370694414 0.04370337842423862
27 0.8065091456109377 0.5703186197016616 0.031977351823611146 0.03361798340326043
27 0.84296875 0.53125 0.0328125 0.025
23 0.9478141313619798 0.958751389822886 0.047966027735416715 0.050426975104890734
23 0.8452878901956951 0.9250410858834826 0.047966027735416715 0.05042697510489056
23 0.99140625 0.74453125 0.0171875 0.0515625
23 0.6885293971295491 0.9486589524848664 0.049564895326597205 0.05210787427505377
23 0.7099498022397921 0.9274701141025842 0.049564895326597205 0.05210787427505377
17 0.815625 0.97109375 0.05625 0.0578125
17 0.9156900027528824 0.8563134740559836 0.0559603656913195 0.05883147095570571
17 0.8246097546527433 0.8099964263403574 0.0559603656913195 0.05883147095570571
17 0.8544238880114934 0.7795626425221784 0.054361498100138926 0.05715057178554286
17 0.98203125 0.6265625 0.0359375 0.059375
28 0.8727400897588546 0.8940036508205482 0.04636716014423614 0.048746075934727705
14 0.990625 0.60078125 0.01875 0.0515625
14 0.7950086011580211 0.5805816134778843 0.03837282218833336 0.04034158008391255
14 0.62421875 0.5671875 0.0109375 0.04375
14 0.6609375 0.525 0.040625 0.0125
10 0.92734375 0.97734375 0.0484375 0.0453125
10 0.775 0.98671875 0.05 0.0265625
10 0.98125 0.7671875 0.0375 0.05
10 0.6695072934060768 0.9720139421119043 0.04956489532659725 0.05210787427505377
10 0.7297713397588547 0.904837174890465 0.047966027735416715 0.050426975104890734
10 0.7862564226807643 0.843425155594433 0.05276263050895835 0.05546967261537983
10 0.8655607565526046 0.7536746487459557 0.049564895326597205 0.05210787427505377
10 0.9281867367009726 0.6871015327692718 0.04956489532659738 0.05210787427505377
32 0.64609375 0.98359375 0.0546875 0.0328125
32 0.7538575775066669 0.6283096410722859 0.03997168977951393 0.04202247925407558
32 0.64609375 0.53359375 0.0390625 0.0296875
13 0.9047317061157643 0.7217492199067987 0.059158100873680654 0.06219326929603186
22 0.7625831865484727 0.8686978427319598 0.059158100873680654 0.06219326929603177
32 0.903125 0.98671875 0.059375 0.0265625
29 0.966255006836945 0.9440493497809298 0.04956489532659738 0.05210787427505377
29 0.98046875 0.9203125 0.0390625 0.053125
29 0.79296875 0.9796875 0.0484375 0.040625
29 0.805442180564549 0.8271014159673952 0.05276263050895835 0.05546967261537965
29 0.9725354955346879 0.6422617068345441 0.04956489532659738 0.05210787427505377
29 0.77684048261691 0.6070024035198406 0.03677395459715278 0.03866068091374952
29 0.7844347770698266 0.5970354076690254 0.03677395459715278 0.03866068091374952
2 0.6685396329775004 0.7286899946014153 0.04476829255305561 0.047065176764564676
29 0.7425934223964239 0.6487288848485087 0.04636716014423614 0.048746075934727705
15 0.825785822472674 0.5579011300746238 0.03997168977951393 0.04202247925407558
29 0.63828125 0.54765625 0.0390625 0.0484375