29 0.325 0.2796875 0.65 0.559375
35 0.8121925414893661 0.3824926516209149 0.2952896287323469 0.3220486479078998
31 0.709375 0.46640625 0.11875 0.1859375
16 0.325 0.7796875 0.65 0.440625
35 0.8345431528696621 0.6940576341977197 0.2151872294689813 0.22417165389834964
23 0.90625 0.896875 0.1875 0.20625
27 0.6875 0.64140625 0.075 0.1640625
31 0.72734375 0.77578125 0.1546875 0.1859375
18 0.79609375 0.91953125 0.1734375 0.1609375
34 0.88984375 0.98203125 0.1484375 0.0359375
30 0.6875 0.83125 0.075 0.23125
15 0.72109375 0.94765625 0.1421875 0.1046875