19 0.47265625 0.3265625 0.2453125 0.5875
14 0.546875 0.24765625 0.39375 0.4953125
23 0.86015625 0.20234375 0.2796875 0.4046875
30 0.7515625 0.38515625 0.496875 0.5484375
20 0.81328125 0.28359375 0.3734375 0.5296875
6 0.3140625 0.94296875 0.071875 0.1140625
7 0.28828125 0.8203125 0.1234375 0.13125
0 0.19765625 0.96640625 0.1328125 0.0671875
0 0.15428247763934957 0.8905574968765004 0.13437260487264702 0.13146533278320494
4 0.04296875 0.94453125 0.0859375 0.1109375
7 0.675 0.80703125 0.65 0.2953125