13 0.2796875 0.2296875 0.559375 0.459375
14 0.6021576 0 0.6104553796875 0.089653809375 0.559375 0.0994854421875 0.559375 0.1631262171875 0.609773190625 0.1534258875 0.6435869453125 0.459375 0.754142265625 0.459375 0.7316221671875 0.3754447109375 0.6965856921875 0 0.6021576 0
33 0.33828125 0.94765625 0.4421875 0.1046875
15 0.2939020744482022 0.7990592649463544 0.41747943325224207 0.3502441792633643
31 0.1609375 0.5578125 0.321875 0.196875
24 0.421875 0.54140625 0.275 0.1640625
24 0.83671875 0.940625 0.2984375 0.11875
28 0.965625 0.715625 0.06875 0.2625
29 0.7686571556338997 0.801531224279698 0.29992831888905735 0.2788642415011376
35 0.68125 0.59609375 0.24375 0.2734375
34 0.87734375 0.5625 0.2453125 0.20625