28 0.21484375 0.184375 0.4296875 0.36875
17 0.71484375 0.184375 0.5703125 0.36875
7 0.1953125 0.38359375 0.196875 0.0296875
8 0.24092208205057125 0.4488935805965223 0.1998369185677376 0.14485902380771334
9 0.2839933567275736 0.5695015172666098 0.1963114003691402 0.13859084308955402
0 0.3268643723052772 0.6932344539366975 0.2029619185677376 0.14487720452587247
22 0.625645140346991 0.41689765027114645 0.023477072794389108 0.025127265027114643
22 0.6336683914267252 0.43804594242562417 0.02513970234403846 0.026698855386194254
22 0.4908534284422285 0.6177511022629363 0.023477072794389132 0.02512726502711473
22 0.49819555907161206 0.6373323492378742 0.02513970234403846 0.026698855386194254
18 0.5808647640365441 0.48150505093507634 0.019450906847545246 0.01104658430895542
18 0.6029412206995193 0.5394675418598901 0.021113536397194554 0.012618174668035031
18 0.4328125 0.43984375 0.00625 0.0109375
18 0.46037298889811656 0.5323857740041051 0.021013406847545248 0.011055674668035032
18 0.5351088664451811 0.8540340359079618 0.019450906847545246 0.011046584308955332
18 0.5881664104005149 0.9895493550916067 0.021113536397194554 0.012618174668035031
18 0.4390625 0.83046875 0.01875 0.0109375
23 0.6443159947582127 0.4670249152982612 0.019851425046142523 0.01729658430895542
23 0.5102554680786257 0.6686641624695907 0.019851425046142523 0.01729658430895533
23 0.45856256015134617 0.6582033854404236 0.019851425046142533 0.01729658430895533
23 0.5755057240956052 0.9675925418598901 0.019851425046142523 0.01729658430895533
28 0.6022403138519741 0.55040504185989 0.023076554595791877 0.01887726502711464
28 0.48608199259874435 0.4239011083130605 0.019851425046142523 0.01729658430895542
28 0.4728136297065328 0.5699721324153615 0.019851425046142523 0.01729658430895542
28 0.5168664134828338 0.6874596142649889 0.019851425046142523 0.01729658430895533
28 0.4800079611387953 0.7138175811856975 0.019851425046142523 0.01729658430895533
28 0.48520660086747747 0.7302601926220159 0.019851425046142523 0.01729658430895533
28 0.5534292674326302 0.9096300509350763 0.019851425046142523 0.01729658430895533
28 0.4398662176172003 0.8401937288245653 0.019851425046142533 0.01729658430895533
10 0.6702789150239933 0.5375146773003137 0.02161418414544123 0.020430674668035033
10 0.4976109754798813 0.4513221263652373 0.021614184145441185 0.020430674668035033
10 0.5453559515780714 0.8892630087805987 0.019851425046142523 0.01729658430895533
10 0.43359375 0.80859375 0.0078125 0.0171875
10 0.4464270982465838 0.8597704306199635 0.021614184145441175 0.020430674668035033
32 0.4375 0.4671875 0.015625 0.028125
17 0.6681552105204864 0.5218714965821544 0.02473918414544123 0.020448855386194252
17 0.5989546275470645 0.5285027707826513 0.023076554595791877 0.01887726502711464
17 0.4930433914267251 0.43722781010845857 0.024739184145441184 0.020448855386194252
17 0.4930493792451075 0.7420289395969538 0.023076554595791852 0.01887726502711473
17 0.5652085741878903 0.9331448189872532 0.02473918414544114 0.020448855386194252
17 0.4328125 0.79296875 0.00625 0.0203125
24 0.6180526858434842 0.40122265329620854 0.02161418414544114 0.020430674668035033
24 0.5569754834994457 0.4274397196511831 0.021614184145441185 0.020430674668035033
24 0.46279708205057124 0.5433414547222644 0.019851425046142547 0.01729658430895542
24 0.4840922887135465 0.6012994004675382 0.021614184145441185 0.020430674668035033
24 0.4960544632982636 0.7561141654946528 0.019851425046142523 0.01729658430895533
24 0.5180307904115894 0.8156391564194665 0.019851425046142523 0.01729658430895533
24 0.457755822028422 0.8903164486721401 0.021614184145441185 0.020430674668035033
24 0.4686036844592082 0.916170421544777 0.019851425046142533 0.01729658430895533
14 0.6388670311554072 0.4544885538619427 0.02161418414544114 0.020430674668035033
14 0.6782521013289028 0.5594442194547914 0.02161418414544123 0.020430674668035033
14 0.5516266494462896 0.41334085821486466 0.019851425046142523 0.01729658430895542
14 0.5696664481819853 0.46111982806243945 0.02161418414544114 0.020430674668035033
14 0.5863940707918044 0.5049834575509348 0.021614184145441185 0.020430674668035033
14 0.50568429133444 0.47168916851971493 0.021614184145441185 0.020430674668035033
14 0.43359375 0.45234375 0.0078125 0.0203125
14 0.4507371730435577 0.5120096414905477 0.021614184145441175 0.020430674668035033
14 0.5041253840254696 0.6545607558537324 0.021614184145441185 0.020430674668035033
14 0.463961458979327 0.6715209968767419 0.019851425046142523 0.01729658430895533
14 0.46847897825765844 0.6863965631335207 0.021614184145441175 0.020430674668035033
14 0.5105885302325566 0.7976204094445286 0.019851425046142523 0.01729658430895533
14 0.5259539119416743 0.8383499485739442 0.021614184145441185 0.020430674668035033
14 0.5407383027500906 0.87594994252382 0.021614184145441185 0.020430674668035033
14 0.5681635934662218 0.9480112948849522 0.019851425046142523 0.01729658430895533
14 0.5801233729235861 0.9809056081166687 0.019851425046142523 0.01729658430895533
14 0.4759458150885917 0.9357516685197149 0.019851425046142523 0.01729658430895533
31 0.45540488664636314 0.5245414577473264 0.021614184145441175 0.020430674668035033
27 0.6757779434016233 0.5492697887366321 0.017988536397194554 0.01259999394987581
27 0.501597568632336 0.4622868974424761 0.017988536397194554 0.01259999394987581
27 0.4467005151162783 0.5018261204133089 0.017988536397194565 0.01259999394987581
27 0.5226985040143949 0.8281709726762452 0.014763406847545246 0.011019313231716588
29 0.649915152685492 0.4772175267345796 0.02121366594684391 0.01418067466803503
29 0.5948178400701358 0.5198817497054125 0.017988536397194554 0.01259999394987581
29 0.5143922555555543 0.6772851835468296 0.022776165946843886 0.01418976502711473
29 0.4540951056478394 0.6425465691836448 0.021213665946843884 0.014180674668034854
29 0.5023848064507184 0.7670925721105112 0.022976425046142522 0.01731476502711473
29 0.5378834130214084 0.859520966626121 0.022776165946843906 0.01418976502711473
29 0.5525676742801754 0.8986834605759968 0.02121366594684391 0.01418067466803503
29 0.5612219810354355 0.9221800479100143 0.021313795496493215 0.015743174668035032
29 0.43671875 0.81796875 0.0140625 0.0140625
29 0.4742028423864876 0.9263630329810955 0.022776165946843886 0.01418976502711473
13 0.47627169186046386 0.6989465601084586 0.024739184145441184 0.020448855386194252
16 0.58515625 0.9953125 0.0234375 0.009375
11 0.5084147609542251 0.7827584787263694 0.024739184145441184 0.020448855386194252
21 0.5688549198043552 0.44939198770335986 0.021113536397194554 0.012618174668035031
21 0.5781402822351415 0.47523687021691713 0.019551036397194556 0.01260908430895542
12 0.4794746398855656 0.5879863342107596 0.019851425046142523 0.01729658430895542
12 0.4539194232004412 0.8770079275949012 0.019851425046142533 0.01729658430895533
25 0.5438339358434842 0.4007908612399268 0.024739184145441184 0.020448855386194252
25 0.5607117527777772 0.44231074072842197 0.02473918414544114 0.020448855386194252
25 0.440625 0.49140625 0.021875 0.0203125
30 0.4673146013289028 0.558217020979043 0.019851425046142523 0.01729658430895542
15 0.5178002529346607 0.8070408612399268 0.022776165946843886 0.01418976502711473
20 0.5841702367386482 0.4909027768327755 0.022976425046142522 0.017314765027114643
12 0.6152979256644514 0.38323117739850954 0.026401813695090492 0.022020445745273863
28 0.6627563116925057 0.508553885145836 0.028064443244739758 0.023592036104353474
3 0.540625 0.3796875 0.028125 0.021875
31 0.4328125 0.43046875 0.00625 0.0265625
18 0.452252003396086 0.6347204336450255 0.021113536397194564 0.012618174668035031
29 0.43125 0.78046875 0.003125 0.0203125
34 0.4615922208564028 0.903624969749379 0.024739184145441163 0.020448855386194252