26 0.29453125 0.2546875 0.5890625 0.509375
13 0.8484375 0.11484375 0.303125 0.2296875
22 0.93203125 0.3390625 0.1359375 0.340625
20 0.79609375 0.22265625 0.4078125 0.4453125
11 0.784375 0.3328125 0.390625 0.353125
31 0.8625 0.440625 0.275 0.1375
23 0.29453125 0.7546875 0.5890625 0.490625
0 0.9279948781653733 0.820229615050909 0.013301036397194465 0.013228042093374803
0 0.9236077668143213 0.8152690992658934 0.013301036397194465 0.013228042093374803
8 0.9331131747416007 0.8260168834667605 0.014863536397194465 0.01331904735504672
0 0.9592973380675509 0.9435984965927051 0.011638406847545291 0.011574536831702887
0 0.9636844494186029 0.9485590123777208 0.011638406847545291 0.011574536831702887
8 0.9687526812200057 0.9551275307935722 0.014863536397194465 0.01331904735504672
2 0.8876936459025453 0.9841255150791438 0.011638406847545291 0.011574536831702887
2 0.8803317288759672 0.9766392387707846 0.013301036397194465 0.013228042093374803
0 0.8751633675249153 0.9716332203549332 0.013301036397194465 0.013228042093374803
0 0.8831563402270193 0.9815087492941282 0.011638406847545113 0.011574536831702887