2 0.2046875 0.2546875 0.409375 0.509375
0 0.7046875 0.2546875 0.590625 0.509375
35 0.2046875 0.7546875 0.409375 0.490625
5 0.9693972896869492 0.9310453563597427 0.042344630257724704 0.035653276735205
0 0.963389629126071 0.950084933463265 0.042344630257724704 0.035653276735205
3 0.6390625 0.51484375 0.028125 0.0109375
2 0.6358899123699004 0.523201097305565 0.02606453301668683 0.02206067029858776
2 0.5930174168924561 0.6408531370302202 0.02918953301668683 0.022279191585911205
2 0.48109062697836447 0.6439238706865753 0.035767081637205766 0.028966234160558192
2 0.4740969985296619 0.6590025674682666 0.03749335594746528 0.032200494804219916
9 0.6127257293077851 0.5861874163633154 0.03091580732694634 0.025513452229572974
0 0.5889850141334942 0.6530253550992351 0.032396420171816584 0.024060212873234697
1 0.5849116677969673 0.6644163231682498 0.027545145861557076 0.020607430942249483
9 0.4876748196514182 0.621032673904884 0.03749335594746537 0.032200494804219916
0 0.5296875 0.51328125 0.0375 0.0078125
8 0.4686658700809595 0.6741905248936197 0.035767081637205766 0.028966234160558192
8 0.5800980150380053 0.6765339109154338 0.02918953301668683 0.022279191585911205