15 0.2796875 0.31484375 0.51875 0.6296875
18 1 0.0703811328125 0.8584040312500001 0.48035203906249996 0.798492396875 0.52863829375 0.711225965625 0.5400360484375 0.711992184375 0.5663237609375 1 0.580319878125 1 0.0703811328125
12 0.09582407630251692 0.6784370177515389 0.02587329528527027 0.020060194482076032
12 0.2437693864749834 0.9433737002478273 0.014717471463952591 0.014799484396167805
12 0.16237599131354763 0.9695024310259504 0.01627997146395268 0.014881371551297562
12 0.215625 0.996875 0.015625 0.00625
12 0.25078125 0.9984375 0.0171875 0.003125
29 0.04258991439185813 0.6733091044771273 0.015081344499482086 0.02261198439616776
29 0.16301157630251692 0.6819581654221182 0.015081344499481997 0.02261198439616776
29 0.25129282630251704 0.6865847896869491 0.015081344499482086 0.02261198439616776
29 0.47576628742738747 0.7038043464480686 0.015081344499482086 0.02261198439616776
29 0.2115796629441161 0.7374988364984458 0.010029971463952769 0.014553822930778537
29 0.22099105024766902 0.7387714094292244 0.010029971463952769 0.014553822930778537
29 0.029625495656773814 0.7965452086155702 0.010102746071058544 0.016116322930778536
29 0.25701424917143056 0.9432884910664301 0.010029971463952592 0.014553822930778537
29 0.08101682940288883 0.9629005489592032 0.010029971463952769 0.014553822930778537
29 0.1756208540099947 0.9694172218445534 0.010102746071058544 0.016116322930778536
29 0.228125 0.996875 0.009375 0.00625
18 0.3114854636060699 0.6905186951594445 0.007414393713693812 0.025327548620519023
18 0.3490218509096229 0.6932652368825586 0.007414393713693812 0.025327548620519023
18 0.46315712551672866 0.7008054992070305 0.007414393713693635 0.025327548620519023
18 0.2006421629441161 0.7369256264125376 0.006977746071058633 0.015952548620519025
18 0.11407327026387967 0.8025296149925769 0.006977746071058633 0.015952548620519025
18 0.005160650743007045 0.9238546590905401 0.006977746071058588 0.015952548620519025
18 0.1428425872607717 0.9349669787419582 0.00712329528527027 0.019077548620519025
18 0.26482674917143056 0.9436979268420789 0.006977746071058633 0.015952548620519025
18 0.3961859110820892 0.952920197872978 0.006977746071058633 0.015952548620519025
18 0.03176169209933592 0.9595398535726162 0.006977746071058588 0.015952548620519025
18 0.1857771040099947 0.9699494883528967 0.0069777460710585435 0.015952548620519025
18 0.3147925159206535 0.9790489286511012 0.007123295285270359 0.019077548620519025
31 0.01624369995721877 0.9275528691764483 0.01627997146395268 0.014881371551297562
31 0.27665466108208925 0.9466558305055521 0.01449914764263518 0.010111984396167806
31 0.19607890322420643 0.97360675486124 0.01627997146395277 0.014881371551297562
14 0.013720051695411063 0.6725754421072269 0.02274829528527027 0.01989642017181652
14 0.22167810090962278 0.6865914337394838 0.02274829528527027 0.01989642017181652
14 0.2959696255167287 0.6920435736081471 0.022748295285270358 0.01989642017181654
14 0.23352743755122196 0.7402077566702624 0.01471747146395277 0.014799484396167762
14 0.2937928494618808 0.7457041621427578 0.014717471463952591 0.014799484396167762
14 0.00390625 0.79453125 0.0078125 0.0140625
14 0.017161882960326745 0.7966713613745322 0.016279971463952724 0.014881371551297517
14 0.1391096575674326 0.8046210594746528 0.01627997146395277 0.014881371551297517
14 0.03272272456432464 0.9299751843053107 0.01627997146395268 0.014881371551297562
14 0.29153479838564217 0.9482150084792845 0.01471747146395277 0.014799484396167805
14 0.21092265322420642 0.9743846828349728 0.01471747146395277 0.014799484396167805
14 0.033180796937900124 0.9900086035726161 0.014717471463952725 0.014799484396167805
14 0.2 0.996875 0.015625 0.00625
10 0.11848032630251693 0.6796243815009202 0.02274829528527027 0.01989642017181652
10 0.528125 0.70703125 0.021875 0.0203125
10 0.0046875 0.72421875 0.009375 0.0140625
10 0.07025911186787752 0.9327217260284246 0.01627997146395277 0.014881371551297562
10 0.13201424917143045 0.9367375186560499 0.01627997146395277 0.014881371551297562
10 0.3282899356891951 0.9509206066248339 0.01471747146395277 0.014799484396167805
10 0.38535757299274803 0.9546907377870697 0.01471747146395277 0.014799484396167805
10 0.4901178475998539 0.961739677180763 0.01471747146395277 0.014799484396167805
10 0.24611529052775935 0.9770083938253922 0.01471747146395277 0.014799484396167805
10 0.3047454278313122 0.9808604121427578 0.014717471463952591 0.014799484396167805
22 0.09135286186787753 0.9338272026226765 0.02565497146395277 0.01537269448207601
22 0.34860243568919513 0.9519851396415205 0.02565497146395277 0.01537269448207601
22 0.26642779052775933 0.9780729268420789 0.02565497146395277 0.01537269448207601
25 0.1444435128202816 0.6848817695605611 0.022893844499481997 0.02302142017181652
25 0.35558437406898663 0.750501204770383 0.014790246071058633 0.016361984396167806
25 0.3728082613725395 0.7521832134768103 0.014790246071058633 0.01636198439616776
25 0.11486313647498339 0.9366180099496226 0.016352746071058633 0.016443871551297562
25 0.368951322992748 0.9538309226582073 0.014790246071058633 0.016361984396167806
25 0.0015625 0.959375 0.003125 0.015625
25 0.28837556513486523 0.9807818470138955 0.014790246071058633 0.016361984396167806
25 0.125 0.99453125 0.015625 0.0109375
25 0.18359375 0.99609375 0.0140625 0.0078125
16 0.1570870237785363 0.9396102131381259 0.016352746071058633 0.016443871551297562
16 0.40805021029630095 0.9566593515364513 0.014790246071058633 0.016361984396167806
16 0.05768849131354763 0.964015991632257 0.016352746071058542 0.016443871551297562
16 0.32821931513486524 0.982869969469704 0.016352746071058633 0.016443871551297562
23 0.3655736501238345 0.697250052011421 0.022748295285270358 0.01989642017181654
23 0.17494661186787752 0.9382081654221182 0.01627997146395277 0.014881371551297562
23 0.425237710296301 0.9575601102428785 0.01471747146395277 0.014799484396167805
23 0.042027104009994695 0.9624158700809595 0.01449914764263518 0.010111984396167806
23 0.3454068151348652 0.9837707281761314 0.014717471463952591 0.014799484396167805
21 0.00906905479578297 0.9575712398232348 0.0069777460710585435 0.015952548620519025
20 0.12657327026387968 0.8031847122336149 0.010102746071058632 0.016116322930778536
17 0.271605326302517 0.687649322703636 0.02303939371369381 0.026146420171816544
17 0.4944435128202816 0.7032244923096256 0.02303939371369381 0.026146420171816544
27 0.2029281009096228 0.6856087878779269 0.014935795285270271 0.01948698439616776
27 0.32413101282028156 0.6942987924004826 0.01493579528527036 0.01948698439616776
27 0.24766271215832775 0.7425072410664301 0.010029971463952592 0.014553822930778493
27 0.019899546937900126 0.9893125627540134 0.0069049714639527245 0.014390048620519024
27 0.10274843424145308 0.9944338319758901 0.00981164764263518 0.009866322930778538
27 0.1390625 0.99453125 0.009375 0.0109375
24 0.06148546360606986 0.6774167503386843 0.02587329528527027 0.020060194482076032
24 0.4038549001238345 0.6992562873120999 0.02587329528527036 0.020060194482076032
24 0.09433446670644177 0.964377839777806 0.01449914764263518 0.010111984396167806
24 0.00703125 0.98671875 0.0140625 0.0140625
24 0.071875 0.9921875 0.015625 0.015625
24 0.1515625 0.9953125 0.015625 0.009375
30 0.18257921360606985 0.68376300486124 0.02274829528527027 0.01989642017181654
30 0.08828125 0.99296875 0.0140625 0.0140625
15 0.3834332382131757 0.6958480042954132 0.015226893713693634 0.025736984396167763
32 0.44295378742738745 0.7020847161903437 0.03212329528527036 0.020387743102595036
32 0.1866888248547749 0.7385323920163698 0.022529971463952768 0.015208920171816498
28 0.16796875 0.9953125 0.0140625 0.009375
34 0.0162671629441161 0.7272629421072269 0.014790246071058544 0.01636198439616776
34 0.05546875 0.99140625 0.0171875 0.0171875
6 0.04268411372990437 0.7255300237444327 0.016352746071058542 0.016443871551297517
2 0.0747517510334573 0.7279899604245925 0.014790246071058544 0.01636198439616776
2 0.11150688833701024 0.7306955585701417 0.016352746071058542 0.016443871551297517
0 0.0927205010334573 0.7289316627085847 0.016352746071058542 0.016443871551297517
0 0.12869438833701025 0.7315963172765689 0.016352746071058542 0.016443871551297517
29 0.16935577564056317 0.7345066333099426 0.016352746071058633 0.016443871551297517
32 0.27411605024766905 0.7415555727036359 0.028852746071058633 0.017098968792335523
11 0.3100899375512219 0.7442202272716202 0.014790246071058633 0.01636198439616776
10 0.33828771215832776 0.7472566960639557 0.019477746071058632 0.016607645861556986
1 0.07888063296032674 0.7999059040021574 0.01024829528527027 0.019241322930778536
21 0.10235452026387967 0.8019154613291036 0.014790246071058633 0.016361984396167806
12 0.05292606265366584 0.9286959673219976 0.019477746071058545 0.016607645861557073
10 0.22729036186787752 0.9409513851189647 0.016352746071058633 0.016443871551297562
12 0.3093943864749834 0.9468129607632768 0.019477746071058632 0.016607645861557073
22 0.46969618568919513 0.9583313941640764 0.02260274607105863 0.016771420171816587
34 0.5049979849034069 0.9632988551544959 0.014790246071058633 0.016361984396167806
6 0.5298888229927481 0.9622652996365719 0.016352746071058633 0.016443871551297562
34 0.01940724131354763 0.9620097563315781 0.014717471463952725 0.014799484396167805
10 0.14667821670644177 0.967121059474653 0.019477746071058545 0.016607645861557073
12 0.22878224131354763 0.9729826351189648 0.019477746071058632 0.016607645861557073
3 0.77578125 0.81484375 0.4484375 0.3703125