24 0 0 0 0.4918406046875 0.049765425 0.48772119687500004 0.27493490625 0.4107020078125 0.4077772015625 0.3196298984375 0.48422505468750004 0.2028523125 0.49470547812500004 0.0674730640625 0.452602484375 0.0011383359375 0.45018904062500004 0 0 0
10 0.8650992999205698 0.2725358250189529 0.05506932954530477 0.023466243731793845
21 0.5421875 0.59765625 0.046875 0.0109375
21 0.5856163514626973 0.252678999933493 0.0532886412337021 0.010920779625171129
21 0.8602072483784422 0.2841181826990849 0.05326136769475163 0.009358279625171129
14 0.5924430499205697 0.26460233841329506 0.04881932954530477 0.023284387305303154
14 0.5742270637202875 0.4125851973470683 0.04405000892845372 0.018460494985435005
14 0.5608309910748416 0.5083379665473982 0.03936250892845372 0.018324102665567034
14 0.5537082378284307 0.5581561101209074 0.04876478246740419 0.020159387305303155
14 0.6719572260573079 0.32163123990436315 0.03936250892845372 0.018324102665567034
14 0.8694322439142154 0.292984717338821 0.03936250892845372 0.018324102665567034
14 0.8596520949698755 0.36070341475239626 0.0441045560063543 0.021585494985435005
14 0.8409275941590966 0.4930385416328581 0.04876478246740419 0.020159387305303155
14 0.8320377893705583 0.5545299710997447 0.04876478246740401 0.020159387305303155
14 0.9487145949698755 0.36329486882988904 0.04876478246740419 0.020159387305303155
10 0.595127719157449 0.24513928457322906 0.04405000892845372 0.018460494985435005
10 0.5653099853927988 0.47563912681395487 0.04405000892845372 0.018460494985435005
10 0.548407083202048 0.5931759678010394 0.04405000892845372 0.018460494985435005
10 0.6683549391256769 0.3488840616911178 0.04405000892845372 0.018460494985435096
10 0.8650487069825843 0.32021480707226424 0.04881932954530477 0.023284387305303154
10 0.8435986266265008 0.4743567377927921 0.04876478246740419 0.020159387305303155
10 0.9427685580382447 0.3904794944567097 0.04405000892845372 0.018460494985435096
23 0.5688713620160042 0.4507300550272002 0.04405000892845372 0.018460494985435005
23 0.5670906737044014 0.46318459092057757 0.04405000892845372 0.018460494985435005
23 0.6787254232973643 0.2921255963308539 0.04405000892845372 0.018460494985435096
23 0.8632543819015066 0.3334505929656416 0.04405000892845372 0.018460494985435005
23 0.8310519878284307 0.5662259890464333 0.04405000892845372 0.018460494985435005
23 0.8251741347441754 0.5895043646732538 0.04405000892845372 0.018460494985435005
23 0.9508225657488824 0.33209033293651175 0.03936250892845372 0.018324102665567034
13 0.5517696367727705 0.49009643190766206 0.06129205600635448 0.022085600158284535
13 0.54765625 0.521875 0.0578125 0.021875
13 0.8513038068204286 0.3463908621659715 0.061292056006354304 0.022085600158284535
33 0.8668430320636624 0.3069790211788869 0.04881932954530477 0.023284387305303154
27 0.5751855917234646 0.4024516794003796 0.039307961850553144 0.015199102665567033
27 0.8555276566582728 0.3730897544858395 0.04237841477265238 0.012165030878812377
30 0.5777611668045426 0.38923862556031363 0.04399546185055314 0.015335494985435006
30 0.5548985909126858 0.5347413421742188 0.04405000892845372 0.018460494985435005
30 0.6769856452941871 0.3022363822242312 0.03936250892845372 0.018324102665567034
30 0.9490418774372797 0.34454486882988905 0.03936250892845372 0.018324102665567034
28 0.5501604979747003 0.5822839319076621 0.04405000892845372 0.018460494985435005
28 0.6709850612846555 0.33254600785105176 0.04399546185055314 0.015335494985435006
28 0.9446174301972231 0.37411870856333235 0.04399546185055314 0.015335494985435006
29 0.8379798721622738 0.4827913634196127 0.053315914772652385 0.012483279625171128
29 0.9442180097425279 0.352220976510021 0.047093188311602675 0.013863923198680439
29 0.6690231408299603 0.3106028116911178 0.05339773538950325 0.017170779625171127
18 0.5531684955390684 0.49951689601428473 0.0532886412337021 0.010920779625171129
18 0.6703089513005416 0.28171929374442917 0.0532886412337021 0.010920779625171129
18 0.8293764395327139 0.5278765428864993 0.0532886412337021 0.010920779625171129
18 0.943146433443634 0.32405051240339827 0.05331591477265256 0.012483279625171128
17 0.8271963307664161 0.5184333467265653 0.05339773538950343 0.017170779625171127
16 0.5762708047918338 0.4298408935070023 0.05501478246740419 0.020341243731793846
16 0.6751680008140741 0.36158865017091985 0.05967500892845372 0.018915136051661906
16 0.948019119726642 0.40313861882988905 0.05967500892845372 0.01891513605166182
12 0.5906993177774773 0.23015914225336104 0.05501478246740419 0.020341243731793846
12 0.8391059955390684 0.5078368275262354 0.03936250892845372 0.018324102665567034
12 0.8347224586074375 0.5350669172596787 0.04399546185055314 0.015335494985435006
13 0.54765625 0.546875 0.0578125 0.021875
24 0.57874696834667 0.37754260761362496 0.04405000892845372 0.018460494985435005
24 0.5698298900191814 0.4405965370805115 0.04405000892845372 0.018460494985435005
24 0.54375 0.61640625 0.04375 0.0046875
24 0.6656293595803722 0.37069086553118374 0.04405000892845372 0.018460494985435096
24 0.8257235596630977 0.6028083467265652 0.03936250892845372 0.018324102665567034
24 0.9392344549539894 0.4138260662434643 0.04399546185055314 0.015335494985435006
22 0.5453125 0.609375 0.04375 0.01875
22 0.6790663425342436 0.2725943463308539 0.0394170560063543 0.021449102665567033
22 0.9487924614468113 0.3140533867765777 0.0394170560063543 0.021449102665567033
34 0.5851878831193226 0.3667869640401157 0.05501478246740419 0.020341243731793846
29 0.8193371919683459 0.6104389903000745 0.053343188311602674 0.014045779625171128
1 0.6788169265437751 0.24210286427754255 0.04876478246740419 0.020159387305303155
1 0.9508867954563428 0.2836301008832004 0.061292056006354304 0.022085600158284535
5 0.6770226014626972 0.25533865017091983 0.05501478246740419 0.020341243731793846
18 0.8384162487854793 0.45779136341961274 0.053343188311602674 0.014045779625171128
20 0.8236485909126857 0.5425611685133199 0.05967500892845372 0.01891513605166182
5 0.2545303981368562 0.7754489102000497 0.19784893912238158 0.15099551332783498
1 0.2265625 0.96328125 0.19375 0.0734375
31 0.759375 0.809375 0.48125 0.38125