32 0.2046875 0.18984375 0.409375 0.3796875
29 0.7046875 0.18984375 0.590625 0.3796875
23 0.103125 0.9359375 0.20625 0.128125
14 0.1015625 0.83828125 0.203125 0.2828125
33 0.3546875 0.7984375 0.109375 0.328125
19 0.27578125 0.5953125 0.2671875 0.278125
29 0.103125 0.503125 0.20625 0.246875
35 0.16854312358746243 0.7073254353914519 0.2846427521477066 0.276582870703362
15 0.25093846449692236 0.8654112027370877 0.23851802464894387 0.23076129336408951
25 0.284375 0.959375 0.25 0.08125
20 0.06328125 0.6828125 0.1265625 0.26875
10 0.7046875 0.68984375 0.590625 0.6203125