3 0.28515625 0.184375 0.5703125 0.36875
2 0.74765625 0.0359375 0.1265625 0.071875
5 0.94453125 0.0234375 0.1109375 0.046875
30 0.21785720244292736 0.9522625230826733 0.016789393713693812 0.02536367591180557
30 0.1299099003332315 0.8466138947579165 0.016789393713693722 0.02536367591180557
30 0.28639964888548947 0.7875629370266315 0.013446069892376044 0.020603440729444422
30 0.21472812593101337 0.44975577213274265 0.013446069892376044 0.020603440729444443
20 0.34948819210384513 0.9577832116279161 0.015663541356328813 0.03470230832062491
20 0.5078272309789746 0.9595606511230896 0.015663541356328813 0.03470230832062491
14 0.06484375 0.99453125 0.0171875 0.0109375
14 0.15703125 0.9953125 0.0171875 0.009375
14 0.50078125 0.996875 0.0140625 0.00625
14 0.5265625 0.996875 0.015625 0.00625
14 0.1687112270500332 0.9518456022048607 0.016862168320799585 0.026926175911805572
14 0.36447749131805673 0.9543127195117009 0.0168621683207995 0.026926175911805572
14 0.4120609667109509 0.9547660079806939 0.0168621683207995 0.026926175911805572
14 0.4448734667109509 0.9540022885659022 0.015299668320799497 0.02688980832062491
14 0.46042569210384504 0.9552011126540967 0.015299668320799497 0.02688980832062491
14 0.5212540301931863 0.9561265265980549 0.015445217535011223 0.030014808320625086
14 0.18835810111901977 0.8483751100886454 0.016789393713693722 0.02536367591180557
14 0.25856143920836094 0.8490823184855204 0.015299668320799497 0.02688980832062491
14 0.56586451695862 0.8528554030229507 0.0168621683207995 0.026926175911805572
14 0.5923906296550671 0.8530184039728812 0.015226893713693812 0.02532730832062491
14 0.0836021346174658 0.785259473880104 0.013518844499481996 0.0221659407294446
14 0.1872900607961482 0.7875285290665969 0.01671661910658786 0.023801175911805573
14 0.30823826158193646 0.7878350407501038 0.013518844499482086 0.022165940729444424
14 0.4836920258499601 0.790774936742291 0.013518844499482086 0.022165940729444424
14 0.09207391418697038 0.7039003711065622 0.015081344499481997 0.022202308320624996
14 0.1957982276692057 0.7053881762930552 0.013518844499481996 0.022165940729444424
14 0.00703125 0.5125 0.0140625 0.028125
14 0.16728589164677912 0.5132922484813885 0.016789393713693722 0.02536367591180557
14 0.3037863178254616 0.5147975842530899 0.016789393713693812 0.02536367591180557
14 0.44188563130769687 0.5154853024336106 0.0168621683207995 0.026926175911805572
14 0.09530603784167217 0.45019414285805526 0.013518844499482086 0.022165940729444465
14 0.23574910132390753 0.45082730965180523 0.015081344499482086 0.022202308320624996
28 0.078125 0.99375 0.015625 0.0125
28 0.375 0.99609375 0.015625 0.0078125
28 0.4046875 0.996875 0.015625 0.00625
28 0.54765625 0.996875 0.0140625 0.00625
28 0.08299205087135078 0.9491583197197915 0.016862168320799585 0.026926175911805572
28 0.03470656224389028 0.8464885678199303 0.015299668320799587 0.02688980832062491
28 0.10490990033323148 0.8471957762168053 0.016862168320799585 0.026926175911805572
28 0.2741500519048081 0.8494998925737149 0.0168621683207995 0.026926175911805572
28 0.3194261646012551 0.8492264824294787 0.015445217535011223 0.03001480832062491
28 0.3420460272977023 0.8494804023573608 0.015445217535011223 0.030014808320625086
28 0.46452034077993754 0.850531796449687 0.015299668320799497 0.02688980832062491
28 0.5074163161728317 0.8510941876922216 0.015299668320799497 0.02688980832062491
28 0.3207018742783836 0.7883253500206593 0.012101893713693811 0.025254573138263937
28 0.5276411947899323 0.51739133491868 0.015299668320799497 0.026889808320624996
28 0.2482491013239075 0.4505363689223607 0.010393844499482085 0.022093205547083338
10 0.10234375 0.99453125 0.0171875 0.0109375
10 0.30234375 0.9953125 0.0203125 0.009375
10 0.36015625 0.99609375 0.0171875 0.0078125
10 0.12894025165713904 0.951210475779965 0.016862168320799585 0.026926175911805572
10 0.3340451286216098 0.9542406375397217 0.0168621683207995 0.026926175911805572
10 0.5454363928896335 0.9563440789347564 0.019987168320799498 0.026998911094166543
10 0.625 0.95546875 0.009375 0.0265625
10 0.05736281224389028 0.8459612377478123 0.019987168320799588 0.026998911094166543
10 0.4083431153870434 0.850278529732187 0.015299668320799497 0.02688980832062491
10 0.47932770347638465 0.8509675543334716 0.0168621683207995 0.026926175911805572
10 0.16705033540325406 0.7864388077519442 0.015081344499481997 0.02220230832062491
10 0.33867062427838357 0.7879071227220829 0.015226893713693812 0.02532730832062491
10 0.4049677123677247 0.7887052500969093 0.013518844499482086 0.0221659407294446
10 0.11156877688341744 0.7042270262168053 0.016789393713693722 0.02536367591180557
10 0.40985438130769686 0.516230838052812 0.0168621683207995 0.026926175911805572
10 0.463687856700591 0.5165386561570828 0.016789393713693812 0.02536367591180557
10 0.26696271402035465 0.4508812078281941 0.015081344499482086 0.022202308320624996
23 0.2625 0.99765625 0.015625 0.0046875
23 0.3203125 0.99765625 0.015625 0.0046875
23 0.14616413896069197 0.9500291822769789 0.016862168320799585 0.026926175911805572
23 0.18508108974648024 0.952244992497465 0.016789393713693722 0.02536367591180557
23 0.011305449547443214 0.8462528316876388 0.019987168320799588 0.026998911094166723
23 0.07369628763678442 0.8471418780404164 0.016789393713693722 0.02536367591180557
23 0.42315047808349054 0.8507142876159717 0.016789393713693812 0.02536367591180557
23 0.09759186001035994 0.7864946655594789 0.013518844499481996 0.022165940729444424
23 0.27311839888548944 0.7878720615516663 0.015081344499482086 0.02220230832062491
23 0.20986072766920572 0.7050608679724302 0.015081344499482086 0.022202308320624996
23 0.18280172973612033 0.515272322569583 0.016789393713693722 0.02536367591180557
23 0.3248436805219086 0.5150878717721523 0.016789393713693812 0.02536367591180557
23 0.3848907686112499 0.5160314695117009 0.015299668320799497 0.026889808320624996
23 0.5127610574863792 0.5185180770348953 0.015081344499482086 0.022202308320624996
23 0.10933215053811925 0.45064808453743027 0.013518844499482086 0.022165940729444444
23 0.20066562593101342 0.45008308045336776 0.013446069892376133 0.020603440729444467
18 0.25234375 0.996875 0.0078125 0.00625
18 0.07187261435358612 0.9533191428580553 0.007705492142117176 0.0313954703647223
18 0.49618125558608045 0.9582709080569438 0.007705492142117088 0.0313954703647223
18 0.3083067280834905 0.8533873055677427 0.007632717535011224 0.0298329703647223
18 0.36913506617283165 0.8543127195117008 0.007851041356328992 0.0345204703647223
18 0.6187348058337495 0.8570876549228117 0.010757717535011225 0.029905705547083272
18 0.2612904869748306 0.7904885684855204 0.007487168320799498 0.0267079703647223
18 0.3945931385464072 0.7936291394395829 0.007487168320799498 0.0267079703647223
18 0.4679214766357484 0.7942636126540966 0.007487168320799498 0.0267079703647223
18 0.07157947766920572 0.7082793997919095 0.00755994292790545 0.0282704703647223
18 0.3145418813076969 0.5184492611148259 0.007705492142117265 0.03139547036472221
18 0.37380771939703816 0.5194110426499648 0.007632717535011224 0.02983297036472221
18 0.4845632828792734 0.5207351936761453 0.007705492142117265 0.03139547036472221
18 0.5555478709686147 0.5214242182774299 0.007705492142117265 0.03139547036472221
18 0.18954618941324877 0.4542439035916316 0.005706344499481997 0.02198410277354168
27 0.1703125 0.9953125 0.015625 0.009375
27 0.5140625 0.996875 0.0125 0.00625
27 0.17745698842257268 0.8478484332269094 0.012101893713693723 0.025254573138263937
27 0.3786192280834905 0.8517507639646176 0.010393844499482085 0.022093205547083272
27 0.5799270169586199 0.8525280947023257 0.010612168320799498 0.026780705547083273
27 0.62734375 0.85234375 0.0046875 0.0265625
27 0.17798783540325408 0.7861842346136803 0.010321069892376133 0.02053070554708327
27 0.0663290514905233 0.7037191863610415 0.008758569892376134 0.020494337955902785
27 0.22573409243256748 0.5150534638121177 0.012101893713693811 0.025254573138263892
27 0.4300577193970382 0.5181018093674647 0.012101893713693811 0.025254573138263892
25 0.14795142494033736 0.8446331674593399 0.017080492142117175 0.03161367591180557
25 0.568375356700591 0.5141020275479855 0.017007717535011225 0.03005117591180557
21 0.11171875 0.9953125 0.0078125 0.009375
21 0.12109375 0.99609375 0.0078125 0.0078125
21 0.20078125 0.9953125 0.0078125 0.009375
21 0.47103570637186876 0.9619777895158327 0.007851041356328992 0.0345204703647223
21 0.4867334809789746 0.9600516136040271 0.007851041356328813 0.0345204703647223
21 0.4733902266357484 0.7941363260849646 0.007559942927905539 0.0282704703647223
21 0.4525320328792734 0.5214807292953466 0.007705492142117265 0.03139547036472221
11 0.4577652266357484 0.7945000019967703 0.015299668320799497 0.02688980832062491
11 0.28797938130769685 0.5190675101648955 0.01722604135632899 0.03473867591180557
24 0.03515625 0.99453125 0.0171875 0.0109375
24 0.21328125 0.99609375 0.0171875 0.0078125
24 0.051778438174903706 0.9491044215434025 0.019914393713693725 0.025436411094166545
24 0.20223220244292733 0.9526261989944789 0.016862168320799585 0.026926175911805572
24 0.28649804053226846 0.9530060990707288 0.01991439371369381 0.025436411094166722
24 0.5891863928896335 0.9553257863817007 0.019987168320799498 0.026998911094166543
24 0.229691576511914 0.8489738689223607 0.019987168320799498 0.026998911094166543
24 0.02976865922457166 0.7849516557758331 0.015081344499481997 0.02220230832062491
24 0.36516034967127775 0.7888513736720133 0.013518844499482086 0.0221659407294446
24 0.44395743776061886 0.7893585603173954 0.015008569892376044 0.020639808320624908
24 0.14200113957986452 0.7042991081887845 0.015081344499481997 0.022202308320624996
24 0.23905172973612032 0.513963089287083 0.0168621683207995 0.026926175911805572
24 0.4979173074863793 0.5188635691511105 0.016789393713693812 0.02536367591180557
24 0.6119070328792734 0.5177712349949298 0.0168621683207995 0.026926175911805572
24 0.04147256244877804 0.44988632475378454 0.013518844499481996 0.022165940729444465
24 0.29427007671680167 0.4510260249825343 0.016789393713693812 0.02536367591180557
29 0.2265625 0.996875 0.0125 0.00625
29 0.27239915322871566 0.9541146573913537 0.012174668320799498 0.026817073138263935
29 0.046352537636784416 0.8477783108860762 0.012174668320799586 0.026817073138263935
29 0.3879214534763847 0.8530950584175342 0.012320217535011224 0.029942073138263935
29 0.10852936001035993 0.786240092421215 0.010393844499481997 0.022093205547083272
29 0.2973007615819364 0.7880896138883676 0.008831344499482086 0.022056837955902787
29 0.08031877688341744 0.7049543780404164 0.008831344499481997 0.022056837955902787
29 0.22076184036565288 0.7055875448341663 0.012101893713693811 0.025254573138263937
29 0.19608297973612032 0.5149631980445483 0.012174668320799586 0.026817073138263935
29 0.4760786947899323 0.5185914654276382 0.012174668320799498 0.02681707313826389
29 0.5985166209686147 0.5204241095199647 0.012174668320799498 0.02681707313826389
29 0.12179576323456635 0.45113839380798587 0.012101893713693723 0.025254573138263892
29 0.22555646402035467 0.4518449489944788 0.012101893713693811 0.025254573138263892
17 0.14140625 0.996875 0.0171875 0.00625
17 0.03511747705003319 0.9549550312507984 0.017080492142117175 0.03161367591180557
17 0.2519411040145039 0.9577124360767009 0.017226041356328815 0.03473867591180557
17 0.29655159077993754 0.8544413125015968 0.01566354135632899 0.03470230832062491
17 0.35589020347638467 0.8538405940367356 0.017007717535011225 0.03005117591180557
17 0.15280589888548946 0.7906723660725692 0.01537244292790536 0.028452308320625085
17 0.5430114836650617 0.5224964090068743 0.015445217535011223 0.030014808320624996
15 0.43524375558608047 0.9596892441129856 0.012538541356328814 0.03462957313826394
15 0.21543229321835575 0.5184148531547914 0.012392992142117264 0.031504573138263894
22 0.015625 0.9953125 0.025 0.009375
22 0.11019025165713905 0.9516468868741317 0.024601893713693722 0.02554551386770836
22 0.31611276592516263 0.9538776148382981 0.026237168320799496 0.027144381458888846
22 0.3925661040145039 0.9544393528704509 0.024601893713693812 0.02554551386770836
22 0.6109522309789746 0.9571603901051728 0.024601893713693812 0.02554551386770836
22 0.20934268920836097 0.8502278976077079 0.027799668320799498 0.027180749050069508
22 0.046919771921018726 0.785332862272847 0.021258569892376133 0.020785278685347207
22 0.06723227192101873 0.7848600835874998 0.021331344499481996 0.022347778685347208
22 0.2481547861890423 0.7876726930105551 0.021331344499482086 0.022347778685347208
22 0.1599335022763116 0.704662130890208 0.021258569892376133 0.020785278685347207
22 0.18020961497275864 0.7049706022048607 0.021331344499481996 0.022347778685347208
22 0.25932784243256746 0.5142715606017357 0.024601893713693812 0.02554551386770836
22 0.05940492514522511 0.45024934745520817 0.021258569892376223 0.02078527868534723
22 0.07889978784167218 0.45057600256545116 0.021331344499482086 0.02234777868534723
22 0.1780457632345663 0.44982916052548577 0.021258569892376223 0.02078527868534723
16 0.27890625 0.99140625 0.0171875 0.0171875
16 0.2344090016571391 0.9487556633752774 0.01722604135632899 0.03473867591180557
16 0.35202464888548946 0.7860354981970481 0.015445217535011223 0.03001480832062491
16 0.3429579797361203 0.511544644473576 0.015663541356328813 0.034702308320625
16 0.2796082632345664 0.44746526709874956 0.017007717535011225 0.03005117591180557
12 0.19140625 0.9953125 0.0171875 0.009375
12 0.1295011395798645 0.7045900489182289 0.010393844499481997 0.022093205547083272
34 0.49349936538704336 0.8482964960128466 0.017080492142117265 0.03161367591180557
13 0.08992060111901976 0.8506662683330205 0.017226041356328815 0.03473867591180557
13 0.43933840426217297 0.8550199279085758 0.01722604135632899 0.03473867591180557
32 0.01584093817490371 0.9499408761405554 0.024601893713693722 0.02554551386770836
32 0.5711812555860805 0.9565252636802771 0.024601893713693812 0.02554551386770836
32 0.15091602895033204 0.5128928581887845 0.024601893713693722 0.02554551386770836
31 0.0515625 0.9953125 0.015625 0.009375
31 0.24453532651191398 0.8486283768061454 0.016789393713693812 0.02536367591180557
31 0.3854364623677247 0.7891598449866661 0.013446069892376044 0.0206034407294446
17 0.5493127177444082 0.8563622627303467 0.020132717535011224 0.030123911094166723
12 0.015596997313912864 0.7876227140964581 0.01693494292790545 0.028488675911805574
28 0.1404150607961482 0.7886195568020137 0.01537244292790545 0.028452308320624908
8 0.22230076158193643 0.7898352582650343 0.01693494292790554 0.028488675911805574
22 0.42591591315351307 0.7913392876159717 0.02318494292790536 0.028634146276527873
32 0.05063127688341744 0.705645362272847 0.024674668320799585 0.027108013867708357
12 0.027300900538119243 0.4525573830744095 0.017007717535011225 0.03005117591180557
4 0.1529729886274605 0.4519735419843747 0.016862168320799585 0.026926175911805572
5 0.7165537216733497 0.6582365000969091 0.13834767824559718 0.1889560100679862
4 0.946875 0.66953125 0.10625 0.1796875