13 0.159375 0.31953125 0.31875 0.6390625
29 0.41015625 0.5078125 0.1828125 0.2625
35 0.5149961019653198 0.21148714874595576 0.3512930640515431 0.40597211577619124
26 0.57265625 0.44140625 0.3328125 0.3953125
17 0.8113058385980487 0.4388137076597367 0.31497375604708877 0.37043643486244165
19 0.87421875 0.5734375 0.2515625 0.13125
31 0.91953125 0.2359375 0.1609375 0.346875
23 0.159375 0.81953125 0.31875 0.3609375
35 0.41953125 0.76875 0.2015625 0.259375
23 0.53125 0.9140625 0.21875 0.171875
31 0.5734375 0.72265625 0.20625 0.1671875
18 0.6578125 0.8765625 0.20625 0.246875
34 0.66875 0.9515625 0.196875 0.096875
30 0.71796875 0.721875 0.2265625 0.165625
15 0.7828797519096404 0.8127024161678879 0.18341357869190808 0.19967180373891083
21 0.8734375 0.9328125 0.19375 0.134375
29 0.9046632978994591 0.8784080813100905 0.18368629869508962 0.22310930373891083
14 0.95625 0.89765625 0.0875 0.2046875
28 0.97421875 0.75390625 0.0515625 0.2296875
24 0.90546875 0.72109375 0.1859375 0.1640625