3 0.29453125 0.184375 0.5890625 0.36875
3 0.934375 0.0203125 0.13125 0.040625
0 0.8789189579090042 0.08902807752941708 0.16417268268618096 0.15037136760421674
1 0.810331495226005 0.21207825836577587 0.15470677601845367 0.14217686562705048
6 0.74921875 0.3125 0.1546875 0.1125
13 0.521875 0.6265625 0.134375 0.31875
14 0.47890625 0.778125 0.2203125 0.31875
27 0.4390625 0.884375 0.3 0.23125
15 0.25078125 0.45546875 0.3921875 0.1734375
0 0.1859375 0.53515625 0.371875 0.3140625
17 0.12109375 0.75078125 0.2421875 0.3046875
21 0.0875 0.85859375 0.175 0.2828125
6 0.79453125 0.684375 0.4109375 0.63125