25 0.4890625 0 0.0658232453125 0 0.0165592671875 0.033326140625 0 0.0627480359375 0 0.4254227390625 0.039912199999999995 0.45 0.29134744375 0.45 0.4890625 0.3665553765625 0.4890625 0
0 0.93515625 0.27734375 0.1296875 0.1921875
3 0.8313314245264106 0.319447302637231 0.1958858112195859 0.21100247402109956
5 0.7015625 0.35703125 0.190625 0.1859375
6 0.5796875 0.378125 0.18125 0.14375
7 0.43359375 0.6359375 0.1109375 0.184375
4 0.34796081513329397 0.7094713690970915 0.18756312818904775 0.20420617080279085
8 0.23703954846339456 0.7881430362935861 0.1805478536432407 0.19439412822814398
0 0.12559212330876424 0.8636350731682498 0.18236544515850978 0.19762838887180578
3 0.04765625 0.91875 0.0953125 0.1625
25 0.6901681359375 0.45 0.4890625 0.5289172828125001 0.4890625 0.5906927109375 0.4977623015625 0.5870210046875 0.5342811953125001 0.60834265625 0.6312112640625 0.8429407812499999 0.4890625 0.9029339390625001 0.4890625 1 0.83465080625 1 0.6490246125000001 0.5507322203125 0.670791453125 0.5139949390625 0.7337111421875 0.48744000625000006 0.7182418703125 0.45 0.6901681359375 0.45