16 0.16953125 0.28984375 0.3390625 0.5796875
4 0.95078125 0.5328125 0.0984375 0.09375
0 0.8921875 0.49921875 0.171875 0.1609375
2 0.7874681523956368 0.429608291172519 0.17199493217453857 0.17126698770335977
0 0.6854283093438969 0.3516918485505031 0.1916910020669146 0.1916885720123153
5 0.5758306774170275 0.2791987041330891 0.18671240363849115 0.18541130093507635
1 0.4716654081866052 0.20595612597245375 0.188347678245597 0.18698289129415607
0 0.3984375 0.1234375 0.11875 0.184375
0 0.2765625 0.9640625 0.125 0.071875
3 0.1890625 0.92578125 0.15625 0.1484375
2 0.0841054420993359 0.8483476381708981 0.15407968610347994 0.15554199375348415
6 0.0296875 0.7625 0.059375 0.165625
0 0.66953125 0.78984375 0.6609375 0.4203125