33 0.2046875 0.19921875 0.409375 0.3984375
27 0.78203125 0.07578125 0.2578125 0.1515625
31 0.8530152530543589 0.24296875 0.24957287869919878 0.2609375
18 0.88359375 0.42890625 0.2328125 0.1609375
22 0.5609375 0.1140625 0.25 0.228125
30 0.6653794741857509 0.32578125 0.2764531680911505 0.346875
15 0.7203125 0.478125 0.275 0.0625
20 0.45234375 0.1140625 0.0859375 0.228125
33 0.4875 0.32265625 0.15625 0.2390625
1 0.2046875 0.72109375 0.409375 0.4234375
3 0.9604042768730565 0.7109375 0.039502115756780753 0.034375
6 0.9557769610315713 0.65625 0.039502115756780753 0.034375