20 0.33984375 0.225 0.6796875 0.45
34 0.83984375 0.225 0.3203125 0.45
8 0.5546875 0.96328125 0.203125 0.0734375
8 0.46875 0.9109375 0.20625 0.178125
0 0.38626828640758876 0.822386425821335 0.2289792503386842 0.23891800740125557
3 0.29858682270363596 0.7198307271779243 0.22231981456303557 0.23070498920265833
5 0.2139484718445533 0.615512269435215 0.2240460888732949 0.23393011875230768
3 0.1296875 0.534375 0.221875 0.16875
4 0.0796875 0.48125 0.159375 0.0625
20 0.8476550864984457 0.6629742481542987 0.2608024604245925 0.2518580983942421
13 0.9328125 0.915625 0.134375 0.16875
31 0.7953125 0.9515625 0.23125 0.096875