29 0.21953125 0.2 0.4390625 0.4
11 0.4390625 0 0.4390625 0.4 0.702817575 0.4 0.8446422453124999 0.263949690625 0.8556929015625 0.1580005171875 0.8051241703125 0.1139940421875 0.7406095828125 0.10035841406249998 0.7435503484374999 0.0843207640625 0.822010790625 0.06758555000000001 0.9240650390624999 0 0.4390625 0
1 0.026820322724361034 0.5692559293798537 0.014371582670272432 0.02680796185055314
3 0.003125 0.5625 0.00625 0.028125
3 0.04170043539145185 0.5726400279998819 0.02063976400381797 0.028479556006354302
9 0.013511800724042811 0.5666803542987757 0.02063976400381797 0.028479556006354302
9 0.05814304805854276 0.5760514001588606 0.01749658267027261 0.02686250892845372
5 0.07615725139240634 0.5802712958567894 0.01749658267027243 0.02686250892845372
1 0.22879463944140407 0.9437997820570716 0.014371582670272432 0.02680796185055314
1 0.23975032077494962 0.945553196829724 0.01749658267027243 0.02686250892845372
20 0.71953125 0.72421875 0.5609375 0.5515625