21 0.21640625 0.25 0.4328125 0.5
23 0.8296875 0.25 0.340625 0.5
2 0.55703125 0.83125 0.2046875 0.3375
3 0.46796875 0.83984375 0.3078125 0.3203125
4 0.31875 0.84140625 0.309375 0.3171875
5 0.1703125 0.85 0.29375 0.3
8 0.46796875 0.546875 0.3046875 0.09375
9 0.31875 0.546875 0.30625 0.09375
0 0.17421875 0.546875 0.3171875 0.09375
2 0.94765625 0.625 0.1046875 0.25
3 0.8895947825168975 0.6371600442319363 0.158747449293333 0.22742734496658024
4 0.7843406459947676 0.655604306813838 0.17546605758740697 0.24020008035608367
5 0.71796875 0.68046875 0.1171875 0.2515625