6 0.2546875 0.24609375 0.509375 0.4921875
1 0.9923449336587581 0.4129854225811858 0.013520366061076317 0.012645450668363622
4 0.99296875 0.39375 0.0140625 0.01875
1 0.9031069615385452 0.4406115305935943 0.013265274545807237 0.009520450668363623
5 0.904239026841017 0.42574050859327617 0.013903003333979846 0.01733295066836362
1 0.74140625 0.60546875 0.0109375 0.0078125
2 0.8028369260727143 0.14149332527054836 0.013775457576345396 0.015770450668363623
1 0.7297971362341336 0.4058745459500477 0.013265274545807237 0.009520450668363623
5 0.7317742244154226 0.39177568328295687 0.013903003333979846 0.01733295066836362
1 0.6222710339680187 0.5830739399665925 0.010395366061076317 0.012609088001272539
2 0.683672466829379 0.1186381752864567 0.013775457576345396 0.015770450668363533
1 0.6106326769907982 0.38301939596595613 0.013265274545807237 0.009520450668363623
5 0.6132634694144528 0.3673489426320925 0.013903003333979846 0.01733295066836362
1 0.5653355077552216 0.5657506273074557 0.013520366061076317 0.012645450668363622
1 0.5676474357847898 0.5461739239735921 0.013520366061076317 0.012645450668363622
3 0.54615662031314 0.0913046106381377 0.013520366061076317 0.012645450668363622
20 0.2546875 0.8046875 0.509375 0.390625
35 0.7671875 0.8046875 0.465625 0.390625