31 0.309375 0.19453125 0.61875 0.3890625
35 0.809375 0.19453125 0.38125 0.3890625
16 0.540625 0.653125 0.15625 0.196875
28 0.40678049002892297 0.7865041912396862 0.22718466831236128 0.23070674936345306
14 0.20903201463020765 0.8598796985996394 0.26719272568305585 0.2717862827020895
33 0.5203125 0.47734375 0.196875 0.1765625
24 0.39239394776020775 0.6328070265754586 0.21591985999173638 0.21651698002863498
21 0.10546875 0.7453125 0.2109375 0.215625
13 0.0328125 0.72734375 0.065625 0.2484375
23 0.06640625 0.46328125 0.1328125 0.1484375
15 0.23009527593246482 0.5589348165977304 0.2158834924005557 0.214954480028635
30 0.36875 0.46328125 0.24375 0.1484375
34 0.05390625 0.5625 0.1078125 0.215625
18 0.12109375 0.49453125 0.2421875 0.2109375
29 0.21913697929534665 0.6941819732654577 0.21108688962701408 0.21021243602799872
4 0.69296875 0.73828125 0.1484375 0.2953125
5 0.74453125 0.61796875 0.2515625 0.2828125
6 0.83515625 0.51953125 0.2953125 0.2609375
7 0.89921875 0.4546875 0.2015625 0.13125