17 0.038964546875 0 0.0088273828125 0.032397225 0 0.0413839984375 0 0.18659765156250002 0.23541428281250001 0.2943965875 0.23265731406249998 0.32105930625 0.0826856109375 0.46647843437500003 0.04900825625 0.47898234375 0.0026276718750000002 0.45774413437500006 0 0.463537909375 0 0.5030828296875 0.16729138125 0.5796875 0.20354192968749998 0.5796875 0.21557470625000003 0.564563446875 0.171951090625 0.5166625203125 0.2518111140625 0.4229139296875 0.536294325 0.1249962703125 0.5890625 0.1323740015625 0.5890625 0.0719604421875 0.4460768546875 0 0.443396459375 0 0.4153697375 0.04169833125 0.45825463125 0.0706442109375 0.440776190625 0.1091825671875 0.2838131109375 0.2700170375 0.1369412640625 0.2027627109375 0.0244854953125 0.1419595203125 0.031476871875 0.1265441765625 0.1583025125 0 0.038964546875 0
23 0.79453125 0.28984375 0.4109375 0.5796875
32 0.29453125 0.78984375 0.5890625 0.4203125
2 0.78046875 0.9546875 0.1234375 0.090625
3 0.6587802262169544 0.8873289036503216 0.11505141935425689 0.12633168973360737
5 0.9609375 0.940625 0.078125 0.11875
6 0.8672455436281312 0.859266276160273 0.11981169396136267 0.1280851907221905
7 0.7466911410230974 0.7749469673767553 0.12471751778268034 0.1329636917107738
1 0.9640625 0.75546875 0.071875 0.1203125
0 0.9337159520241334 0.7234932608372338 0.11824919396136271 0.1280215237259963
0 0.8332749962759465 0.6508781146012861 0.12471751778268025 0.1329636917107738