35 0.34453125 0.14453125 0.6890625 0.2890625
24 1 0 0.6890625 0 0.6890625 0.0874253109375 0.8399913984375 0.15671661875 0.91911270625 0.1628532203125 1 0.1398918109375 1 0
1 0.16775448755967437 0.8453734141845375 0.02052711347787035 0.021952912441111038
0 0.16556727097152626 0.8203734141845374 0.02787072177194432 0.034999716588148114
2 0.1594936367584708 0.7689476152212966 0.02603481969842587 0.0317380155513888
2 0.1537911494351376 0.7127659657396762 0.024335618661666558 0.030038814514629662
2 0.1516039328469895 0.6877659657396762 0.024335618661666558 0.030038814514629662
0 0.1572380696519431 0.7431663652212966 0.02603481969842587 0.0317380155513888
2 0.2901291906226839 0.6874550245048617 0.015566211404351904 0.018417809330833278
2 0.37592998958592466 0.6783739674831027 0.015566211404351904 0.018417809330833278
2 0.5202561880307858 0.6633853715828715 0.015566211404351904 0.018417809330833278
9 0.2884204276631932 0.6679237745048617 0.01740211347787035 0.021679510367592414
9 0.37428957714481353 0.6596239674831027 0.01740211347787035 0.021679510367592414
9 0.5178345255896747 0.6447037221012512 0.01740211347787035 0.021679510367592414
5 0.6389282755896747 0.6341093917524088 0.01740211347787035 0.021679510367592414
1 0.4525027600382859 0.6268026140900009 0.015292809330833278 0.015292809330833278
2 0.45008109759717474 0.6081209646083806 0.020527113477870174 0.021952912441111038
1 0.45179198614555477 0.4387168537224084 0.015292809330833278 0.015292809330833278
0 0.450083223186064 0.4191856037224084 0.01740211347787035 0.02167951036759259
1 0.612531870924258 0.6293337088589365 0.015292809330833278 0.015292809330833278
0 0.610891458483147 0.6105837088589364 0.01740211347787035 0.02167951036759259
25 1 0.44148200937500004 0.8964026125 0.46731173750000005 0.8070972703124999 0.5240630734374999 0.7583535296875 0.60518628125 0.774499628125 0.739100659375 0.8130156968750001 0.7898463 0.9489101578125 0.8507977921875 0.821066928125 0.89129394375 0.839280378125 0.9643441015625001 0.868361784375 1 0.9431240046875 1 0.9427299203124999 0.9989000062500001 0.956939571875 0.9867358890624999 1 0.97599971875 1 0.44148200937500004