35 0.29453125 0.1546875 0.5890625 0.309375
12 0.8675993163190376 0.8499807685142065 0.04856647477225664 0.05171531930985207
24 0.8832962381887365 0.8285210317557581 0.037247028855940556 0.040012994804219916
24 0.8677629743089204 0.607973584974067 0.037247028855940556 0.040012994804219916
24 0.6301612813878293 0.5768156921669889 0.037247028855940556 0.040012994804219916
24 0.7877232663268868 0.42404633522616847 0.037247028855940556 0.040012994804219916
24 0.8475322867453068 0.36504303980152997 0.03562996515360979 0.038341234160558194
24 0.6832540211362103 0.4376167983515047 0.037247028855940556 0.040012994804219916
24 0.7046875 0.328125 0.0375 0.0375
23 0.9007466330165933 0.8124207843536482 0.037247028855940556 0.040012994804219916
23 0.9174157778444503 0.7963751672733692 0.03880952885594056 0.04012225544788155
23 0.6617709238534334 0.7194895112247395 0.03880952885594056 0.04012225544788173
23 0.7352604983555375 0.6485653700071452 0.0323958377489479 0.03499771287323465
23 0.8238839995366639 0.5624861223529338 0.03557540145127884 0.0367787341605581
23 0.9572917218618496 0.43568368571070104 0.033958337748947895 0.03510697351689647
23 0.8179216870154594 0.48145464364025725 0.03880952885594056 0.04012225544788164
23 0.9194717741314353 0.38429043051492096 0.03557540145127902 0.0367787341605581
23 0.6960293288480914 0.5119066041677034 0.03562996515360979 0.0383412341605581
23 0.8649553997219982 0.34816154239942 0.03880952885594056 0.04012225544788164
23 0.7324529237686154 0.38875332743249835 0.033958337748947895 0.03510697351689647
23 0.7733581767638403 0.3490845400536315 0.03880952885594056 0.04012225544788164
23 0.6303274285779389 0.40215989959234194 0.037247028855940556 0.040012994804219916
23 0.721875 0.31953125 0.034375 0.0203125
23 0.6015625 0.34609375 0.025 0.0390625
14 0.9348388908211417 0.7794936698712592 0.03880952885594056 0.04012225544788155
14 0.6078696522538871 0.8579617853620544 0.037247028855940556 0.040012994804219916
14 0.9169618769413255 0.5591101140550605 0.037247028855940556 0.040012994804219916
14 0.6943006816579818 0.6866716573860121 0.03880952885594056 0.04012225544788173
14 0.98515625 0.4 0.0296875 0.040625
14 0.60546875 0.68671875 0.0328125 0.0390625
14 0.6551092068857252 0.6408564128338938 0.037247028855940556 0.040012994804219916
14 0.7367833036203478 0.55761258807616 0.03880952885594056 0.04012225544788173
14 0.8776761437315486 0.42088884821561867 0.03880952885594056 0.04012225544788164
14 0.7134524418247827 0.49502510676559347 0.037247028855940556 0.040012994804219916
14 0.7301215866526396 0.47897948968531434 0.03880952885594056 0.04012225544788164
14 0.8308631419174499 0.381088656881809 0.03880952885594056 0.04012225544788164
14 0.8823785126986898 0.33128004499731 0.03880952885594056 0.04012225544788164
14 0.6180580962712865 0.4993462560289593 0.03886409255827132 0.04168475544788173
12 0.9515080356489986 0.7634480527909802 0.03562996515360979 0.0383412341605581
12 0.6784400686812904 0.7034438941444604 0.03562996515360979 0.0383412341605581
12 0.7928348961786192 0.5928509655479994 0.037247028855940556 0.040012994804219916
12 0.6347545229503087 0.4840818889486803 0.03562996515360979 0.038341234160558194
29 0.9660516852861789 0.7538163266761937 0.03406746515360979 0.038231973516896466
29 0.8398934346532065 0.639682406881809 0.03406746515360979 0.038231973516896466
29 0.9739459977225653 0.5089190899177455 0.03406746515360979 0.038231973516896466
29 0.8429241762156862 0.5470578643071621 0.03406746515360979 0.038231973516896466
29 0.8944395469969258 0.4972492524226631 0.03406746515360979 0.038231973516896466
29 0.9202108733131285 0.4727355714804136 0.03406746515360979 0.038231973516896466
29 0.6248413535276807 0.6711666257071285 0.03886409255827132 0.04168475544788173
29 0.7998537332945951 0.5022970213641981 0.0323958377489479 0.03499771287323465
29 0.6493254544386545 0.4752314128338938 0.03406746515360961 0.038231973516896375
14 0.9772520801140356 0.7381531218487307 0.037247028855940556 0.040012994804219916
13 0.98671875 0.72578125 0.0265625 0.0484375
13 0.7552183342903869 0.6369887316395427 0.04371528366526398 0.04670003737886681
13 0.9764137440943681 0.4225991776649294 0.04371528366526363 0.04670003737886681
13 0.9393477645127882 0.37037004214731845 0.04053571996293322 0.04491901609154336
13 0.6758358799365505 0.5391628728571369 0.04209821996293321 0.045028276735205
13 0.7508606725874891 0.467348220995881 0.04053571996293322 0.04491901609154336
13 0.6494494508104575 0.3890753915465703 0.04209821996293321 0.04502827673520508
13 0.6903547038056823 0.3494066041677034 0.04053571996293304 0.04491901609154336
13 0.6162351575265467 0.335010604419805 0.04371528366526398 0.04670003737886681
17 0.8270486942718535 0.6531111223529338 0.04053571996293322 0.04491901609154336
17 0.855163770588056 0.6284335504451917 0.04053571996293322 0.04491901609154354
17 0.64011168946253 0.6599177692705112 0.04209821996293321 0.045028276735205174
27 0.70486864862569 0.7650316041677034 0.0323958377489479 0.03499771287323465
27 0.7851712183184706 0.6873657900536314 0.029161710344286364 0.03165419158591121
27 0.99453125 0.3890625 0.0109375 0.03125
28 0.9018279502623031 0.5742652204916778 0.03557540145127902 0.0367787341605581
28 0.6770288469042587 0.6181783835007986 0.03557540145127884 0.0367787341605581
28 0.7861458973597456 0.5134366171571537 0.03557540145127884 0.0367787341605581
28 0.7710268396478644 0.43931070230644753 0.03557540145127867 0.0367787341605581
28 0.90234375 0.31953125 0.0359375 0.0203125
18 0.6642089322909539 0.8117316415465703 0.0308333377489479 0.03488845222957302
18 0.6800968271188108 0.7957406547881221 0.0308333377489479 0.03488845222957302
18 0.7975075272114781 0.6818042049043376 0.0308333377489479 0.03488845222957302
18 0.7748215061600858 0.6152558432719402 0.0308333377489479 0.03488845222957302
18 0.9119445055271136 0.48271150502055316 0.0308333377489479 0.03488845222957302
18 0.7235962789407585 0.4042526412944687 0.0308333377489479 0.03488845222957293
22 0.7404688427279075 0.7304327290416527 0.045277783665263985 0.046809298022528624
22 0.9875 0.48125 0.025 0.046875
22 0.7156721954529799 0.5810172370874243 0.045277783665263985 0.046809298022528624
22 0.8573462855641806 0.4442388669050521 0.045277783665263985 0.046809298022528624
22 0.8104241563454202 0.4013136755712424 0.045223219962933214 0.04524679802252862
34 0.6633507489036916 0.4507559367191073 0.04053571996293304 0.04491901609154336
34 0.78671875 0.33203125 0.0453125 0.0453125
16 0.6 0.86796875 0.021875 0.0484375
16 0.8031027627835078 0.6626171623296907 0.04371528366526398 0.04670003737886681
16 0.59765625 0.4375 0.0171875 0.046875
24 0.7185219208582085 0.7523295083747478 0.03880952885594056 0.04012225544788173
29 0.6232218337422328 0.8490566789254371 0.03406746515360979 0.038231973516896466
32 0.6450050645049391 0.822472399592342 0.04366071996293321 0.04513753737886681
32 0.61015625 0.59609375 0.0421875 0.0453125
32 0.81484375 0.31875 0.0453125 0.01875
15 0.674119645630465 0.8039901973627689 0.035684528855940555 0.039903734160558105
15 0.6998636900955022 0.7786952664205196 0.04048115626060209 0.04335651609154336
15 0.603125 0.525 0.028125 0.040625
15 0.6108457969969259 0.517080059247268 0.037301592558271326 0.04157549480421992
11 0.7739981053417792 0.7038102448810944 0.04371528366526398 0.04670003737886681
30 0.8844048372856118 0.5911467178937878 0.03562996515360979 0.0383412341605581
30 0.9594296299365505 0.519332066032532 0.033958337748947895 0.03510697351689647
11 0.60859375 0.77734375 0.0390625 0.0453125
10 0.6208111071558777 0.7575957986036063 0.037247028855940556 0.040012994804219916
10 0.643566560876742 0.7364256389486803 0.03557540145127884 0.0367787341605581
10 0.7177828216765152 0.6638843674092552 0.03562996515360979 0.0383412341605581
10 0.8071875728576415 0.5777504894332128 0.03562996515360979 0.0383412341605581
10 0.6944519598809501 0.6012968860986886 0.03562996515360979 0.0383412341605581
10 0.7686136569783925 0.5271931145592637 0.03880952885594056 0.04012225544788173
10 0.8369072999921509 0.4644638855944855 0.03886409255827132 0.04168475544788164
10 0.9027480656012473 0.39877354759520006 0.03880952885594056 0.04012225544788164
10 0.59453125 0.53359375 0.0109375 0.0421875
10 0.7559350637871489 0.3659660374557414 0.03562996515360979 0.0383412341605581
10 0.6136310018989166 0.41742426667262106 0.03880952885594056 0.04012225544788164
10 0.59296875 0.36171875 0.0078125 0.0390625
11 0.9459946125133551 0.5382841618254876 0.0453323473675951 0.048371798022528625
21 0.637053666048885 0.7517610618451581 0.0308333377489479 0.03488845222957302
21 0.7613740758528664 0.5441456677775722 0.0308333377489479 0.03488845222957302
25 0.859265938829558 0.521637247226883 0.0453323473675951 0.048371798022528625
30 0.8799504610620765 0.5084434785374496 0.03557540145127902 0.0367787341605581
30 0.9390327951828275 0.45105731343464195 0.0323958377489479 0.03499771287323465
30 0.6468031443645208 0.5599888250867098 0.03562996515360979 0.0383412341605581
30 0.6998686022617362 0.42000868127122565 0.03557540145127884 0.03677873416055819
31 0.596875 0.703125 0.015625 0.0375
18 0.9597594682336525 0.349363773457885 0.0308333377489479 0.03488845222957302
18 0.596875 0.62109375 0.015625 0.0328125
21 0.6629911395551973 0.5525915883282616 0.0308333377489479 0.03488845222957302
18 0.6730134363824872 0.3686318515698134 0.0308333377489479 0.03488845222957302
18 0.6359375 0.3203125 0.028125 0.021875