33 0.3296875 0.23359375 0.659375 0.4671875
8 0.8296875 0.275 0.340625 0.55
3 0.13046875 0.58828125 0.1609375 0.0765625
3 0.3203125 0.5734375 0.153125 0.046875
5 0.14370630726346204 0.7069173060837508 0.163988198630856 0.15983310266810485
5 0.32249981072350314 0.6811759203989591 0.1656143656270504 0.1614774898232348
6 0.5130438976816414 0.6540391310506942 0.17030186562705046 0.16172315128862386
6 0.63359375 0.63046875 0.0515625 0.1609375
7 0.14990327464021727 0.8609497088427128 0.17655186562705039 0.1620506999091429
7 0.33166261060977237 0.8389507988476617 0.17642453163466154 0.1589256999091429
8 0.5190498640698136 0.8127590338096562 0.1593006986308559 0.15958744120271576
8 0.640625 0.78515625 0.0375 0.1578125
9 0.15078125 0.9703125 0.1640625 0.059375
9 0.33984375 0.9578125 0.1640625 0.084375
0 0.5203125 0.94375 0.165625 0.1125
26 0.72265625 0.69609375 0.1265625 0.2265625
31 0.72734375 0.92265625 0.1359375 0.1546875