12 0.1655161984375 0 0.0277762125 0.151308025 0 0.2242830078125 0 0.41875 0.145155115625 0.41875 0.13162823125 0.4043285359375 0.08240374218749999 0.28627886875 0.0783940078125 0.1894621953125 0.1315993734375 0.07923901093749999 0.218624778125 0 0.1655161984375 0
17 1 0.3524156359375 0.9517510109374999 0.3628495234375 0.67466134375 0.24135767968750002 0.609375 0.20089991875000002 0.609375 0.32289336875 0.6670688218749999 0.34998657031249997 0.6842731609375 0.3436818875 0.6896762015625 0.360603065625 0.6287002453125 0.41875 0.6766097109375 0.41875 0.7236867890625 0.3708209890625 0.8257495859375 0.41875 0.9959496624999999 0.41875 1 0.41462636562500005 1 0.3524156359375
12 0.55703125 0.9466393888526105 0.021875 0.023021420171816586
12 0.36015625 0.99609375 0.0203125 0.0078125
12 0.5359375 0.8250886154468621 0.0171875 0.01808825870642732
12 0.48203125 0.7958824722988386 0.021875 0.023021420171816586
12 0.17109375 0.8160842661696591 0.0203125 0.021377033016686652
12 0.34609375 0.6381629047951269 0.0171875 0.01808825870642732
12 0.1703125 0.723156459747224 0.0203125 0.021377033016686652
12 0.3453125 0.5452350983726918 0.0171875 0.01808825870642732
12 0.1265625 0.7207618000908571 0.0171875 0.018088258706427142
12 0.00234375 0.64375 0.0046875 0.021875
12 0.16953125 0.4653849033247889 0.0171875 0.01808825870642732
12 0.04296875 0.4524865128902988 0.0203125 0.02137703301668683
29 0.57421875 0.99765625 0.0171875 0.0046875
29 0.553125 0.9882503567404349 0.0171875 0.018088258706427496
29 0.5703125 0.9709433480340074 0.0171875 0.018088258706427496
29 0.51640625 0.9878309548859839 0.0171875 0.018088258706427496
29 0.58671875 0.919302282905145 0.0171875 0.018088258706427496
29 0.36953125 0.9921875 0.0171875 0.015625
29 0.54453125 0.8168257360936485 0.0171875 0.018088258706427142
29 0.41484375 0.9040911199694179 0.0171875 0.018088258706427142
29 0.596875 0.7187700163968017 0.0171875 0.01808825870642732
29 0.4203125 0.8600545149264637 0.0171875 0.018088258706427142
29 0.44765625 0.832058989711693 0.0171875 0.018088258706427142
29 0.5109375 0.7678050599289381 0.0171875 0.018088258706427142
29 0.5984375 0.678844379241672 0.0171875 0.01808825870642732
29 0.38671875 0.8180650887617533 0.0171875 0.018088258706427142
29 0.3015625 0.8295591887163247 0.0171875 0.01808825870642732
29 0.37734375 0.7521501616925319 0.0171875 0.01808825870642732
29 0.18046875 0.8077804432388807 0.015625 0.016443871551297562
29 0.3546875 0.6299000254419133 0.0171875 0.018088258706427142
29 0.00625 0.634375 0.0125 0.01875
29 0.17890625 0.45708108039401035 0.0171875 0.01808825870642732
29 0.00625 0.53984375 0.0125 0.0171875
29 0.01875 0.47953701379480995 0.0171875 0.01808825870642732
29 0.07421875 0.42421875 0.0171875 0.0109375
18 0.5859375 0.9921875 0.015625 0.015625
18 0.565625 0.9782202594993968 0.015625 0.018006371551297206
18 0.37890625 0.9880057745374021 0.015625 0.018006371551297563
18 0.4703125 0.8925903759623116 0.015625 0.018006371551297563
18 0.55 0.8118516310506942 0.015625 0.018006371551297563
18 0.45546875 0.8261808039360442 0.015625 0.016443871551297562
18 0.57890625 0.7009617186807938 0.015625 0.018006371551297563
18 0.59296875 0.6861622342846261 0.015625 0.016443871551297562
18 0.440625 0.801177481909777 0.015625 0.016443871551297562
18 0.51171875 0.7310453663513732 0.0140625 0.014799484396167628
18 0.265625 0.943161343284309 0.0140625 0.014799484396167628
18 0.3375 0.8706445341483405 0.0140625 0.014799484396167805
18 0.37109375 0.7587277103130509 0.015625 0.018006371551297563
18 0.1875 0.8019432010407967 0.01875 0.019732645861557076
18 0.28125 0.7071862217330116 0.015625 0.018006371551297563
18 0.3609375 0.6256662268213942 0.015625 0.018006371551297563
18 0.4484375 0.5367055461341282 0.015625 0.016443871551297562
18 0.1875 0.7097557010407967 0.015625 0.018006371551297563
18 0.28125 0.6142174717330116 0.01875 0.019732645861557076
18 0.36171875 0.5334377832438294 0.01875 0.019732645861557076
18 0.4484375 0.44451804613412815 0.015625 0.018006371551297563
18 0.1203125 0.729683098711376 0.015625 0.018006371551297563
18 0.15078125 0.6546487991863459 0.015625 0.016443871551297562
18 0.01328125 0.628261118837764 0.015625 0.018006371551297563
18 0.10390625 0.5336679138402385 0.01875 0.019732645861557076
18 0.18359375 0.4521479189286211 0.015625 0.018006371551297563
18 0.01171875 0.5345930059928937 0.015625 0.018006371551297563
18 0.10546875 0.4413985266851087 0.015625 0.018006371551297563
31 0.38515625 0.9783032259168831 0.021875 0.023021420171816586
31 0.55625 0.8013678324301752 0.0203125 0.021377033016686652
31 0.56953125 0.7069217916115724 0.0203125 0.02137703301668683
31 0.19375 0.7930219024202778 0.0203125 0.021377033016686652
31 0.36796875 0.6159227346233104 0.0171875 0.01808825870642732
31 0.19453125 0.6984497088427128 0.0171875 0.018088258706427142
31 0.3671875 0.5229949282008752 0.0171875 0.01808825870642732
31 0.01953125 0.618558570217245 0.0203125 0.02137703301668683
31 0.19140625 0.4439259831529723 0.0203125 0.02137703301668683
31 0.01796875 0.5256717073723748 0.0171875 0.01808825870642732
14 0.39609375 0.967573765830975 0.021875 0.023021420171816232
14 0.56640625 0.7914605659218319 0.021875 0.023021420171816586
14 0.4 0.9189315479431505 0.021875 0.023021420171816586
14 0.4328125 0.8820556676854256 0.021875 0.023021420171816586
14 0.48515625 0.828531197988579 0.021875 0.023021420171816586
14 0.334375 0.9465895584586 0.021875 0.023021420171816586
14 0.3453125 0.9350788483726917 0.021875 0.023021420171816586
14 0.42890625 0.8502291355732501 0.021875 0.023021420171816586
14 0.546875 0.7299841553609537 0.021875 0.023021420171816586
14 0.459375 0.78066358604822 0.0203125 0.021377033016686652
14 0.30625 0.8988447772509355 0.021875 0.023021420171816586
14 0.36796875 0.8354539846233104 0.021875 0.023021420171816586
14 0.3203125 0.8090452928547679 0.0203125 0.021377033016686652
14 0.20546875 0.7806889987568045 0.0203125 0.021377033016686652
14 0.37734375 0.6060564116925319 0.0203125 0.02137703301668683
14 0.20546875 0.6877202487568045 0.0203125 0.021377033016686652
14 0.3765625 0.5131286052700967 0.0171875 0.01808825870642732
14 0.1625 0.6829408955228727 0.0203125 0.021377033016686652
14 0.18046875 0.6648116932388806 0.0171875 0.01808825870642732
14 0.225 0.6195091593176827 0.0203125 0.021377033016686652
14 0.26484375 0.579139786861874 0.0203125 0.021377033016686652
14 0.196875 0.6037956281100183 0.0203125 0.021377033016686652
14 0.0296875 0.6086513037089016 0.0203125 0.021377033016686652
14 0.2015625 0.433237466644629 0.0203125 0.02137703301668683
14 0.028125 0.5142019408640314 0.021875 0.023021420171816586
14 0.00703125 0.490625 0.0140625 0.021875
14 0.01953125 0.4302773202172451 0.0203125 0.021377033016686742
10 0.603125 0.96875 0.0125 0.021875
10 0.54140625 0.9630832604039078 0.021875 0.023021420171816232
10 0.41953125 0.9413454585040286 0.025 0.0263101944820761
10 0.46015625 0.9001538924706549 0.021875 0.023021420171816586
10 0.59140625 0.7682753714397558 0.021875 0.023021420171816586
10 0.5328125 0.7830648897571215 0.0203125 0.02137703301668683
10 0.5734375 0.741873323723748 0.021875 0.023021420171816586
10 0.60234375 0.7078125 0.0140625 0.021875
10 0.4609375 0.8173004488930902 0.021875 0.023021420171816586
10 0.34921875 0.8934678804848675 0.0203125 0.021377033016686652
10 0.50234375 0.7370054392821517 0.0203125 0.02137703301668683
10 0.23046875 0.7551600542747285 0.0203125 0.021377033016686652
10 0.27109375 0.7139684882413551 0.0203125 0.02137703301668683
10 0.4015625 0.5813496607880208 0.0203125 0.02137703301668683
10 0.43984375 0.5426246754873418 0.0171875 0.01808825870642732
10 0.5078125 0.47265633423919756 0.0171875 0.01808825870642732
10 0.2296875 0.6630134978522934 0.0203125 0.021377033016686652
10 0.27109375 0.620999738241355 0.0203125 0.02137703301668683
10 0.4015625 0.4883809107880207 0.0171875 0.01808825870642732
10 0.43984375 0.4488746754873418 0.0171875 0.01808825870642732
10 0.3609375 0.4819162268213943 0.0171875 0.01808825870642732
10 0.20703125 0.5938883616016748 0.0203125 0.02137703301668683
10 0.0546875 0.5823411092268256 0.0203125 0.02137703301668683
10 0.09453125 0.539627986771017 0.021875 0.023021420171816586
10 0.053125 0.4886729963819554 0.021875 0.023021420171816586
10 0.09375 0.44670018034858183 0.025 0.0263101944820761
10 0.053125 0.4425792463819554 0.0203125 0.021377033016686742
10 0.03046875 0.4234375 0.0171875 0.009375
22 0.603125 0.89375 0.0125 0.025
22 0.4359375 0.9264231433751661 0.0265625 0.027954581637205676
22 0.6 0.753125 0.01875 0.025
22 0.559375 0.7527665581199157 0.025 0.0247476944820761
22 0.53359375 0.7431801961795567 0.0265625 0.027954581637205857
22 0.24375 0.7427452634561257 0.0265625 0.027954581637205857
22 0.41484375 0.5681536199694179 0.025 0.0247476944820761
22 0.24453125 0.6481730698785608 0.025 0.0247476944820761
22 0.4140625 0.4752258135469827 0.025 0.0247476944820761
22 0.27890625 0.5651215524657063 0.025 0.0247476944820761
22 0.0703125 0.5666784876755282 0.0265625 0.027954581637205676
22 0.06640625 0.47469570556335244 0.025 0.02474769448207601
25 0.4484375 0.911705546134128 0.025 0.0263101944820761
25 0.39765625 0.878429378675845 0.021875 0.023021420171816586
25 0.2578125 0.7240395290599579 0.025 0.0263101944820761
25 0.42734375 0.5526547727283798 0.0203125 0.021377033016686652
25 0.25859375 0.631029835482393 0.025 0.0263101944820761
25 0.4265625 0.46050821630594474 0.0171875 0.01808825870642732
25 0.08125 0.5512615275896199 0.025 0.0263101944820761
25 0.08203125 0.457470584012055 0.025 0.02631019448207601
25 0.06328125 0.42876572987361194 0.0171875 0.01808825870642732
16 0.4765625 0.8821065773417927 0.025 0.0263101944820761
16 0.41953125 0.8179079585040286 0.025 0.0263101944820761
16 0.2859375 0.6952218102676223 0.025 0.0263101944820761
16 0.453125 0.5255223846687389 0.021875 0.023021420171816586
16 0.2859375 0.6022530602676224 0.028125 0.02959896879233561
16 0.45234375 0.43259457824630376 0.021875 0.0230214201718165
16 0.11015625 0.5224028652197195 0.025 0.0263101944820761
16 0.109375 0.43046875 0.025 0.0234375
23 0.50703125 0.99375 0.0171875 0.0125
23 0.48828125 0.8705549236783195 0.021875 0.023021420171816586
23 0.47421875 0.8400419080744872 0.0203125 0.02137703301668683
23 0.60703125 0.69609375 0.0046875 0.0203125
23 0.43828125 0.8403628126424716 0.0203125 0.02137703301668683
23 0.3234375 0.9198190185445082 0.0203125 0.021377033016686652
23 0.271875 0.9334587946637901 0.0203125 0.021377033016686652
23 0.3 0.6851098258714545 0.0203125 0.021377033016686652
23 0.46640625 0.515451343850136 0.0171875 0.01808825870642732
23 0.3 0.5913598258714545 0.0203125 0.021377033016686652
23 0.46484375 0.425 0.0171875 0.0125
23 0.3328125 0.5099526956137298 0.0171875 0.018088258706427142
23 0.12265625 0.4234375 0.0203125 0.009375
23 0.12421875 0.5122908808235517 0.0203125 0.021377033016686652
34 0.37578125 0.8631695488476616 0.021875 0.023021420171816586
34 0.32890625 0.7968761635015541 0.025 0.0263101944820761
34 0.51640625 0.4612684548859839 0.021875 0.0230214201718165
34 0.38671875 0.4532213387617533 0.021875 0.0230214201718165
21 0.58203125 0.7343916943705343 0.0140625 0.014799484396167628
21 0.5875 0.7286363393275803 0.0140625 0.014799484396167628
21 0.3546875 0.9283375254419133 0.015625 0.018006371551297563
21 0.4703125 0.8113403759623117 0.015625 0.018006371551297563
21 0.33203125 0.9138998891912946 0.0125 0.01471759724103805
21 0.51640625 0.7261122048859839 0.0140625 0.014799484396167628
21 0.115625 0.7353975101767654 0.0125 0.01471759724103805
21 0.21796875 0.6308151515157665 0.0140625 0.014799484396167805
21 0.34453125 0.5023072919502567 0.015625 0.018006371551297563
13 0.28828125 0.9583802295349276 0.025 0.0263101944820761
13 0.3625 0.8826155896662644 0.025 0.0263101944820761
13 0.3453125 0.8624225983726918 0.021875 0.023021420171816586
13 0.27421875 0.8575547139310956 0.021875 0.023021420171816586
13 0.34765625 0.7826122676399972 0.025 0.0263101944820761
13 0.3 0.5468285758714545 0.021875 0.023021420171816586
13 0.3734375 0.47188612958035625 0.0203125 0.021377033016686742
13 0.21953125 0.5838582643606369 0.025 0.0263101944820761
28 0.59375 0.9853400407070613 0.0203125 0.021377033016686652
28 0.5828125 0.9577882507929694 0.0203125 0.021377033016686652
28 0.60703125 0.9265625 0.0046875 0.01875
28 0.57734375 0.9260436058359236 0.0171875 0.018088258706427496
28 0.54765625 0.768224461783389 0.0171875 0.018088258706427142
28 0.3609375 0.9186349768213944 0.0203125 0.021377033016686652
28 0.503125 0.7744644957045869 0.0203125 0.02137703301668683
28 0.584375 0.6920813636378398 0.0171875 0.018088258706427142
28 0.603125 0.66875 0.0125 0.01875
28 0.521875 0.7180130998430299 0.0171875 0.018088258706427142
28 0.3796875 0.8239023309598373 0.0203125 0.021377033016686652
28 0.15703125 0.644946250565827 0.0171875 0.018088258706427142
29 0.13359375 0.6696120578927731 0.0140625 0.014799484396167628
29 0.1703125 0.6325314597472239 0.0140625 0.014799484396167628
29 0.1953125 0.653096265265148 0.0171875 0.018088258706427142
29 0.23359375 0.6120275299644691 0.0140625 0.014799484396167628
29 0.24609375 0.599653682723431 0.0140625 0.014799484396167805
27 0.390625 0.9248916208739291 0.015625 0.016443871551297562
27 0.496875 0.8201045443251058 0.0140625 0.014799484396167805
27 0.55625 0.7201178324301754 0.0140625 0.014799484396167805
27 0.40703125 0.8341880557450665 0.0140625 0.014799484396167805
27 0.49453125 0.7452273750578005 0.0140625 0.014799484396167805
27 0.55390625 0.68430316316287 0.0140625 0.014799484396167628
27 0.17109375 0.6746780161696592 0.015625 0.016443871551297562
27 0.41796875 0.42421875 0.0140625 0.0109375
27 0.1890625 0.613580063885667 0.0140625 0.014799484396167805
27 0.01171875 0.43849925599289385 0.015625 0.016443871551297562
32 0.46171875 0.8524157553155252 0.025 0.0247476944820761
32 0.3109375 0.9321928657855463 0.0265625 0.027954581637205676
32 0.5796875 0.6587332751032291 0.0265625 0.027954581637205676
32 0.35703125 0.8469646947092186 0.025 0.0247476944820761
32 0.25546875 0.8741623597926524 0.0265625 0.027954581637205676
32 0.32109375 0.5222855992772029 0.025 0.0247476944820761
32 0.11640625 0.6861378165992005 0.025 0.0247476944820761
24 0.525 0.9795680755327704 0.0203125 0.021377033016686652
24 0.5953125 0.9071331535519315 0.0203125 0.021377033016686652
24 0.44921875 0.8655708525565633 0.0171875 0.018088258706427142
24 0.509375 0.8069494470840679 0.0203125 0.021377033016686652
24 0.4109375 0.8683583378572421 0.0203125 0.021377033016686652
24 0.51953125 0.7579796805757244 0.0203125 0.021377033016686652
24 0.29765625 0.9453889066041491 0.0203125 0.021377033016686652
24 0.33828125 0.9041973405707757 0.0203125 0.021377033016686652
24 0.3875 0.8547428951841886 0.0203125 0.021377033016686652
24 0.54375 0.6949916796712132 0.0203125 0.021377033016686652
24 0.5921875 0.646359427862191 0.0171875 0.01808825870642732
24 0.2859375 0.8436593102676223 0.0203125 0.021377033016686652
24 0.24296875 0.8873174570336906 0.0171875 0.018088258706427142
24 0.35703125 0.7711834447092187 0.0203125 0.021377033016686652
24 0.20390625 0.6417083859119342 0.0203125 0.021377033016686652
24 0.30859375 0.5346594465182409 0.0203125 0.02137703301668683
24 0.34921875 0.4934678804848674 0.0203125 0.02137703301668683
24 0.39765625 0.44405437867584513 0.0171875 0.01808825870642732
24 0.10390625 0.6985116638402384 0.0203125 0.021377033016686652
24 0.0265625 0.46897132801916114 0.0203125 0.02137703301668683
17 0.42421875 0.8965685470386393 0.021875 0.023021420171816586
17 0.325 0.9587996313893786 0.021875 0.023021420171816586
17 0.29765625 0.9110139066041493 0.021875 0.023021420171816586
17 0.31015625 0.8212963093631112 0.021875 0.023021420171816586
17 0.15390625 0.6958912748760864 0.0203125 0.02137703301668683
17 0.2546875 0.5929533033702175 0.021875 0.023021420171816586
17 0.09453125 0.711502986771017 0.021875 0.023021420171816586
17 0.1421875 0.6605679285395596 0.0203125 0.021377033016686652
17 0.18046875 0.6241866932388807 0.0203125 0.02137703301668683
17 0.00703125 0.4484375 0.0140625 0.021875
30 0.54296875 0.99453125 0.0171875 0.0109375
30 0.6015625 0.9359375 0.015625 0.01875
30 0.56796875 0.9351286787667021 0.0171875 0.018088258706427142
30 0.375 0.9405542424252264 0.0171875 0.018088258706427496
30 0.4921875 0.785193955790495 0.0203125 0.021377033016686652
30 0.3984375 0.8432321850982802 0.0171875 0.01808825870642732
30 0.4328125 0.8078369176854256 0.0203125 0.02137703301668683
30 0.40859375 0.4325436685899368 0.0171875 0.01808825870642732
19 0.59453125 0.9462365971294965 0.0203125 0.022939533016686654
15 0.5203125 0.7970012369981596 0.01875 0.019732645861557076
15 0.53671875 0.7055164218692972 0.01875 0.019732645861557076
1 0.59296875 0.8486622342846261 0.0171875 0.01808825870642732
3 0.60078125 0.8390625 0.0171875 0.021875
12 0.40859375 0.9551999185899369 0.0265625 0.027954581637205676
10 0.52421875 0.8374215191103351 0.0265625 0.027954581637205676
12 0.5796875 0.781389525103229 0.0265625 0.027954581637205676
2 0.55625 0.42734375 0.021875 0.0171875
34 0.35625 0.9634118882867835 0.0265625 0.027954581637205676
24 0.36484375 0.9512427589335699 0.0203125 0.021377033016686652
20 0.13828125 0.7115538964273839 0.0203125 0.021377033016686652
32 0.3109375 0.9735991157855463 0.0265625 0.027954581637205676
10 0.384375 0.898656669494448 0.0265625 0.027954581637205676
13 0.45 0.7936549089789985 0.025 0.0263101944820761
29 0.4859375 0.755052754411014 0.025 0.0263101944820761
29 0.56796875 0.6710661787667022 0.0265625 0.027954581637205676
29 0.60625 0.62421875 0.00625 0.0265625
29 0.2875 0.9193586731124928 0.0171875 0.018088258706427496
22 0.32578125 0.8806336878118136 0.0265625 0.027954581637205676
17 0.23203125 0.9003906671195988 0.0265625 0.027954581637205676
1 0.234375 0.8338615863869041 0.0171875 0.018088258706427142
1 0.5734375 0.488748323723748 0.0171875 0.01808825870642732
10 0.159375 0.8291984198331322 0.0265625 0.027954581637205676
12 0.21796875 0.7698776515157666 0.0265625 0.027954581637205676
10 0.33515625 0.6504548648810351 0.0265625 0.027954581637205676
12 0.390625 0.593641620873929 0.025 0.0263101944820761
22 0.4953125 0.48737393148023556 0.028125 0.029598968792335523
6 0.5359375 0.4461823654468621 0.021875 0.023021420171816586
0 0.56953125 0.42109375 0.0203125 0.0046875
10 0.1609375 0.7369290326780025 0.028125 0.02959896879233561
29 0.18125 0.7132082496613157 0.015625 0.016443871551297562
12 0.21953125 0.6776082643606369 0.0265625 0.027954581637205676
10 0.334375 0.5575270584586001 0.028125 0.02959896879233561
29 0.35390625 0.5369722190194782 0.015625 0.016443871551297562
12 0.390625 0.503797870873929 0.0265625 0.027954581637205676
12 0.10546875 0.7445235266851087 0.028125 0.02959896879233561
28 0.08125 0.7223552775896198 0.025 0.0263101944820761
1 0.05859375 0.6602613913390012 0.015625 0.016443871551297562
12 0.04296875 0.5954552628902988 0.028125 0.02959896879233561
10 0.1578125 0.477717806988262 0.025 0.0263101944820761
12 0.21484375 0.4265625 0.0265625 0.015625
12 0.0421875 0.5025274564678636 0.0265625 0.027954581637205676