12 0.4890625 0.1688305453125 0.486122659375 0.1662668015625 0.33468489218749997 0.11636249843749999 0.1832042625 0.1335775625 0.095483521875 0.17710386250000001 0.0376441984375 0.2424022125 0 0.35489160625 0 0.3672169890625 0.001649340625 0.4310577234375 0.13517540156250002 0.4410510484375 0.151206453125 0.305000203125 0.22499110312499998 0.23788973906250002 0.32863574375 0.22611101093750002 0.3904078234375 0.244258840625 0.4720794171875 0.310481053125 0.4890625 0.343184328125 0.4890625 0.1688305453125
1 0.7578125 0.48984375 0.115625 0.0796875
2 0.6296875 0.478125 0.15 0.103125
3 0.52734375 0.4796875 0.0765625 0.1
7 0.9375 0.240625 0.125 0.203125
8 0.8212722465689307 0.23424191085271495 0.151157580457717 0.2041239003691402
9 0.6922021056034382 0.22363747300664585 0.14312655917039335 0.20049825262089377
0 0.5625 0.21171875 0.146875 0.2109375
21 0.1109375 0.92734375 0.221875 0.1453125
15 0.27976817155909545 0.8875986458933202 0.24712564431968714 0.21960680289774875
16 0.375 0.7015625 0.228125 0.240625
26 0.715625 0.76484375 0.453125 0.4703125