21 0.18984375 0.284375 0.3796875 0.56875
18 0.66056045 0 0.6780536765624999 0.096971734375 0.7381824609375001 0.4937321984375 0.7276781015625 0.5539299890625 0.6480827796874999 0.56526455 0.647474578125 0.56875 0.8582623984375001 0.56875 0.8257949546875001 0.5352990296875 0.7786992671874999 0.2615407265625 0.7426059625000001 0 0.66056045 0
18 0.2575883171875 0.56875 0.3006824609375 0.8531071984375 0.2901781015625 0.9133049890624999 0.2190932328125 0.92529119375 0.2060809125 0.9504386031250001 0.3796875 0.9689874625 0.3796875 0.875160346875 0.3319861296875 0.56875 0.2575883171875 0.56875
17 0.8832120657035558 0.7451805238856904 0.0248578883676025 0.02099446159934022
17 0.8031532251063803 0.7974082651102018 0.0248578883676025 0.02099446159934022
17 0.7046992996120125 0.789357735880742 0.0248578883676025 0.02099446159934022
17 0.8313821319113147 0.8285529650310595 0.0248578883676025 0.02099446159934022
27 0.8889536033345242 0.6296237200456244 0.015264367080279229 0.01759667695960414
27 0.4111999439316998 0.5936266648854103 0.015264367080279052 0.01759667695960414
27 0.7527815205310189 0.7372807588419956 0.015264367080279229 0.017596676959604096
27 0.41369724119792367 0.7697572558724948 0.01213936708027905 0.01750574874635884
27 0.39896275184158536 0.7686266648854102 0.015264367080279095 0.017596676959604096
27 0.5504270628535642 0.8102194683297647 0.015045845792955603 0.014471676959604097
27 0.8493073232451245 0.8732516995916534 0.011702324505632156 0.011255748746358752
27 0.8081742248542788 0.8705502484171543 0.011702324505632156 0.01125574874635884
14 0.9802177417021267 0.6066970339148202 0.02463936708027905 0.01786946159934022
14 0.51328125 0.57421875 0.0234375 0.0109375
14 0.8718753639781859 0.628561325218474 0.02463936708027923 0.01786946159934022
14 0.38359375 0.58984375 0.0078125 0.0171875
14 0.6667183343929892 0.7304290167595544 0.02463936708027905 0.01786946159934022
14 0.4805840924387609 0.7163534595542762 0.02463936708027905 0.01786946159934022
14 0.769668735750042 0.7968232434025895 0.02463936708027905 0.01786946159934022
14 0.5626046347613063 0.7810177016367174 0.02463936708027905 0.01786946159934022
14 0.92967216644019 0.8389472442605193 0.02463936708027923 0.01786946159934022
14 0.766811533520469 0.8265334754559008 0.02463936708027905 0.01786946159934022
14 0.6659592277042703 0.8193323923863751 0.02463936708027905 0.01786946159934022
14 0.5690678022099025 0.8112363990502927 0.02463936708027905 0.01786946159934022
14 0.5000282251063803 0.8062283017950019 0.027873627723940864 0.019522889812585653
14 0.424793278324689 0.8006208109662019 0.02463936708027905 0.01786946159934022
14 0.8624793126014627 0.8744277546853606 0.014827324505632155 0.011346676959604096
14 0.7197672887162492 0.8637667024946472 0.014827324505632155 0.011346676959604096
14 0.9183197671768241 0.9343961365803872 0.014827324505632155 0.011346676959604096
14 0.8632334294296402 0.9305413623654925 0.014827324505632155 0.011346676959604096
14 0.8477176900733021 0.9294335034317193 0.014827324505632155 0.011346676959604096
14 0.6802241874754119 0.9163748769469688 0.014827324505632155 0.011346676959604096
10 0.5703125 0.5765625 0.025 0.015625
10 0.8517267549436784 0.6268086086045688 0.02463936708027905 0.01786946159934022
10 0.7516556991274799 0.6195847934817318 0.02463936708027923 0.01786946159934022
10 0.6756395023457885 0.6140000347062431 0.02151436708027905 0.017778533386094853
10 0.8605558157035558 0.7458397534317193 0.02463936708027905 0.01786946159934022
10 0.600803757289467 0.7253299912910184 0.02463936708027905 0.01786946159934022
10 0.7487388767155346 0.7950932588419957 0.02463936708027905 0.01786946159934022
10 0.5307919060486298 0.7788247158224824 0.02463936708027905 0.01786946159934022
10 0.8086712515894838 0.8299934445770883 0.02463936708027923 0.01786946159934022
10 0.46514512671553465 0.8033449941940123 0.02463936708027905 0.01786946159934022
13 0.490625 0.57265625 0.025 0.0078125
13 0.504802842438761 0.7156487659016246 0.0248578883676025 0.02099446159934022
13 0.9326932596352556 0.8068932622072079 0.0248578883676025 0.02099446159934022
13 0.6178002331521519 0.7833099758516122 0.0248578883676025 0.02099446159934022
13 0.4883148289451076 0.773043728754606 0.0248578883676025 0.02099446159934022
13 0.9740941557965282 0.8392140172217729 0.0248578883676025 0.02099446159934022
13 0.5235203554282112 0.8047650901956617 0.025076409654926034 0.024119461599340218
13 0.403300690577505 0.7957885584589195 0.025076409654926034 0.024119461599340218
24 0.8491152071732515 0.5972575009244367 0.027873627723940687 0.019522889812585587
24 0.6514261061845158 0.5811791745188286 0.027873627723940687 0.019522889812585587
24 0.44375 0.571875 0.028125 0.00625
24 0.9393524410817081 0.6336148865803872 0.02463936708027923 0.01786946159934022
24 0.5919200662077589 0.6070800964638678 0.02463936708027905 0.01786946159934022
24 0.4531142923225454 0.5963053840065978 0.027873627723940864 0.019522889812585563
24 0.7954224886000336 0.7407179959098719 0.02463936708027905 0.01786946159934022
24 0.7023826827838349 0.7332895923072328 0.027873627723940687 0.019522889812585563
24 0.9092557596352556 0.8075752238065481 0.027873627723940687 0.019522889812585653
24 0.6386208315429978 0.786602460412206 0.027873627723940687 0.019522889812585563
24 0.9513832754746974 0.8406544967678016 0.027873627723940687 0.019522889812585563
24 0.7218268154514542 0.8231644345479585 0.02463936708027905 0.01786946159934022
24 0.822127464210617 0.8717035714575502 0.014827324505632155 0.011346676959604096
24 0.7515800174289258 0.8659596883088823 0.014827324505632155 0.011346676959604096
24 0.9438824958895007 0.9367709788211129 0.014827324505632155 0.011346676959604096
23 0.5484375 0.575 0.025 0.0125
23 0.8059607868746637 0.6234622997499379 0.02463936708027923 0.01786946159934022
23 0.5678652071732515 0.6054410401165194 0.02463936708027905 0.01786946159934022
23 0.5275133587824058 0.6027168568887091 0.02463936708027905 0.01786946159934022
23 0.6450072253584819 0.728721764252272 0.02463936708027905 0.01786946159934022
23 0.45887298340425353 0.7146462070469937 0.02463936708027905 0.01786946159934022
23 0.5090807970141225 0.7771174633151998 0.024420845792955604 0.01474446159934022
23 0.8861953180493444 0.8363139892459543 0.02463936708027905 0.01786946159934022
23 0.7352830280725875 0.8648745614284203 0.014827324505632155 0.011346676959604096
30 0.9390846433112812 0.6039955827403214 0.02463936708027905 0.01786946159934022
30 0.6973506113802959 0.6157072872135256 0.02463936708027923 0.01786946159934022
30 0.430621933288038 0.5946208635526267 0.02463936708027905 0.01786946159934022
30 0.7737113795655263 0.7390107434025894 0.02463936708027905 0.01786946159934022
30 0.5271313105077757 0.7196770363555958 0.024420845792955604 0.01474446159934022
30 0.5928548634739829 0.7832561515575751 0.02463936708027905 0.01786946159934022
30 0.4330646002324311 0.7715327045397112 0.021295845792955605 0.014653533386094786
30 0.6139978899570864 0.8153866899582349 0.02463936708027905 0.01786946159934022
30 0.957054485245839 0.9379470339148203 0.014827324505632155 0.011346676959604096
28 0.99375 0.6078125 0.0125 0.01875
28 0.9182094145986046 0.6014843481797275 0.02463936708027905 0.01786946159934022
28 0.6723559652190232 0.5829091590794225 0.02463936708027923 0.01786946159934021
28 0.9843371591507228 0.6369839274883295 0.02151436708027905 0.017778533386094874
28 0.39490295457536145 0.5925415380049484 0.021514367080279095 0.017778533386094853
28 0.5612331588986214 0.7225830760098967 0.02151436708027905 0.017778533386094874
28 0.42471650469157696 0.7125214173926927 0.02463936708027905 0.01786946159934022
28 0.9063985574056825 0.8372854558598595 0.02463936708027905 0.01786946159934022
28 0.6342011293134246 0.8163581565721401 0.02151436708027905 0.017778533386094874
28 0.8228815810387946 0.9278171791376822 0.014827324505632155 0.011346676959604096
28 0.6662709481190736 0.9152215539065729 0.014827324505632155 0.011346676959604096
11 0.6878888580261012 0.8179146448936574 0.0248578883676025 0.02099446159934022
15 0.8331742248542788 0.8698228227111915 0.011920845792955603 0.01438074874635884
21 0.6603969145986046 0.6089859257724699 0.007561127723940864 0.018931856426490735
21 0.5525679891042368 0.6012081811827462 0.012357888367602588 0.02063074874635875
21 0.5870144088986213 0.7218329182506225 0.009123627723940864 0.018977320533113406
21 0.9791858473824394 0.8109980890085275 0.009123627723940686 0.018977320533113406
21 0.579174775726799 0.7781965785171792 0.009123627723940864 0.018977320533113406
21 0.44130878896835074 0.7985809378466638 0.005998627723940863 0.01888639231986806
32 0.5921875 0.57734375 0.03125 0.0171875
32 0.9094467837725706 0.7490951340731049 0.030998627723940686 0.01961381802583091
32 0.39296875 0.70859375 0.0265625 0.0203125
32 0.8533881718880716 0.8037431816449647 0.030998627723940686 0.01961381802583091
32 0.9059015306704776 0.8778422596999255 0.024202324505632155 0.01161946159934022
32 0.8795304187859785 0.9316264892459543 0.02107732450563198 0.011528533386094875
18 0.8224762975183255 0.6214224266303997 0.009123627723940686 0.018977320533113406
18 0.6510765449204354 0.6084774604122061 0.012357888367602498 0.02063074874635875
18 0.5448101194260676 0.6006542517158596 0.012357888367602588 0.020630748746358774
18 0.6173192679331289 0.7232901181714803 0.012357888367602588 0.02063074874635875
18 0.8318409538190569 0.7996921791376822 0.012357888367602498 0.02063074874635875
18 0.3875171534507397 0.7650613956850802 0.012357888367602588 0.02063074874635875
18 0.4498479086465198 0.799112135260239 0.012357888367602498 0.02063074874635875
18 0.8921121822796317 0.8743451866595295 0.008686585149293791 0.012727320533113406
18 0.7934943658197714 0.8686384074300697 0.008686585149293791 0.012727320533113406
18 0.7043883071535811 0.9164514332943174 0.008686585149293791 0.012727320533113406
16 0.8722249252422664 0.6012630393250966 0.0248578883676025 0.02099446159934022
16 0.7848670368746637 0.624076065189344 0.02831067029858776 0.025772889812585586
16 0.99140625 0.81484375 0.0171875 0.0234375
34 0.9953125 0.640625 0.009375 0.021875
34 0.6212251539549428 0.611685028438037 0.0248578883676025 0.02099446159934022
34 0.8146805869908793 0.7440559445770883 0.0217328883676025 0.020903533386094873
12 0.9059772123690315 0.631467364872775 0.02463936708027923 0.01786946159934022
12 0.4748254013570528 0.5980126365138803 0.02463936708027905 0.01786946159934022
12 0.8859821506007481 0.8059134354058883 0.024420845792955604 0.01474446159934022
12 0.7285356373591964 0.7941217922280905 0.02463936708027905 0.01786946159934022
12 0.4517053395887693 0.772549635260239 0.02463936708027905 0.01786946159934022
19 0.9569987629894502 0.6042539955141605 0.014357430942249394 0.026926212852981447
29 0.902802935885928 0.5988139892459543 0.015482888367602499 0.02072167695960414
29 0.8338179891042368 0.5930246419906636 0.015482888367602499 0.02072167695960412
29 0.53203125 0.57421875 0.0140625 0.0109375
29 0.4609375 0.571875 0.015625 0.00625
29 0.9588290607598772 0.6338278352476038 0.012357888367602498 0.020630748746358774
29 0.833976526231002 0.6242064458307296 0.012357888367602498 0.02063074874635875
29 0.6408656645986046 0.6095542271052534 0.015482888367602499 0.02072167695960414
29 0.8443680869908793 0.7431921265512574 0.012357888367602498 0.02063074874635875
29 0.6853590737493275 0.7314459474800823 0.015482888367602499 0.02072167695960414
29 0.6279836163239745 0.7268781194251215 0.015482888367602499 0.02072167695960414
29 0.545772049864114 0.7206939670761235 0.012357888367602498 0.02063074874635875
29 0.44184937436974614 0.7128025622198433 0.015482888367602499 0.02072167695960414
29 0.8217393341408877 0.7992064458307296 0.015482888367602499 0.020721676959604095
29 0.9984375 0.84140625 0.003125 0.0203125
29 0.8607964803021604 0.8315953970052286 0.015482888367602499 0.020721676959604095
29 0.7421393154514543 0.8225734011618637 0.012357888367602498 0.02063074874635875
29 0.48311387671553463 0.8028221569678514 0.015482888367602499 0.020721676959604095
29 0.8865888019578009 0.8752855610327088 0.011702324505632156 0.011255748746358752
29 0.8749246822796319 0.874845291832379 0.011920845792955603 0.014380748746358751
29 0.9308197671768241 0.9340324237274059 0.011702324505632156 0.011255748746358752
29 0.8346549613606253 0.926694948338012 0.011702324505632156 0.011255748746358752
1 0.783364521035222 0.5898147254559007 0.015482888367602499 0.02072167695960414
0 0.7600909120007145 0.588152937055241 0.028092149011264313 0.022647889812585587
0 0.736871933288038 0.5857098986545812 0.0248578883676025 0.02099446159934022
20 0.7112545742535306 0.5841163064138555 0.0248578883676025 0.02099446159934022
20 0.6942866874754119 0.9159656999873647 0.011920845792955603 0.01438074874635884
18 0.6234375 0.57734375 0.009375 0.0171875
25 0.7254924008528497 0.7372951307078925 0.0248578883676025 0.02099446159934022
25 0.5921228899570864 0.8160231874509524 0.02485788836760259 0.02099446159934022
26 0.7196790794493106 0.6197355576674968 0.0248578883676025 0.02099446159934022
14 0.5058022497478984 0.6010096043814267 0.02463936708027905 0.01786946159934022
30 0.99453125 0.753125 0.0109375 0.021875
22 0.9731815018415855 0.7519186057015749 0.03590464901126431 0.02287521034569906
14 0.9452750231289089 0.7496119596207832 0.0248578883676025 0.02099446159934022
14 0.9658499670606087 0.8121657839148202 0.02463936708027905 0.01786946159934022
22 0.6673085602556742 0.7888863744396863 0.03412362772394086 0.019704746239076344
31 0.7877413925549764 0.8282634600164946 0.02463936708027905 0.01786946159934022
2 0.9749957380958305 0.8820691069552161 0.015045845792955603 0.014471676959604097
0 0.992019347130338 0.8839127517823666 0.015045845792955603 0.014471676959604097
0 0.9602612487394921 0.8809385159681316 0.015045845792955603 0.014471676959604097
29 0.9238156503486465 0.8781006724737648 0.018170845792955602 0.014562605172849529
25 0.7818848764634331 0.86741688822974 0.018170845792955602 0.014562605172849529
17 0.7671503871070948 0.8662862972426554 0.015045845792955603 0.014471676959604097
2 0.7741545039352724 0.9222180484962965 0.018170845792955602 0.014562605172849529
1 0.996875 0.9390625 0.00625 0.015625
26 0.9741327246021771 0.9390094287419707 0.02463936708027905 0.01786946159934022
29 0.8967179187859784 0.9311263840731048 0.015045845792955603 0.014471676959604097
8 0.755568394900765 0.9204198677757688 0.018170845792955602 0.014562605172849529
8 0.7377089055444267 0.9193802050019297 0.018170845792955602 0.014562605172849529
21 0.7144352965099193 0.9177184166012697 0.015045845792955603 0.014471676959604097
10 0.425 0.99609375 0.01875 0.0078125
30 0.4078125 0.996875 0.015625 0.00625
16 0.39375 0.99609375 0.015625 0.0078125