31 0.3453125 0.175 0.646875 0.35
8 0.9328125 0.3578125 0.090625 0.084375
9 0.74921875 0.35390625 0.0859375 0.0921875
1 0.96875 0.1859375 0.0625 0.140625
1 0.7810564999967047 0.17799118132704833 0.0598034683433748 0.11540810087368066
1 0.9703125 0.02734375 0.059375 0.0546875
1 0.78046875 0.02578125 0.0703125 0.0515625
3 0.9131559338440806 0.1788243698722912 0.08181483603812652 0.12372974715020853
4 0.7247928632272295 0.1785191646095484 0.08170574188232518 0.11747974715020852
8 0.915625 0.03359375 0.084375 0.0671875
9 0.725 0.02265625 0.090625 0.0453125
13 0.1078125 0.98203125 0.215625 0.0359375
14 0.06328125 0.7265625 0.1265625 0.24375
35 0.2510144439903503 0.8363115211828122 0.33720353977100476 0.25930879692145864
17 0.52890625 0.7375 0.2796875 0.29375
28 0.53671875 0.91640625 0.2640625 0.1671875
23 0.834375 0.6828125 0.33125 0.565625