11 0.0167175953125 0 0 0.000285425 0 0.182517371875 0.077067875 0.27268440312500003 0 0.27433815781250004 0 0.45 0.3009434078125 0.45 0.0230456640625 0.0978313359375 0.005287390625 0.048649371875 0.0481584203125 0.0159582546875 0.042396328125 0 0.0167175953125 0
0 0.3797119345904159 0.569356529715654 0.028554226955740704 0.04208108418674961
2 0.3934326819985177 0.5646312323606073 0.028554226955740704 0.04208108418674961
2 0.4461086226676844 0.5474290508329286 0.023456623845462942 0.037120568401734035
1 0.3659911871823141 0.5740818270707007 0.025292525918981568 0.04033657366340586
1 0.45234375 0.5421875 0.0140625 0.040625
7 0.35220208925583235 0.5780258744257474 0.025292525918981568 0.04033657366340586
2 0.35549105900152667 0.7592226665191222 0.03290953628657398 0.05632559471009326
6 0.38727830122583223 0.7455928060240133 0.03093693317629622 0.051547089448421346
9 0.3707059558912487 0.7536251139024037 0.03617123732333312 0.05807010523343692
6 0.2796875 0.98515625 0.028125 0.0296875
2 0.44765625 0.93671875 0.0234375 0.0390625
5 0.43568428133911896 0.9398664507905764 0.025429226955740347 0.04189907366340595
9 0.26640625 0.9890625 0.0265625 0.021875
2 0.2515625 0.990625 0.025 0.01875
3 0.42366273496777607 0.946063242883951 0.025292525918981568 0.04033657366340595
32 0.7296875 0.725 0.540625 0.55