8 0.31953125 0.1796875 0.6390625 0.359375
23 0.81953125 0.1796875 0.3609375 0.359375
0 0.584375 0.8875 0.109375 0.175
8 0.54375 0.81953125 0.190625 0.2046875
0 0.4652820418928341 0.7331062754521946 0.208194698759889 0.20304106415651582
5 0.37467054251753407 0.6463956223052773 0.22848388797200822 0.2245551187523077
8 0.287539240652723 0.5547972100590611 0.2217602912913561 0.21790460055371047
2 0.2 0.4671875 0.225 0.215625
6 0.10859375 0.42265625 0.2171875 0.1265625
12 0.675 0.8109375 0.071875 0.253125
14 0.7757352124336215 0.8620287191583598 0.26089456888575774 0.26239508019564467
11 0.7546875 0.6578125 0.23125 0.278125
30 0.90703125 0.75390625 0.1859375 0.2546875
13 0.740625 0.403125 0.203125 0.0875
21 0.865230223230791 0.5017735371723869 0.24384877884380157 0.24264378469915152
27 0.934375 0.403125 0.13125 0.0875
28 0.946875 0.6328125 0.10625 0.25
24 0.915625 0.928125 0.16875 0.14375