3 0.765625 0.37109375 0.328125 0.1578125
4 0.66875 0.325 0.278125 0.25
5 0.603125 0.28515625 0.146875 0.3296875
9 0.915625 0.11328125 0.16875 0.2265625
0 0.85625 0.06796875 0.2875 0.1359375
2 0.40703125 0.94609375 0.2453125 0.1078125
3 0.315625 0.9125 0.309375 0.175
4 0.18203125 0.86953125 0.3171875 0.2609375
5 0.10390625 0.8328125 0.2078125 0.334375
9 0.44765625 0.59140625 0.1640625 0.2828125
0 0.38515625 0.55 0.2890625 0.2
1 0.63125 0.88515625 0.203125 0.2296875
2 0.58984375 0.8390625 0.1203125 0.321875
6 0.87890625 0.62734375 0.2421875 0.3546875
7 0.81171875 0.57109375 0.3046875 0.2421875
8 0.69609375 0.52734375 0.3109375 0.1546875