21 0.26953125 0.21953125 0.5390625 0.4390625
20 0.6609375 0.0765625 0.24375 0.153125
23 0.62421875 0.25390625 0.1703125 0.3765625
16 0.8264508502780018 0.21152382793670138 0.2943800048941414 0.35102617650277407
33 0.771875 0.3796875 0.3 0.159375
14 0.8921875 0.04609375 0.215625 0.0921875
7 0.18671875 0.5 0.0953125 0.08125
8 0.17990814465822086 0.6586609078902151 0.09507937622353531 0.08925887797604233
9 0.16318689221115007 0.8250507323958474 0.09702382213985139 0.10030563861970414
3 0.4515625 0.4984375 0.09375 0.078125
4 0.43790169393258144 0.6577657713641981 0.09033731252120454 0.08736859604505724
4 0.6671875 0.72421875 0.25625 0.4765625
8 0.8320485419331485 0.721046657386012 0.26871037149903004 0.4193719849168627