6 0.1546875 0.19453125 0.309375 0.3890625
0 0.9460638084175341 0.1574802389107985 0.041679660144236054 0.04862868969849785
4 0.9603808815557981 0.14539482709208773 0.0448773953265972 0.05200878121376693
1 0.98515625 0.11796875 0.0296875 0.0515625
1 0.978125 0.1296875 0.04375 0.05625
7 0.933363786666041 0.1670943549718748 0.0448773953265972 0.052008781213767105
1 0.9451513525861104 0.3641926245167122 0.03528418977951393 0.041868506667959694
1 0.93359375 0.36953125 0.0390625 0.0390625
4 0.915625 0.37578125 0.0375 0.0265625
21 0.1546875 0.69453125 0.309375 0.6109375
22 0.6546875 0.69453125 0.690625 0.6109375