34 0.2 0.28984375 0.4 0.5796875
3 0.5109375 0.4546875 0.221875 0.215625
4 0.53515625 0.2796875 0.2703125 0.209375
5 0.5663807493878694 0.10991868119437029 0.26626742337435144 0.20634482122152562
8 0.8046085215371741 0.503557755580698 0.2688852839774999 0.14760755000969822
9 0.85234375 0.359375 0.2953125 0.215625
0 0.865625 0.17890625 0.26875 0.2328125
23 0.10928185739911944 0.6402276766524425 0.06843693317629622 0.055229376063016034
30 0.12407708925583254 0.6114809233184626 0.05851512902925933 0.0482141015172088
29 0.12421875 0.5921875 0.0609375 0.025
28 0.252884885909999 0.6717810813441515 0.07298773213953691 0.05404951333591956
14 0.26781681880347125 0.6445968280101717 0.05539012902925933 0.047959010001939716
14 0.2739499501418047 0.6157703263431817 0.053554226955740705 0.04470646424430509
13 0.27265625 0.59453125 0.0703125 0.0296875
15 0.38515625 0.70859375 0.0296875 0.0453125
18 0.39375 0.640625 0.0125 0.034375
22 0.7 0.78984375 0.6 0.4203125