24 0.6796875 0 0.0743751703125 0 0.03847025625 0.18162099062499998 0.0784488921875 0.34432241406249997 0.1092226390625 0.3890625 0.596014453125 0.3890625 0.6261094375 0.35619110468750004 0.6796875 0.25954651875 0.6796875 0
25 1 0.3890625 1 0 0.958347590625 0 0.9193320015625 0.0235571875 0.8713910031250001 0.0940234578125 0.852073840625 0.2925270390625 0.9054297671875 0.3890625 1 0.3890625
0 0.29516108918072925 0.8422356253780562 0.04081589754067192 0.033758057370694414
2 0.30382756205336625 0.8549356471295491 0.040815897540672094 0.033758057370694414
6 0.40859375 0.9953125 0.0453125 0.009375
2 0.336908227646215 0.9017931165443407 0.040815897540672094 0.033758057370694414
1 0.2872713211285525 0.8287725374221534 0.040815897540672094 0.033758057370694414
5 0.38813490524111616 0.9795375632577089 0.04238748789975162 0.03535692496187508
1 0.3953125 0.9875 0.040625 0.025
1 0.34401220051885184 0.9144567707046534 0.04081589754067192 0.033758057370694414
7 0.28016734825591555 0.8161088832618407 0.04081589754067192 0.033758057370694414
2 0.10154289938738374 0.860382294071667 0.054942030054229284 0.04502286569131968
6 0.12358152585081683 0.8890164403481948 0.05180793969514959 0.04338763050895835
9 0.11178096261910024 0.8746811834143408 0.054942030054229284 0.04502286569131968
30 0.83984375 0.58984375 0.3203125 0.4015625
12 0.7765625 0.61484375 0.19375 0.4515625