13 0.234375 0.29453125 0.46875 0.5890625
2 0.7103610942695208 0.3639374200349984 0.019897911818710767 0.014280676002545433
8 0.7080970926025308 0.35532548870145303 0.019770366061076315 0.012718176002545434
2 0.712975524425121 0.47245844470081655 0.031473140606883554 0.022220445337363514
1 0.6918978788172676 0.4246022000318167 0.033163186364518 0.023801126670909056
0 0.7045412710911412 0.45518912869986217 0.031600686364518 0.023782945337363515
2 0.698642086393613 0.4402908346992257 0.031473140606883554 0.022220445337363514
6 0.7256826895778117 0.5038266233688621 0.029910640606883553 0.022202264003817973
25 0.46875 1 0.46875 0.5890625 0.3041856125 0.5890625 0.2841788046875 0.60241255625 0.22744087500000001 0.7070090078125 0.22177114531250003 0.8616448312500001 0.2447095296875 1 0.46875 1
23 0.57578125 0.79453125 0.2140625 0.4109375
14 0.7046875 0.6796875 0.2375 0.18125
11 0.80703125 0.6421875 0.1953125 0.10625
16 0.740625 0.86953125 0.271875 0.2609375
30 0.89921875 0.89140625 0.2015625 0.2171875