10 0.16640625 0.2265625 0.3328125 0.453125
14 0.4140625 0.22890625 0.090625 0.4578125
18 0.5696995939290487 0.22374594664744993 0.031504538669636165 0.023330492142117264
18 0.6095337059198218 0.2936068364322022 0.031504538669636165 0.023330492142117264
13 0.5918740385900945 0.26620742845048484 0.03949885200509069 0.039319365177646406
22 0.552766632598685 0.20107042596928543 0.03800907733927232 0.04549659057054054
27 0.6675905592377771 0.40965352150222484 0.028434082670272608 0.027872442927905538
30 0.5274580972708665 0.15924464495203877 0.030032945337363514 0.031070217535011223
28 0.6140121205840492 0.31179391025351977 0.030032945337363514 0.031070217535011223
24 0.5160211579408209 0.1344800853987449 0.03477498933799979 0.035976041356328994
24 0.6399837272438222 0.3638123285743193 0.03477498933799979 0.035976041356328994
30 0.6553450979074134 0.3871963246453779 0.03317612667090888 0.03277826674922295
23 0.5765035772597307 0.24360468237942623 0.03163180800445424 0.034267992142117086
34 0.498279674610139 0.11411192741702755 0.03949885200509069 0.039319365177646406
34 0.6245950845799131 0.34277208250326074 0.03789998933799978 0.03612159057054054
18 0.5158387972629124 0.21732897270229773 0.031504538669636165 0.023330492142117264
21 0.4921109432686393 0.17401346629215694 0.03312158267027243 0.02809076674922295
18 0.5319177832590943 0.2462181060769093 0.0299238573360908 0.021695217535011226
13 0.622250787237459 0.4098868078961549 0.03949885200509069 0.039319365177646406
11 0.5732053072485949 0.32552677046876743 0.03789998933799978 0.03612159057054054
28 0.5203444839274579 0.23317229652361532 0.02999658267027261 0.027945217535011224
27 0.6091422599061407 0.39442447373575507 0.026853401336727246 0.026237168320799496
23 0.4703125 0.1359375 0.021875 0.03125
23 0.5509399559198218 0.2908777886657326 0.030032945337363514 0.031070217535011223
10 0.5976507765754587 0.37434741418246115 0.030032945337363514 0.031070217535011223
10 0.47821207527054826 0.15929599482820436 0.030032945337363514 0.031070217535011223
24 0.537168357256549 0.2652228172017798 0.03477498933799979 0.035976041356328994
24 0.5838519059118678 0.3510361927185084 0.03163180800445424 0.034267992142117266
27 0.4640625 0.1171875 0.009375 0.028125
31 0.5027302699315941 0.20186663854189799 0.030032945337363514 0.031070217535011223
18 0.4931365465865946 0.2874038782028158 0.028361357336090798 0.02162244292790554
18 0.5482502132400043 0.38768001405862673 0.028361357336090798 0.02162244292790554
18 0.4640625 0.21796875 0.009375 0.0234375
29 0.46875 0.2296875 0.01875 0.03125
29 0.49847802725177653 0.2985960893276863 0.031540901336727246 0.026455492142117266
17 0.5107234885821402 0.32105328618453316 0.036319308004454244 0.034486315963434676
17 0.5382848672422315 0.37080072911243855 0.036319308004454244 0.034486315963434676
29 0.5259848619112313 0.35303103225559174 0.034720445337363515 0.03128854135632882
28 0.5787638692314138 0.45241675620074384 0.030032945337363514 0.031070217535011223
32 0.475 0.26640625 0.03125 0.0421875
23 0.5527104465706862 0.4074295878799442 0.030032945337363514 0.031070217535011223
16 0.5625576139004137 0.43446512282613237 0.03791817067154533 0.037684090570540715
18 0.5303263692314137 0.45016074338046225 0.028361357336090798 0.02162244292790554
13 0.5395013745624139 0.4677848910230974 0.03949885200509069 0.039319365177646406
29 0.471875 0.33515625 0.025 0.0328125
29 0.46484375 0.309375 0.0109375 0.034375
10 0.49351725990614065 0.3890391528099217 0.03317612667090906 0.03277826674922295
24 0.47578125 0.35546875 0.0328125 0.0390625
31 0.5041911305697317 0.41220482505966266 0.030032945337363514 0.031070217535011223
24 0.5156826139004137 0.43228188461295664 0.03323067067154532 0.03746576674922295
29 0.4788724098902323 0.5056080686495218 0.03317612667090888 0.03277826674922295
10 0.471875 0.48515625 0.025 0.0328125
23 0.4640625 0.45859375 0.009375 0.0328125
9 0.2296875 0.8046875 0.459375 0.390625
7 0.7296875 0.8046875 0.540625 0.390625