19 0.2125 0.103125 0.021875 0.040625
24 0.2359375 0.10625 0.021875 0.028125
24 0.51484375 0.10703125 0.0203125 0.0296875
24 0.13125 0.3421875 0.0265625 0.0390625
24 0.240625 0.34296875 0.028125 0.0390625
24 0.7671875 0.34140625 0.0265625 0.0390625
24 0.8671875 0.3421875 0.028125 0.0390625
24 0.29296875 0.44453125 0.03125 0.040625
24 0.53984375 0.44375 0.028125 0.0375
24 0.20625 0.54453125 0.0296875 0.0390625
24 0.31875 0.54375 0.0296875 0.0390625
24 0.5921875 0.54453125 0.028125 0.0390625
24 0.1140625 0.64609375 0.0296875 0.0390625
24 0.6359375 0.64609375 0.03125 0.0390625
24 0.65859375 0.78671875 0.021875 0.028125
24 0.765625 0.78671875 0.021875 0.028125
27 0.25625 0.10625 0.0140625 0.0265625
27 0.30703125 0.3421875 0.015625 0.0390625
27 0.4875 0.34140625 0.0171875 0.0375
27 0.71796875 0.3421875 0.0171875 0.0390625
13 0.275 0.1015625 0.021875 0.0390625
13 0.43203125 0.33515625 0.028125 0.0546875
13 0.71328125 0.4390625 0.028125 0.053125
13 0.44453125 0.63984375 0.028125 0.053125
10 0.2984375 0.10625 0.021875 0.0296875
10 0.35078125 0.16484375 0.021875 0.0296875
10 0.50859375 0.34375 0.0265625 0.04375
10 0.3359375 0.44453125 0.025 0.040625
10 0.409375 0.44453125 0.028125 0.0421875
10 0.74375 0.44375 0.025 0.040625
10 0.1640625 0.5453125 0.0265625 0.0421875
10 0.4015625 0.54453125 0.0265625 0.0421875
10 0.203125 0.6453125 0.0265625 0.0390625
10 0.26171875 0.646875 0.0265625 0.0421875
10 0.4 0.64609375 0.0265625 0.0421875
23 0.32265625 0.10625 0.021875 0.028125
23 0.39375 0.10625 0.021875 0.028125
23 0.415625 0.10625 0.021875 0.0296875
23 0.45078125 0.10625 0.0203125 0.028125
23 0.53671875 0.10625 0.0203125 0.0265625
23 0.28203125 0.16484375 0.01875 0.0265625
23 0.3046875 0.1640625 0.01875 0.0265625
23 0.32734375 0.16484375 0.0203125 0.028125
23 0.40078125 0.34140625 0.0265625 0.0390625
23 0.6625 0.34140625 0.0265625 0.040625
23 0.16328125 0.44375 0.025 0.0390625
23 0.24609375 0.44375 0.0265625 0.0375
23 0.81875 0.44375 0.028125 0.0390625
23 0.2375 0.5453125 0.025 0.0390625
23 0.28828125 0.54453125 0.0265625 0.0390625
23 0.65234375 0.54375 0.028125 0.0390625
23 0.06796875 0.646875 0.0265625 0.0359375
23 0.66640625 0.646875 0.0265625 0.0390625
23 0.70703125 0.64609375 0.0265625 0.0390625
23 0.7875 0.78515625 0.01875 0.0265625
11 0.35703125 0.1015625 0.0234375 0.0359375
18 0.37578125 0.1015625 0.0078125 0.0390625
18 0.43359375 0.1 0.00625 0.040625
18 0.26640625 0.15859375 0.0046875 0.0390625
18 0.14296875 0.4359375 0.0078125 0.053125
18 0.22734375 0.4375 0.00625 0.053125
18 0.80234375 0.5375 0.0046875 0.0515625
18 0.0484375 0.63828125 0.00625 0.0515625
18 0.615625 0.63984375 0.00625 0.0515625
18 0.6875 0.6390625 0.0078125 0.0546875
18 0.55625 0.77890625 0.0078125 0.0390625
18 0.70078125 0.78046875 0.00625 0.0390625
18 0.38046875 0.93125 0.00625 0.0390625
16 0.475 0.1125 0.021875 0.0421875
16 0.53828125 0.34921875 0.028125 0.053125
16 0.0578125 0.45078125 0.03125 0.0546875
16 0.19375 0.45078125 0.03125 0.053125
16 0.8578125 0.55 0.028125 0.0546875
16 0.73828125 0.653125 0.0296875 0.0515625
29 0.4953125 0.10390625 0.0140625 0.0359375
29 0.38671875 0.1609375 0.0125 0.0328125
29 0.11171875 0.43984375 0.015625 0.0484375
29 0.12734375 0.43984375 0.015625 0.0484375
29 0.26953125 0.4390625 0.0140625 0.0484375
29 0.46796875 0.4390625 0.0140625 0.046875
29 0.61640625 0.4390625 0.015625 0.0484375
29 0.46328125 0.540625 0.0140625 0.0484375
29 0.91171875 0.53984375 0.0171875 0.0484375
29 0.090625 0.640625 0.0140625 0.0484375
29 0.1484375 0.64296875 0.015625 0.0484375
29 0.22734375 0.64375 0.0140625 0.046875
29 0.59921875 0.64140625 0.015625 0.046875
29 0.56640625 0.7828125 0.0125 0.034375
29 0.57890625 0.7828125 0.0125 0.034375
29 0.15703125 0.93359375 0.0125 0.034375
29 0.24453125 0.93359375 0.0140625 0.034375
11 0.25078125 0.1609375 0.0203125 0.0375
11 0.3796875 0.4375 0.028125 0.05625
11 0.059375 0.53828125 0.0296875 0.053125
11 0.56171875 0.53984375 0.028125 0.0515625
28 0.37109375 0.16484375 0.01875 0.028125
28 0.10234375 0.3421875 0.0234375 0.0390625
28 0.8265625 0.3421875 0.025 0.0390625
28 0.57890625 0.64609375 0.0234375 0.0390625
28 0.26171875 0.9375 0.01875 0.0296875
28 0.43671875 0.93671875 0.0203125 0.0296875
34 0.4046875 0.16953125 0.0203125 0.0375
34 0.21171875 0.35 0.028125 0.053125
34 0.428125 0.55234375 0.028125 0.053125
10 0.06171875 0.33515625 0.0359375 0.0546875
21 0.08359375 0.33515625 0.00625 0.053125
18 0.1640625 0.33671875 0.00625 0.0515625
15 0.17890625 0.334375 0.015625 0.053125
15 0.890625 0.334375 0.0140625 0.053125
15 0.64140625 0.78203125 0.0125 0.0390625
30 0.27109375 0.34296875 0.028125 0.0390625
30 0.36953125 0.34140625 0.028125 0.0390625
30 0.7984375 0.34140625 0.0265625 0.0390625
30 0.08828125 0.54375 0.0265625 0.0390625
30 0.62265625 0.54453125 0.0265625 0.0390625
30 0.5203125 0.64609375 0.0265625 0.0390625
14 0.32890625 0.34296875 0.028125 0.0421875
14 0.4625 0.3421875 0.0265625 0.0390625
14 0.5703125 0.34296875 0.028125 0.0421875
14 0.69375 0.3421875 0.028125 0.040625
14 0.08828125 0.44453125 0.0265625 0.040625
14 0.66953125 0.44375 0.028125 0.0421875
14 0.51796875 0.54453125 0.0265625 0.0390625
14 0.7125 0.54375 0.028125 0.0390625
31 0.7390625 0.34140625 0.0234375 0.0390625
14 0.5515625 0.64609375 0.0265625 0.0421875
27 0.434375 0.44375 0.0171875 0.0390625
27 0.11328125 0.54453125 0.0140625 0.0359375
27 0.7359375 0.54453125 0.0171875 0.0390625
27 0.42265625 0.6453125 0.0140625 0.0390625
27 0.6171875 0.78515625 0.0140625 0.0265625
17 0.49296875 0.4375 0.0265625 0.053125
17 0.640625 0.4375 0.0265625 0.0515625
17 0.48828125 0.5375 0.025 0.0515625
17 0.17421875 0.640625 0.028125 0.053125
17 0.74296875 0.78125 0.01875 0.040625
27 0.51875 0.44375 0.015625 0.0390625
32 0.5765625 0.44453125 0.040625 0.040625
32 0.36640625 0.54375 0.0421875 0.0390625
32 0.7765625 0.54453125 0.0390625 0.0390625
32 0.365625 0.64609375 0.0390625 0.0390625
32 0.53515625 0.78515625 0.028125 0.028125
32 0.17890625 0.9375 0.028125 0.0265625
22 0.78203125 0.44453125 0.04375 0.040625
20 0.1375 0.53828125 0.025 0.053125
20 0.33203125 0.640625 0.0234375 0.053125
14 0.88828125 0.54375 0.028125 0.0390625
32 0.296875 0.646875 0.040625 0.0421875
26 0.4890625 0.6515625 0.028125 0.0515625
12 0.68203125 0.54453125 0.0265625 0.0390625
21 0.81328125 0.53671875 0.00625 0.053125
21 0.82578125 0.53671875 0.0078125 0.0515625
2 0.13359375 0.78125 0.0203125 0.0375
25 0.16875 0.7828125 0.021875 0.0359375
22 0.19765625 0.78203125 0.0296875 0.0375
0 0.453125 0.7828125 0.0203125 0.0359375
29 0.509375 0.78203125 0.0234375 0.0390625
14 0.59921875 0.7875 0.0203125 0.0296875
27 0.678125 0.78671875 0.0125 0.028125
25 0.71796875 0.7828125 0.0203125 0.0390625
14 0.81015625 0.78671875 0.01875 0.028125
14 0.140625 0.93671875 0.0203125 0.028125
14 0.20546875 0.93828125 0.0203125 0.0296875
14 0.22734375 0.93671875 0.01875 0.028125
14 0.41640625 0.9375 0.021875 0.0296875
27 0.1171875 0.9328125 0.021875 0.040625
0 0.33046875 0.9328125 0.0234375 0.0390625
21 0.3640625 0.93203125 0.01875 0.0375
20 0.39609375 0.93203125 0.0171875 0.0390625