24 0.18997320870463463 0.1666795089146779 0.03490225867281786 0.04811850666795978
24 0.3987305907065437 0.16371465027046744 0.03802725867281822 0.04837359818322886
24 0.22494874005408844 0.2826872751255354 0.03808180267345431 0.053061098183228864
24 0.3445708967218156 0.2807425246664934 0.03495680267345449 0.05280600666795969
27 0.16551919605345206 0.2828465139156477 0.022402258672817865 0.047098140606883554
27 0.2546544213876339 0.28182640573047923 0.022402258672817865 0.047098140606883554
27 0.01652935475013253 0.5163122024061977 0.022402258672817865 0.047098140606883374
10 0.1256663553866794 0.28531768073532837 0.036537484006999674 0.05449605242559432
10 0.18407938673613308 0.3994122605816678 0.03808180267345414 0.05306109818322895
23 0.07581071137013469 0.16739659922199895 0.036464758672817864 0.04824605242559432
18 0.14825897071927036 0.2779995172496276 0.014789753341817757 0.06364791181871077
18 0.42421875 0.27265625 0.0109375 0.0609375
18 0.07920098273390597 0.39155157634318166 0.01475339067472703 0.060522911818710765
18 0.42578125 0.38671875 0.0078125 0.0609375
29 0.01926181405154308 0.28070954225447675 0.02254770934118149 0.05959814060688355
29 0.2694799900540884 0.27905222103295113 0.01938634667409058 0.05621804909161447
29 0.12537654873486054 0.3948202264929629 0.019386346674090404 0.05621804909161447
29 0.20900666140195137 0.3911215284595153 0.02254770934118149 0.05959814060688338
29 0.2825168867361332 0.39137687785069203 0.022511346674090583 0.056473140606883375
28 0.247396999403224 0.39737165739746916 0.03183180267345413 0.052550915152690794
28 0.03997594541690521 0.5151802660416797 0.03177725867281787 0.04786341515269079
34 0.0791566240849507 0.5221478721008163 0.0366829346753633 0.06699605242559414
32 0.32367604670590727 0.1651493466369251 0.05210794000636341 0.05108401000193972
32 0.3844691907224519 0.2821776078468128 0.05210794000636341 0.05108401000193972
17 0.0125 0.16328125 0.025 0.0671875
17 0.3650277527052708 0.15708188405960993 0.033521572008272216 0.06361596091032524
17 0.0489402233847704 0.2775049228594206 0.0335579346753633 0.06674096091032525
17 0.31166749005408845 0.27560848557681866 0.033521572008272396 0.06361596091032524
17 0.15267484540099688 0.38868192573435856 0.033521572008272396 0.06361596091032524
17 0.3098424554025877 0.38758232709208773 0.033521572008272396 0.06361596091032524
14 0.042980030036589234 0.1685125601323242 0.036519302673454136 0.05293355242559432
14 0.15793286803786194 0.16851294694618585 0.036464758672817864 0.04824605242559432
14 0.27129593403881636 0.16629712951768205 0.03490225867281786 0.04811850666795978
14 0.08031749271958848 0.2858915077067299 0.03497498400699968 0.05436850666795978
14 0.0125 0.4 0.025 0.053125
14 0.04254586740131501 0.4000176516475933 0.036464758672817864 0.04824605242559432
14 0.3435725654041786 0.3965588433029453 0.034956802673454135 0.05280600666795969
25 0.12126866203849822 0.17619777225059746 0.03664657200827239 0.06387105242559432
25 0.2260470687062254 0.1754647064890836 0.039771572008272214 0.0641261439408634
25 0.19063737472149747 0.29096203179349517 0.03664657200827239 0.06387105242559432
21 0.24774025537077105 0.15805406588220006 0.01475339067472703 0.060522911818710765
21 0.06018844808240527 0.5049284211924306 0.011664753341817758 0.06339282030344169
22 0.3857691560709512 0.39389635784681276 0.05367044000636341 0.051211555759574166
15 0.09405382340067873 0.39112114164565365 0.021021572008272392 0.06259559484924893
22 0.71484375 0.23828125 0.5703125 0.4765625
7 0.05625 0.803125 0.1125 0.39375
8 0.134375 0.8 0.2 0.4
9 0.26953125 0.78984375 0.2109375 0.4203125
0 0.3625 0.77578125 0.134375 0.3921875
6 0.53046875 0.6484375 0.1984375 0.1375
7 0.76484375 0.65546875 0.1796875 0.1515625
8 0.9453125 0.64765625 0.109375 0.1359375
0 0.51796875 0.9359375 0.1765625 0.128125