24 0.5902891286480898 0.08326895872928511 0.03638378121376693 0.04394089754067192
24 0.6468895571367 0.1829871575978169 0.03976387272903601 0.04708407825883114
24 0.41007469653563555 0.31724047951193635 0.03794628121376693 0.043949987899751616
24 0.36372546820650486 0.4292819372592628 0.03482128121376693 0.0439318071815924
27 0.20787472562337067 0.2340017743968886 0.02531873545613248 0.04231476502711473
27 0.347941745168208 0.21677284690018314 0.025573826971401557 0.045439765027114734
27 0.5942747401672382 0.18954622980652394 0.02531873545613248 0.04231476502711455
27 0.6732607385002483 0.18048887149346343 0.0253187354561323 0.04231476502711473
27 0.18920408714251905 0.34041085568078183 0.025191189698497853 0.04075226502711473
27 0.18153472154048472 0.44753755445111787 0.02519118969849794 0.04075226502711473
27 0.38847037669123574 0.42601149151398887 0.02531873545613248 0.04231476502711473
27 0.5101700335089767 0.41357914832623893 0.025191189698497853 0.04075226502711473
10 0.10543563865002947 0.13767674112120537 0.03520391848667059 0.048619307181592394
10 0.2574283154716498 0.2282421329063408 0.03507637272903601 0.0470568071815924
10 0.32488688244111164 0.2215967022863774 0.03507637272903601 0.0470568071815924
10 0.4108403578953045 0.2117171873574586 0.03545901000193972 0.05174430718159222
10 0.557221150318959 0.1952331484244348 0.03832891848667064 0.04863748789975162
10 0.27990883547552914 0.3312853196746242 0.03832891848667064 0.04863748789975162
10 0.6371315330499348 0.2932524919067724 0.03976387272903601 0.04708407825883114
10 0.24827581138876384 0.44167791901069425 0.03820137272903601 0.04707498789975162
23 0.23163147683131866 0.1228733768562166 0.03507637272903601 0.0470568071815924
23 0.4864306760727143 0.09403426278761948 0.03794628121376711 0.043949987899751616
18 0.2087839081948668 0.120661437062871 0.01839905575957417 0.05320681323171659
18 0.2770237251643287 0.11401146126336785 0.020089101517208795 0.0547784035907962
18 0.5776133986519691 0.18651667857685988 0.018654147274843248 0.056331813231716585
18 0.20269263123316367 0.33329779244906527 0.01696410151720871 0.05476022287263689
18 0.5388215788075693 0.2953876845287883 0.018526601517208797 0.05476931323171659
18 0.1671533571463984 0.4437131176828344 0.018399055759574214 0.05320681323171659
29 0.16385404546777044 0.12561255747617994 0.026211555759574214 0.053252265027114644
29 0.05323502304799514 0.24506251512531046 0.026211555759574214 0.053252265027114734
29 0.43201385622831445 0.20299617233034403 0.02308655575957417 0.053234084308955334
29 0.46079256047068 0.2012655006873711 0.02621155575957417 0.053252265027114734
29 0.687785624106162 0.17649626308220706 0.02283146424430509 0.05010908430895533
29 0.21681890411198088 0.33399722921734865 0.02570137272903601 0.04700226502711473
29 0.3856646278991837 0.31503763007767044 0.02308655575957417 0.053234084308955334
29 0.5824440330499348 0.2935706544745589 0.02283146424430509 0.05010908430895533
29 0.6573962356253104 0.28297352205919746 0.02621155575957417 0.053252265027114734
29 0.09148367744984014 0.4550960452777357 0.025956464244305134 0.05012726502711473
29 0.40423889790306317 0.41810354274365286 0.02621155575957417 0.053252265027114734
11 0.15071592986573612 0.23277107250329454 0.04078423879011232 0.05958407825883114
11 0.3086397422932701 0.3193938528521114 0.040656693032477875 0.05802157825883114
28 0.1316792742559431 0.13361595501685192 0.033513872729036054 0.0470477168225127
28 0.28445320107756344 0.22417680162244746 0.03507637272903601 0.0470568071815924
28 0.0777882260824126 0.35434661153451436 0.033513872729036054 0.0470477168225127
28 0.45187955926273193 0.31230753981678666 0.03325878121376693 0.0439227168225127
28 0.6875 0.284375 0.025 0.046875
28 0.2762094927523121 0.4391705425472612 0.03351387272903601 0.0470477168225127
28 0.301735651237043 0.4358955516224475 0.03325878121376693 0.0439227168225127
28 0.5317899419937077 0.4103268832991242 0.03325878121376693 0.0439227168225127
34 0.2393954057789709 0.34246371419023414 0.04078423879011232 0.05958407825883114
34 0.5679825335089768 0.4132428050402931 0.03922173879011233 0.059574987899751616
18 0.031280661528846745 0.13888978317748726 0.01852660151720875 0.05476931323171659
32 0.0698170030441158 0.1417920693800366 0.05213632697140151 0.04559430113146821
32 0.39044849637615603 0.10553536505055576 0.05213632697140156 0.04559430113146812
32 0.6921875 0.06953125 0.015625 0.0453125
17 0.1885351810736841 0.12156086173090604 0.03753169303247779 0.05800339754067192
17 0.4256207218303488 0.09595128679172457 0.03765923879011233 0.05956589754067192
17 0.07550863577509152 0.24024320491865608 0.03584164727484329 0.056431807181592394
17 0.4868448774401418 0.19486096458301755 0.03765923879011233 0.05956589754067192
17 0.6060888271405794 0.2863985039088249 0.03753169303247787 0.058003397540672096
17 0.11525601729811927 0.4494863947120016 0.03584164727484325 0.056431807181592394
20 0.2589912022855114 0.11333475039278343 0.03427914727484325 0.056422716822512695
20 0.22970192819874616 0.22371371419023411 0.03596919303247788 0.057994307181592396
23 0.30078008955841506 0.1177813558771736 0.03469373545613248 0.042369307181592396
16 0.33072268107368413 0.12073363905466086 0.038966647274843245 0.05644998789975162
14 0.45706204046680055 0.09811322961013218 0.03820137272903601 0.04707498789975162
14 0.5617655159209934 0.088124630372258 0.03794628121376693 0.043949987899751616
14 0.6630888998599171 0.07502921185254303 0.036383781213767105 0.04394089754067192
14 0.10779497729036061 0.24318185255752392 0.03820137272903605 0.04707498789975162
14 0.3689717222893908 0.21586887705260835 0.03482128121376693 0.04393180718159222
14 0.5169150147130454 0.19937574776050476 0.03676641848667046 0.048628397540672094
14 0.10474933880950901 0.34950003025062104 0.03820137272903605 0.04707498789975162
14 0.3517998109297219 0.321487617977422 0.03781873545613248 0.04238748789975162
14 0.47974946774746285 0.3090189133533535 0.03507637272903601 0.04705680718159222
14 0.5076193762321939 0.30573028688992043 0.03794628121376711 0.043949987899751616
14 0.1468248816922056 0.45321083753040925 0.03820137272903605 0.04707498789975162
25 0.5297820633456178 0.09847177791292996 0.039094193032477874 0.05801248789975162
25 0.6242655159209933 0.0877610160090733 0.04221919303247788 0.05803066861791084
25 0.6180311045613245 0.1933161244203297 0.037404147274843244 0.05644089754067192
25 0.2186361088133883 0.4520114310127468 0.0388391015172088 0.05488748789975162
25 0.33167824275231206 0.4388478347999348 0.038966647274843245 0.05644998789975162
21 0.6400500125870134 0.07047352205919752 0.01852660151720862 0.05476931323171659
21 0.3288884694144528 0.3184944281840765 0.015401601517208796 0.054751132513557364
21 0.5473671445690832 0.40007518452878826 0.015529147274843247 0.056313632513557366
30 0.18306604425982248 0.2364909701421624 0.03469373545613248 0.04236930718159222
30 0.16673915577897086 0.34288641588743635 0.03820137272903605 0.04707498789975162
12 0.13743429305187446 0.34774663270994904 0.03781873545613248 0.04238748789975162
15 0.5519752830499348 0.2937479164766115 0.024904147274843247 0.05636817466803503
28 0.48244364623607316 0.40905072961013217 0.04547173879011233 0.05961134933607006
29 0.82109375 0.24453125 0.2421875 0.4890625
6 0.14765625 0.54296875 0.2515625 0.1078125
7 0.3640625 0.55078125 0.234375 0.1234375
8 0.57578125 0.54375 0.2484375 0.109375
0 0.19140625 0.86328125 0.2546875 0.2734375
27 0.78046875 0.53828125 0.1609375 0.0984375
10 0.9234375 0.54296875 0.153125 0.1078125
24 0.8953125 0.65625 0.209375 0.18125
11 0.76484375 0.62890625 0.1296875 0.1859375
12 0.746875 0.76796875 0.09375 0.1890625
13 0.93828125 0.79921875 0.1234375 0.2078125
25 0.828125 0.8546875 0.25625 0.165625
29 0.834375 0.95078125 0.26875 0.0984375