20 0.44921875 0.25234375 0.2390625 0.3640625
14 0.42421875 0.0703125 0.2890625 0.140625
34 0.32890625 0.0828125 0.3109375 0.165625
33 0.784375 0.2296875 0.43125 0.459375
15 0.16796875 0.63671875 0.3359375 0.3546875
24 0.50859375 0.6421875 0.1203125 0.365625
17 0.43203125 0.52109375 0.2734375 0.1234375
26 0.340625 0.7921875 0.45625 0.415625
31 0.8921875 0.7296875 0.215625 0.290625
34 0.94921875 0.84609375 0.1015625 0.3078125
15 0.784375 0.86875 0.43125 0.2625
18 0.72265625 0.5453125 0.3078125 0.171875
20 0.70546875 0.6734375 0.2734375 0.3625