14 0.3765625 0.16953125 0.125 0.3390625
12 0.24453125 0.16953125 0.3890625 0.3390625
7 0.71953125 0.22578125 0.5609375 0.2265625
22 0.04140625 0.8 0.0828125 0.3
30 0.06171875 0.5390625 0.1234375 0.371875
15 0.09921875 0.38984375 0.1984375 0.1015625
25 0.12890625 0.98984375 0.2140625 0.0203125
20 0.109375 0.88125 0.21875 0.2375
33 0.14900952184004712 0.6750266760351673 0.26167005000969823 0.2648139724198929
24 0.24609375 0.46640625 0.2921875 0.2546875
32 0.275 0.9015625 0.24375 0.196875
16 0.34921875 0.6171875 0.1796875 0.284375
28 0.38046875 0.41953125 0.1171875 0.1609375
13 0.71953125 0.6625 0.5609375 0.646875