27 0.33984375 0.1359375 0.2796875 0.271875
31 0.1421875 0.04765625 0.284375 0.0953125
19 0.4078125 0.39921875 0.14375 0.2203125
22 0.2324600595192834 0.32730157850155467 0.34542262607064966 0.30752115756780685
30 0.10703125 0.15859375 0.2140625 0.3171875
20 0.1953125 0.45234375 0.30625 0.1140625
33 0.040625 0.371875 0.08125 0.275
25 0.6123047125000001 0 0.542461334375 0.32325204531249996 0.5259113609375 0.44664734375000004 0.539479884375 0.46167606406250006 0.6138232359375 0.4929985125 0.6368447109375 0.45613789843749997 0.6769166531249999 0.509375 0.9097383140625 0.509375 0.9389592046875 0.49030509999999994 1 0.3452100546875 1 0.0869370703125 0.960040078125 0 0.6123047125000001 0
7 0.08203125 0.715625 0.1640625 0.4125
8 0.17418797550491555 0.7663871943289225 0.23509418012898403 0.40574728398910553
9 0.315625 0.8078125 0.25 0.384375
0 0.40390625 0.84609375 0.1515625 0.3078125
1 0.55390625 0.88203125 0.1484375 0.2359375
2 0.6125 0.90859375 0.265625 0.1828125
3 0.71640625 0.93984375 0.2828125 0.1203125
4 0.83828125 0.96171875 0.2953125 0.0765625
6 0.6015625 0.5765625 0.24375 0.134375
7 0.67890625 0.615625 0.2984375 0.2125
8 0.7875 0.64296875 0.3 0.2671875
9 0.87578125 0.68203125 0.2484375 0.3453125
0 0.934375 0.71640625 0.13125 0.4140625