28 0.62734375 0.40078125 0.0640625 0.3859375
24 0.5609375 0.5796875 0.196875 0.2
14 0.52265625 0.209375 0.2734375 0.41875
29 0.41385813642447805 0.4376328598676865 0.2605978962731289 0.31580994234221577
21 0.2809581117098987 0.3294047326479489 0.2991802352084335 0.3449946977900975
13 0.08203125 0.2375 0.1640625 0.371875
15 0.3109375 0.58203125 0.309375 0.1953125
18 0.109375 0.6234375 0.21875 0.1125
34 0.059375 0.50625 0.11875 0.309375
33 0.8296875 0.33984375 0.340625 0.6796875
18 0 0.6796875 0 0.9179992828125 0.037053309374999996 0.885853503125 0.11488526406249999 0.8767780375 0.659375 0.9363597218749999 0.659375 0.7635949265625 0.0352859234375 0.7012523093749999 0.0146839515625 0.6796875 0 0.6796875
19 0.8296875 0.83984375 0.340625 0.3203125