35 0.3494787582467632 0.31823420026230326 0.17583037727617318 0.14193950725639404
23 0.1393990645941116 0.2867039141499685 0.16930759263643722 0.1323462524470706
27 0.465625 0.1671875 0.128125 0.128125
31 0.3156767565974105 0.17579123991801698 0.1498301669304741 0.10669148801910051
18 0.15228184633085387 0.16618308302444254 0.1514381310370969 0.10830855172143128
34 0.0421875 0.1984375 0.084375 0.103125
22 0.44921875 0.04375 0.1515625 0.0875
30 0.2999033409205776 0.06285473029937023 0.19394387978345584 0.12071927168436432
15 0.13512778708051157 0.059442009703464825 0.14077341567683294 0.11730160580511537
29 0.0546875 0.025 0.109375 0.05
31 0.8167007203125 0.509375 0.7975575734375 0.4453461484375 0.7914565828125 0.23566872968750002 0.8453270078124999 0.148930384375 0.828494015625 0.1241735984375 0.6026875640625 0.11628826249999999 0.6033915234375 0.1404818109375 0.64465271875 0.174147971875 0.6598936296875 0.509375 0.8167007203125 0.509375
20 0.26484375 0.73671875 0.5296875 0.4546875
1 0.5865552094212622 0.9663641322988031 0.013591138558944315 0.03793650961864685
0 0.5513989594212622 0.9651364489963589 0.018096782132453627 0.03185020072563951
2 0.53515625 0.9640625 0.0109375 0.034375
2 0.5685637273679508 0.9649553997219982 0.018278638558944314 0.038100200725639334