32 0.275 0.09375 0.17578125 0.115625
25 0.46484375 0.1390625 0.17578125 0.1203125
10 0.60703125 0.19453125 0.14921875 0.12265625
17 0.6203125 0.328125 0.17578125 0.12265625
19 0.46875 0.35078125 0.1703125 0.134375
26 0.57109375 0.4671875 0.1828125 0.1515625
11 0.7453125 0.6453125 0.209375 0.1515625
12 0.553125 0.65625 0.18515625 0.14921875
35 0.19375 0.7359375 0.23046875 0.1703125
27 0.3265625 0.51328125 0.196875 0.1296875
31 0.125 0.55546875 0.17578125 0.14453125
30 0.1140625 0.40859375 0.228125 0.14921875
22 0.2921875 0.353125 0.20703125 0.13203125
20 0.31484375 0.22265625 0.1875 0.134375
33 0.1203125 0.25390625 0.1734375 0.1296875