11 0.41328125 0.41796875 0.2109375 0.1234375
12 0.2421875 0.453125 0.28125 0.053125
26 0.16739068263285511 0.3291938162115732 0.25683420129724616 0.23464556795499955
17 0.19214304099211602 0.16626388072620274 0.3117944366867496 0.2550551042415735
19 0.07265625 0.2328125 0.1453125 0.228125
10 0.13515625 0.06171875 0.2328125 0.1234375
25 1 0 0.53042518125 0 0.679079109375 0.4796875 0.8180451734374999 0.4796875 0.8057666031250001 0.4426948546875 0.9175433796875 0.4796875 0.9522460859375 0.4796875 1 0.463020165625 1 0
10 0.40234375 0.865625 0.2328125 0.26875
11 0.18671875 0.8671875 0.3734375 0.265625
23 0.203125 0.5890625 0.40625 0.21875
13 0.75 0.73984375 0.4625 0.5203125