32 0.603125 0.28203125 0.071875 0.1546875
25 0.4921875 0.32265625 0.234375 0.0734375
17 0.24609375 0.29375 0.2359375 0.13125
19 0.36431823214884584 0.22166398096586457 0.23939424189573072 0.22163060206654456
26 0.2067178347514469 0.19026801433974364 0.2625433155591367 0.2436328670936593
11 0.04609375 0.153125 0.0921875 0.2625
12 0.1203125 0.071875 0.240625 0.14375
27 0.3890625 0.05703125 0.259375 0.1140625
22 0.509375 0.11328125 0.259375 0.2265625
20 0.5421875 0.22890625 0.19375 0.2328125
33 0.61953125 0.09375 0.0390625 0.1875
21 0.81953125 0.1796875 0.3609375 0.359375
28 0.31953125 0.6796875 0.6390625 0.640625
26 0.90390625 0.89765625 0.1921875 0.2046875
12 0.8432237531249461 0.7423794393023663 0.2821123629141832 0.25780445140261465
11 0.7234375 0.8671875 0.16875 0.24375