14 0.13359375 0.0515625 0.2671875 0.103125
24 0.05625 0.3 0.1125 0.278125
15 0.2080005512856355 0.33961628449929415 0.2842852245643246 0.30471832223840883
29 0.17371125020939698 0.1372549435899037 0.24794531017246654 0.2619308043815014
21 0.29453125 0.0921875 0.2796875 0.184375
34 0.4171875 0.2421875 0.084375 0.28125
18 0.33828125 0.38984375 0.2421875 0.3390625
11 0.5463194359375 0 0.5038549390625 0.09931475937499999 0.7276421328125 0.1482096171875 0.6698309578125 0.20448130781249998 0.6356471265625 0.304163346875 0.6569835078125 0.37266560000000004 0.7210829515625 0.4398241203125 0.8270471374999999 0.48800602031249996 0.9530453703124999 0.509066721875 1 0.5022720140625 1 0.06057544375 0.69601699375 0 0.5463194359375 0
6 0.2296875 0.7921875 0.459375 0.415625
8 0.69375 0.61015625 0.409375 0.1015625
9 0.66640625 0.67578125 0.4140625 0.2328125
0 0.64140625 0.74921875 0.3640625 0.3046875