32 0.4828125 0.15234375 0.165625 0.1203125
10 0.8140625 0.25703125 0.16796875 0.1296875
25 0.6703125 0.203125 0.1828125 0.12265625
20 0.50859375 0.275 0.178125 0.115625
17 0.81484375 0.3921875 0.20703125 0.1421875
11 0.9046875 0.71875 0.18515625 0.165625
12 0.74609375 0.725 0.20703125 0.15390625
26 0.7609375 0.52734375 0.18515625 0.1421875
19 0.66796875 0.41015625 0.18046875 0.13203125
22 0.4890625 0.40859375 0.18984375 0.134375
27 0.52421875 0.57578125 0.178125 0.146875
31 0.321875 0.60703125 0.178125 0.14921875
35 0.3703125 0.7921875 0.23046875 0.178125
23 0.1046875 0.765625 0.19453125 0.1515625
18 0.115625 0.61328125 0.20703125 0.14921875
30 0.30078125 0.45703125 0.23046875 0.1296875
15 0.09609375 0.46875 0.165625 0.13671875
24 0.1265625 0.31640625 0.18515625 0.134375
16 0.203125 0.1734375 0.18046875 0.11796875
33 0.3234375 0.303125 0.1734375 0.12734375