10 0.66953125 0.19921875 0.0390625 0.2203125
25 0.6203125 0.08671875 0.1375 0.1734375
20 0.49140625 0.06015625 0.2328125 0.1203125
17 0.62265625 0.30703125 0.1328125 0.2546875
26 0.565625 0.34921875 0.246875 0.1796875
19 0.5571569906262801 0.22661014581601827 0.24767145182646946 0.22967154844057552
22 0.40078125 0.11328125 0.2578125 0.2265625
27 0.3398896133553162 0.2644762658545119 0.2546867263722767 0.23930121642535304
31 0.14663420774552324 0.1577129768054764 0.2565043178875458 0.2424898834215476
35 0.1234375 0.3125 0.246875 0.253125
18 0.0515625 0.078125 0.103125 0.15625
30 0.209375 0.0765625 0.290625 0.153125
0 0.34453125 0.71953125 0.6890625 0.5609375
29 0.84453125 0.71953125 0.3109375 0.5609375