26 0.18671875 0.26796875 0.2703125 0.0640625
17 0.1683576080261012 0.17072909387512106 0.2916733198140551 0.19536808391617191
19 0.2703125 0.2140625 0.11875 0.171875
10 0.20546875 0.05078125 0.2484375 0.1015625
11 0.3522377921875 0 0.4479360625 0.1788044953125 0.4001818609375 0.1627644265625 0.3296875 0.17737964687500002 0.3296875 0.3 0.79731960625 0.3 0.8657499265624999 0 0.3522377921875 0
7 0.18984375 0.459375 0.2359375 0.31875
14 0.0703125 0.44609375 0.140625 0.2921875
1 0.175 0.8609375 0.1875 0.278125
11 0.06640625 0.846875 0.1328125 0.30625
15 0.95234375 0.4796875 0.0953125 0.203125
18 0.91171875 0.64453125 0.1765625 0.2171875
23 0.903125 0.81171875 0.19375 0.2046875
35 0.6369612344895342 0.7978223381195845 0.30490529333095145 0.22824421642972936
27 0.5009026742338601 0.5323160336684666 0.26743814431968727 0.20616013817089804
26 0.3546875 0.4484375 0.05 0.2
19 0.40546875 0.35703125 0.1515625 0.1140625
31 0.7275090968782364 0.5973769105246831 0.2382205378830699 0.19037151170746505
30 0.7906532251063803 0.43145192867505583 0.3161270165957465 0.18770102966144586
22 0.584375 0.36953125 0.26875 0.1390625
33 0.80546875 0.31953125 0.2390625 0.0390625