11 0.70546875 0.65625 0.22109375 0.1609375
12 0.5109375 0.671875 0.18984375 0.1515625
35 0.13359375 0.7640625 0.24296875 0.1734375
26 0.5203125 0.4671875 0.20703125 0.14921875
27 0.2703125 0.53359375 0.209375 0.1515625
31 0.0828125 0.5734375 0.165625 0.15625
17 0.56484375 0.32578125 0.21640625 0.146875
19 0.40859375 0.35078125 0.19921875 0.14453125
22 0.234375 0.35703125 0.196875 0.13203125
10 0.55859375 0.18515625 0.18515625 0.12265625
25 0.39453125 0.1359375 0.17578125 0.1296875
20 0.2484375 0.22109375 0.2015625 0.12265625
33 0.0625 0.259375 0.125 0.134375
32 0.2046875 0.09375 0.196875 0.125