33 0.24921875 0.56640625 0.2609375 0.0671875
24 0.16328125 0.41484375 0.3265625 0.3703125
15 0.31015625 0.2609375 0.1390625 0.428125
29 0.2 0.15078125 0.359375 0.3015625
14 0.08828125 0.103125 0.1765625 0.20625
21 0.22734375 0.05234375 0.3046875 0.1046875
5 0.4911954139932638 0.39718726639624685 0.061094008897248565 0.046686668466194806
2 0.7102358685556188 0.23354285395333657 0.05796900889724856 0.04644987012586892
1 0.7700287267311143 0.5162737661957542 0.061094008897248565 0.04668666846619498
3 0.09091286558986926 0.7135892419253448 0.037401840912470875 0.03866068091374952
6 0.11947160570403756 0.7627730257435238 0.03740184091247105 0.03866068091374952
1 0.24436547083679638 0.6209901126759136 0.035584672927693364 0.03229228174358649
0 0.257568466388172 0.6431494552073809 0.03896434091247088 0.03877908008391255
6 0.2853777900004374 0.6914927894404783 0.037274506920082474 0.03553568091374952
10 0.68984375 0.8 0.6203125 0.4