12 0.89921875 0.66484375 0.1421875 0.1109375
26 0.91796875 0.52421875 0.14921875 0.11796875
19 0.86328125 0.42578125 0.15625 0.1078125
25 0.88359375 0.25 0.1109375 0.103125
35 0.60703125 0.70703125 0.1609375 0.125
23 0.41015625 0.6765625 0.16796875 0.12265625
27 0.74609375 0.54921875 0.16328125 0.11796875
31 0.58046875 0.56875 0.14453125 0.11796875
18 0.415625 0.56640625 0.15625 0.10078125
34 0.31015625 0.603125 0.1109375 0.11328125
13 0.18046875 0.55546875 0.14453125 0.1078125
22 0.725 0.42421875 0.1421875 0.1109375
30 0.57109375 0.453125 0.1734375 0.09609375
15 0.41484375 0.453125 0.146875 0.115625
29 0.328125 0.4015625 0.1203125 0.0984375
21 0.259375 0.446875 0.14921875 0.1109375
20 0.75390625 0.3171875 0.13671875 0.103125
33 0.60234375 0.33203125 0.1421875 0.103125
24 0.446875 0.334375 0.125 0.103125
14 0.228125 0.3296875 0.18515625 0.09375
32 0.73828125 0.2171875 0.134375 0.10546875
16 0.51796875 0.22265625 0.1203125 0.1109375
28 0.35 0.24765625 0.165625 0.103125