26 0.290625 0.09140625 0.196875 0.1828125
17 0.153125 0.08515625 0.253125 0.1703125
19 0.25234375 0.18100590705871933 0.2640625 0.29367172808260744
22 0.30234375 0.38984375 0.1734375 0.2796875
10 0.04375 0.1234375 0.0875 0.246875
20 0.16875 0.421875 0.246875 0.215625
25 0.0546875 0.3328125 0.109375 0.290625
32 0.0796875 0.48046875 0.159375 0.0984375
15 0.7 0.26484375 0.6 0.5296875
10 0.19453125 0.76484375 0.3890625 0.4703125
25 0.6043115 0.5296875 0.5523389484375001 0.5469160609375 0.4452231578125 0.6361753171875 0.40579446093750005 0.722542590625 0.40341178906249997 0.775687371875 0.44214861250000004 0.863367853125 0.5114753265624999 0.9032124312500001 0.5179314625 0.9178258453125 0.4849077265625 0.9406401171875001 0.5111326421875 1 0.6474309625 1 1 0.8447591531249999 1 0.7092724968749999 0.9384523874999999 0.7379380875 0.9544903828125001 0.6181387921875 0.9149593359375 0.5481732359375 0.8850715765625001 0.5296875 0.6043115 0.5296875