20 0.6109375 0.09296875 0.096875 0.1859375
11 0.559375 0.60546875 0.2 0.1078125
12 0.4796875 0.540625 0.271875 0.2375
26 0.590625 0.44453125 0.1375 0.2515625
19 0.60859375 0.29296875 0.1015625 0.2390625
22 0.5453125 0.1421875 0.228125 0.25
27 0.44542418283910806 0.27942388801149337 0.24595737386128266 0.24771537385944456
31 0.2818105722246694 0.13198257750666692 0.24757443756361344 0.24931424145062522
35 0.16714541541591293 0.2909010229857641 0.30913198565684774 0.31319620991548636
23 0.06796875 0.0921875 0.1359375 0.184375
18 0.13828125 0.04921875 0.2578125 0.0984375
30 0.384375 0.07890625 0.26875 0.1578125
33 0.52265625 0.02578125 0.2265625 0.0515625
22 0.8296875 0.3296875 0.340625 0.659375
34 0.3296875 0.8296875 0.659375 0.340625
31 1 0.659375 0.9884588843750001 0.659375 0.95315638125 0.666391690625 0.659375 0.675264484375 0.659375 0.763404078125 1 0.7577279609375001 1 0.659375