19 0.546875 0.38125 0.10625 0.196875
26 0.45234375 0.425 0.1859375 0.128125
12 0.2609375 0.4 0.184375 0.178125
35 0.19453125 0.08671875 0.2140625 0.1734375
27 0.41697076110188347 0.21329113183960446 0.1651801187523077 0.220443054047586
31 0.38203125 0.0515625 0.1765625 0.103125
30 0.51875 0.07109375 0.1625 0.1421875
22 0.5484375 0.203125 0.103125 0.23125
18 0.6 0.4890625 1 0.4890625 1 0.37678884687499997 0.648349565625 0.21339322656249998 0.6 0.186513046875 0.6 0.4890625
19 0.3 0.65234375 0.6 0.3265625
35 0.8 0.6875 0.4 0.396875