16 0.03828125 0.090625 0.0765625 0.18125
33 0.09140625 0.23984375 0.1828125 0.2453125
24 0.14765625 0.07421875 0.2296875 0.1484375
30 0.2558653894149151 0.25769490549149265 0.25768659623477375 0.2961892414506252
22 0.1328125 0.38984375 0.234375 0.1578125
34 0.5921875 0.053125 0.234375 0.10625
15 0.34296875 0.0953125 0.2671875 0.190625
18 0.49765625 0.13359375 0.2765625 0.2671875
31 0.40546875 0.34375 0.2515625 0.25
27 0.31015625 0.44140625 0.2390625 0.0546875
35 0.57265625 0.37734375 0.2734375 0.1828125
23 0.61484375 0.1546875 0.1890625 0.29375
19 0.8546875 0.234375 0.290625 0.46875
0 0.3546875 0.73203125 0.709375 0.5265625