27 0.0859375 0.34921875 0.171875 0.1390625
31 0.2828125 0.35625 0.209375 0.125
18 0.42265625 0.34765625 0.0921875 0.1421875
22 0.10546875 0.184375 0.2109375 0.153125
30 0.2915858112310804 0.2239934642894803 0.2594121776670363 0.15123876623205437
15 0.43671875 0.21171875 0.0640625 0.1578125
20 0.0859375 0.06328125 0.171875 0.1265625
33 0.25 0.0734375 0.203125 0.146875
24 0.41484375 0.06640625 0.1078125 0.1328125
35 0.72421875 0.209375 0.4578125 0.41875
31 0.2609375 0.709375 0.415625 0.58125
0 0.99296875 0.88203125 0.0140625 0.0234375