1 0.29140625 0.490625 0.0953125 0.0375
2 0.1578125 0.459375 0.103125 0.1
3 0.034375 0.4046875 0.06875 0.10625
5 0.3234375 0.39375 0.03125 0.1125
6 0.22696429669995508 0.33046875 0.09619332654882307 0.10625
7 0.0916309842846261 0.27421875 0.10268898801421238 0.1109375
1 0.3109375 0.20234375 0.05625 0.1015625
0 0.27072202001484635 0.18125 0.09783771370395282 0.1078125
0 0.15767646540143349 0.13203125 0.10112648801421234 0.1109375
3 0.32890625 0.05 0.0203125 0.1
4 0.2234375 0.0234375 0.1125 0.046875
20 0.66953125 0.2546875 0.6609375 0.509375
0 0.13671219018666286 0.9453125 0.028364017412854638 0.034375
3 0.21073286635137317 0.97890625 0.030008404567984214 0.0359375
2 0.14892558514370863 0.95078125 0.02523901741285428 0.034375
7 0.11076384385013593 0.93359375 0.025239017412854635 0.034375
9 0.27734375 0.9953125 0.0265625 0.009375
1 0.12379943238474675 0.93828125 0.028527791723113972 0.0375
0 0.17134057496694338 0.79140625 0.03346095318850324 0.0421875
7 0.15452156716502738 0.784375 0.03346095318850324 0.0421875
8 0.18729644561372982 0.8 0.03847600180902226 0.0484375
8 0.22438808910043767 0.62890625 0.026801517412854282 0.034375
2 0.23734179047991866 0.63515625 0.026801517412854636 0.034375
6 0.21139344414339173 0.6234375 0.026801517412854636 0.034375
8 0.07716893034858181 0.5609375 0.03173467887824373 0.0390625
0 0.06503742254666581 0.55390625 0.026801517412854636 0.034375
7 0.05286497116718465 0.54765625 0.025239017412854635 0.034375
16 0.66953125 0.7546875 0.6609375 0.490625