1 0.153125 0.0515625 0.13125 0.103125
2 0.04765625 0.12109375 0.0953125 0.1359375
4 0.3634334342544129 0.08491393140844858 0.1367205243497292 0.13672052434972923
5 0.2362475969984704 0.16318716152294624 0.1367205243497292 0.1367205243497292
6 0.1105288023562017 0.2469564151763942 0.12877165665497756 0.12877165665497756
7 0.02421875 0.32421875 0.0484375 0.1359375
8 0.44879246144681123 0.20909749958966764 0.1366932508107789 0.13515802434972918
9 0.3199623035740178 0.2920309561652149 0.13354097727182862 0.13354097727182862
1 0.22187363109072758 0.35987124675029386 0.11923301542127547 0.11923301542127547
0 0.16899804708119595 0.38942633319545744 0.13036143019392785 0.13036143019392785
0 0.06484375 0.45703125 0.1296875 0.1359375
1 0.50859375 0.340625 0.0828125 0.128125
2 0.40126507630218916 0.4247400904990581 0.1367205243497292 0.1367205243497292
3 0.2779036684293956 0.5077690044609315 0.12400233603812652 0.12400233603812652
4 0.14364567086502764 0.5882632536501526 0.1446421185055306 0.143106892044481
6 0.48359375 0.54921875 0.1328125 0.1359375
7 0.3578125 0.6140625 0.140625 0.109375
24 0.55 0.66875 1 0.66875 1 0 0.5844932 0 0.5746104609375 0.0035577859375 0.55 0.028168246875000004 0.55 0.66875
15 0.275 0.834375 0.55 0.33125
27 0.775 0.834375 0.45 0.33125