9 0.290625 0.47421875 0.05625 0.0703125
1 0.178125 0.47890625 0.05625 0.0609375
0 0.11875 0.4828125 0.06875 0.053125
2 0.27890625 0.33203125 0.0796875 0.0921875
3 0.13273857297388894 0.34530376799207724 0.06357441818411544 0.09346320967712848
6 0.27270068025830946 0.18154086683478549 0.07919941818411544 0.09419095574818695
7 0.12141096489804548 0.1979750037240536 0.08549488229073816 0.0960445541766104
1 0.29453125 0.0390625 0.0484375 0.078125
0 0.23125 0.0390625 0.08125 0.078125
19 0.66640625 0.2546875 0.6671875 0.509375
28 0.121875 0.740625 0.24375 0.24375
11 1 0.509375 0.463803725 0.509375 0.4666036359375 0.6327504265625 0.496413159375 0.673841796875 0.5604949078125 0.70272629375 0.49266443125 0.7358785640625 0.419657278125 0.8135905484375 0.3918108234375 0.9044441546875 0.4076971203125 0.9909623265625 0.41671992500000005 1 0.9992009859375 1 0.995857903125 0.9590831015625 0.9244575515625 0.9485427421875 0.94141553125 0.8323406453125 1 0.607386140625 1 0.509375