20 0.0640625 0.2640625 0.128125 0.209375
23 0.41015625 0.03828125 0.2359375 0.0765625
18 0.28984375 0.12890625 0.2296875 0.2578125
34 0.1328125 0.26796875 0.215625 0.2015625
19 0.571875 0.06875 0.203125 0.1375
12 0.4401537191583598 0.15741609943336873 0.21315654379845023 0.2354614415410806
15 0.24921875 0.33359375 0.2296875 0.0703125
25 0.671875 0.09453125 0.05625 0.1859375
21 0.6390625 0.1 0.121875 0.2
27 0.5846966587024717 0.2382077951975914 0.19170304595791876 0.19272837226160835
33 0.4484375 0.31640625 0.2375 0.1046875
8 0.85 0.178125 0.3 0.35625
34 0.35 0.684375 0.7 0.63125
0 0.8049183235695814 0.6003229457642225 0.04429022054263574 0.034040030878812286
1 0.8247394702380939 0.5708938585380617 0.0491779796419344 0.03730142319868044
2 0.7953232780730882 0.6161979983506474 0.04262759099298643 0.03243206677218957
2 0.8143131099667761 0.5875728931777979 0.04262759099298643 0.03243206677218975
6 0.7755021314045758 0.6456270855768083 0.04439035009228505 0.03560253087881229
0 0.70234375 0.78203125 0.0046875 0.0328125
0 0.7078125 0.7671875 0.015625 0.034375
4 0.7236065692506448 0.5184712036817813 0.04262759099298643 0.03243206677218957
2 0.7331515499723134 0.5033774010953567 0.04585272054263574 0.034085494985435005
1 0.71796875 0.5328125 0.0359375 0.034375
1 0.7484156045681052 0.48421822413575255 0.047515350092285066 0.03569345909205772