23 0.1546875 0.3703125 0.309375 0.2625
19 0.10625 0.08515625 0.2125 0.1703125
12 0.2625 0.11796875 0.175 0.2109375
0 0.96953125 0.2703125 0.0609375 0.159375
0 0.7860404313459689 0.2816050252307877 0.12610023531769166 0.16334337014004524
5 0.5748118329175455 0.2851795971900783 0.12839048138875028 0.17904114474715094
1 0.3859375 0.29453125 0.071875 0.1765625
23 0.12578125 0.95 0.2515625 0.1
33 0.22890625 0.78203125 0.2421875 0.2296875
21 0.1625 0.5734375 0.325 0.109375
27 0.2640625 0.61015625 0.171875 0.1828125
28 0.6921875 0.759375 0.615625 0.48125