10 0.87109375 0.7484375 0.23046875 0.18515625
11 0.62890625 0.70078125 0.26953125 0.1875
20 0.15625 0.66328125 0.26953125 0.1875
23 0.725 0.41953125 0.24296875 0.1734375
18 0.50390625 0.446875 0.2046875 0.15390625
34 0.2765625 0.51953125 0.18515625 0.15390625
13 0.078125 0.475 0.15625 0.1828125
17 0.9078125 0.1765625 0.1828125 0.1421875
19 0.74375 0.20546875 0.19921875 0.15859375
12 0.53515625 0.27734375 0.21640625 0.1703125
15 0.1890625 0.31640625 0.23046875 0.1703125
21 0.7140625 0.06640625 0.2046875 0.1296875
27 0.52890625 0.07109375 0.20703125 0.12734375
33 0.28359375 0.115625 0.290625 0.14921875