22 0.60625 0.1578125 0.165625 0.24375
20 0.46484375 0.19140625 0.3671875 0.1765625
18 0.11015625 0.19375 0.2203125 0.171875
34 0.31640625 0.16953125 0.2515625 0.2203125
13 0.47734375 0.09375 0.3046875 0.1875
15 0.3046875 0.0359375 0.25 0.071875
31 0.6890625 0 0.6890625 0.047492981249999996 0.8596217421875 0.124001109375 0.87812583125 0.1411491984375 0.8803868125 0.23124612500000002 1 0.169513596875 1 0.0064587312499999995 0.9965185578125 0 0.6890625 0
25 0.41953125 0.315625 0.2609375 0.071875
26 0.2203125 0.37109375 0.284375 0.1828125
27 0.07265625 0.45390625 0.1453125 0.2578125
33 0.1 0.6265625 0.2 0.265625
32 0.28028180574506656 0.5112894703083218 0.276918783355371 0.2529959340192331
31 0.4859375 0.38984375 0.25625 0.2203125
30 0.61640625 0.33671875 0.1453125 0.1140625
35 0.5953125 0.5046875 0.1875 0.26875
34 0.84453125 0.63984375 0.3109375 0.7203125