34 0.48046875 0.16875 0.0765625 0.234375
13 0.37109375 0.11875 0.2953125 0.2375
15 0.371875 0.28046875 0.240625 0.1984375
32 0.19609375 0.290625 0.2609375 0.178125
14 0.0921875 0.26015625 0.184375 0.2390625
11 0.51875 0 0.51875 0.2746311375 0.60897339375 0.32888695625 0.7149902765625 0.3365030859375 0.7646294171875001 0.3008602921875 0.816786740625 0.2012385203125 0.78900231875 0.0067628859375 0.8251853656249999 0.037877735937500004 0.8916569375 0.0497818515625 0.976635040625 0.016677765625 0.9893071984375 0 0.51875 0
14 0.0578125 0.89140625 0.115625 0.2171875
13 0.1328125 0.93359375 0.265625 0.1328125
1 0.06640625 0.50078125 0.1328125 0.2421875
11 0.1359375 0.54453125 0.271875 0.3296875
9 0.2675873258951521 0.6061292209277294 0.31783770535443595 0.3971214814568439
28 0.38828125 0.68671875 0.2609375 0.3984375
11 0.51875 0.3796875 0.51875 1 0.8150779453125001 1 0.8214854218750001 0.9733055125 0.7995955218749999 0.829155459375 0.760887259375 0.7871658890625 0.77350630625 0.7666858 0.8172579671874999 0.7555711203125 0.8509157953125 0.7758112468749999 0.8812043234375 0.7566005125 0.9190614640625 0.6951602484375 0.9341986921875 0.6107011859375 0.9224096578125 0.5100500203125 0.86181853125 0.3987640953125 0.8396346125 0.3796875 0.51875 0.3796875