10 0.89296875 0.72109375 0.19921875 0.1515625
11 0.7015625 0.6859375 0.18984375 0.14453125
20 0.2921875 0.640625 0.24765625 0.1515625
22 0.1046875 0.72109375 0.209375 0.18515625
23 0.77265625 0.44453125 0.20703125 0.1421875
18 0.56875 0.4640625 0.21640625 0.1296875
34 0.3734375 0.53125 0.1734375 0.13671875
13 0.18984375 0.4859375 0.228125 0.13671875
17 0.915625 0.23671875 0.16328125 0.12265625
19 0.76171875 0.2546875 0.1515625 0.134375
12 0.6046875 0.31484375 0.18984375 0.125
15 0.30546875 0.359375 0.17578125 0.1515625
32 0.1859375 0.25625 0.178125 0.125
31 0.93125 0.103125 0.13203125 0.13203125
25 0.77890625 0.0796875 0.146875 0.115625
21 0.75234375 0.134375 0.16796875 0.1109375
27 0.59375 0.1453125 0.14453125 0.12734375
33 0.39765625 0.1859375 0.2359375 0.12734375
16 0.36875 0.05859375 0.1921875 0.11328125
28 0.16328125 0.10703125 0.2015625 0.1109375