12 0.4546875 0.51953125 0.409375 0.0796875
17 0.0828125 0.471875 0.165625 0.175
26 0.14921875 0.403125 0.2984375 0.3125
34 0.4796875 0.46796875 0.359375 0.1828125
15 0.3347692925661206 0.3588518819615338 0.38095242195451695 0.3154624932695754
32 0.18125 0.10390625 0.3625 0.2078125
35 0.35078125 0.1765625 0.4265625 0.353125
21 0.59140625 0.18203125 0.1359375 0.3015625
19 0.73984375 0.2796875 0.1609375 0.559375
20 0.3296875 0.7796875 0.659375 0.440625
0 0.6765625 0.88359375 0.034375 0.2328125
1 0.77265625 0.925 0.1828125 0.15
2 0.921875 0.95703125 0.15625 0.0859375
6 0.93671875 0.61796875 0.1265625 0.1171875