28 0.34609375 0.31484375 0.3328125 0.0703125
18 0.36328125 0.1296875 0.3109375 0.259375
16 0.1078125 0.29921875 0.215625 0.1015625
10 0.0859375 0.14609375 0.171875 0.2921875
20 0.759375 0.17890625 0.48125 0.3421875
21 0.37385927801860885 0.4703233860606987 0.05598989087179333 0.019734611248705035
21 0.3004748579020289 0.7860874731165826 0.05142079004195636 0.021078787427387446
14 0.02109375 0.48203125 0.0421875 0.0296875
14 0.028250780093201346 0.4503339478903041 0.05056868506293446 0.030381012820281585
14 0.04579901329596918 0.7641053494618808 0.0487693867226084 0.02718323821317572
14 0.07132996433094319 0.6695398662111037 0.05056868506293442 0.030381012820281585
14 0.07992279171556341 0.6185595630679506 0.05537458423309745 0.032161836641599176
14 0.18485874544982978 0.616440599047596 0.043845088382282335 0.02383991439185813
14 0.20008008113281975 0.5501991689399721 0.04576278589277134 0.02860018899896417
14 0.3108203620512137 0.7787843953663236 0.05056868506293437 0.030381012820281585
14 0.3443288338321121 0.6456658343652876 0.04396348755244546 0.02540241439185813
14 0.36492383113281973 0.5578768899896401 0.03759508838228243 0.023548815963434677
14 0.3754935556130105 0.5124381114535927 0.04865098755244546 0.02562073821317572
14 0.3919930487645333 0.4322433432566277 0.04204579004195637 0.020642139784752267
14 0.41640625 0.353125 0.0453125 0.00625
14 0.4009834207645019 0.7666354598820162 0.03759508838228243 0.023548815963434677
10 0.03294993548714169 0.44043240901517466 0.05537458423309745 0.032161836641599176
10 0.05 0.359375 0.05625 0.01875
10 0.04179121660602829 0.3824572431755745 0.05537458423309745 0.032161836641599176
10 0.13009242553838676 0.8388742171207266 0.04396348755244537 0.02540241439185813
10 0.14716060375284395 0.7867316743166557 0.04372668921211931 0.02227741439185813
10 0.16124549192534485 0.7157663569054789 0.0487693867226084 0.02718323821317572
10 0.3067132025080885 0.7964984342414531 0.04396348755244528 0.02540241439185813
10 0.35779841536591717 0.5871277423470049 0.04396348755244546 0.02540241439185813
10 0.3832818222097501 0.4816611463997809 0.043845088382282425 0.02383991439185813
10 0.3967630591374956 0.4130031916850512 0.043845088382282425 0.02383991439185813
10 0.4069607336269751 0.7427805829175455 0.043845088382282425 0.02383991439185813
23 0.01796875 0.521875 0.0359375 0.03125
23 0.036524298764533294 0.41568712014004516 0.045762785892771426 0.028600188998963993
23 0.15023805956170277 0.7759761108344202 0.043845088382282335 0.02383991439185813
23 0.1848112012586886 0.6055394863511488 0.04372668921211931 0.02227741439185813
23 0.3525431529183626 0.6102377566150285 0.043845088382282425 0.02383991439185813
23 0.3556206087272214 0.5994821931327932 0.043845088382282425 0.02383991439185813
23 0.3920405929556745 0.4431444559530748 0.043845088382282425 0.02383991439185813
23 0.397705055412518 0.7952869987571457 0.043845088382282425 0.02383991439185813
13 0.02578125 0.4671875 0.0515625 0.034375
13 0.048189384871730544 0.7237350605867512 0.06498638257342351 0.03572348428423418
13 0.35102727449412396 0.5696855312221344 0.05826278589277152 0.0291823858558109
13 0.3573714402610265 0.5403982915612167 0.05826278589277134 0.0291823858558109
27 0.04601677531931654 0.36630570430044496 0.04865098755244537 0.02562073821317572
27 0.1553390340418936 0.7302826211735025 0.041927390871793334 0.019079639784752266
27 0.34263627926800877 0.6541504224546288 0.03723989087179334 0.018861315963434676
27 0.4030480253193165 0.3829347020241333 0.037358290041956364 0.020423815963434677
27 0.4125 0.35546875 0.0375 0.0109375
19 0.01171875 0.57890625 0.0234375 0.0265625
30 0.01328125 0.56953125 0.0265625 0.0328125
30 0.1370994421351263 0.8080608647633618 0.037358290041956274 0.020423815963434677
30 0.1559310298927087 0.7380951211735025 0.03747668921211931 0.02198631596343468
30 0.33973642221439454 0.6672497359368641 0.0437266892121194 0.02227741439185813
30 0.3684981944102114 0.5331316011145105 0.04396348755244546 0.02540241439185813
30 0.4078125 0.36015625 0.0375 0.0203125
30 0.40000126122137675 0.7844950479713575 0.0374766892121194 0.02198631596343468
28 0.0125 0.55859375 0.025 0.0234375
28 0.01953125 0.50625 0.0390625 0.025
28 0.03895794006053386 0.8073823145156925 0.05513778589277143 0.029036836641599173
28 0.074289020969639 0.6572218027288683 0.05333848755244537 0.02583906203449331
28 0.38086721723072825 0.49089059718556916 0.043845088382282425 0.02383991439185813
28 0.4066699327878494 0.36909052584545093 0.043845088382282425 0.02383991439185813
28 0.4041200761584423 0.7566611463997809 0.0437266892121194 0.02227741439185813
29 0.0140625 0.5484375 0.028125 0.025
29 0.02887774212583749 0.4277868598009629 0.0565818867226084 0.027547111248705035
29 0.1347081479439851 0.7970505901562558 0.046733290041956276 0.020860463606069857
29 0.184160005822792 0.5969457363511489 0.05153918921211931 0.022641287427387448
29 0.39454416661531705 0.7741204741500398 0.053338487552445454 0.02583906203449331
15 0.01484375 0.5328125 0.0296875 0.028125
15 0.3932945170209468 0.3980502797743924 0.057907588382282424 0.0244948858558109
18 0.01484375 0.5265625 0.0296875 0.021875
18 0.01640625 0.51015625 0.0328125 0.0203125
18 0.028285746275022384 0.4199743598009629 0.05142079004195628 0.021078787427387446
18 0.18954532283445 0.5652783593866781 0.05610829004195628 0.021297111248705036
18 0.3551227786433088 0.562091355043452 0.05142079004195636 0.021078787427387446
18 0.38634150292300695 0.7994286892038518 0.05142079004195636 0.021078787427387446
17 0.01875 0.490625 0.0375 0.034375
17 0.141726819934665 0.7561173751024439 0.05826278589277143 0.029182385855810723
16 0.04741425457339214 0.40529542969333915 0.06474958423309744 0.032598484284234265
16 0.1698508973192852 0.7060467545481139 0.05333848755244537 0.02583906203449331
16 0.3525790417155633 0.6312587320079227 0.05501938672260849 0.02747433664159917
16 0.41718783860599695 0.7339150051672865 0.058144386722608486 0.027619885855810898
32 0.06782645603257342 0.6849465423897861 0.05080548340326052 0.03350601282028158
12 0.2974449462843111 0.807744149295265 0.05513778589277152 0.029036836641599173
20 0.18889412739855338 0.5566846093866782 0.05333848755244537 0.02583906203449331
11 0.04401137034958347 0.7507877121583277 0.06474958423309744 0.032598484284234175
11 0.12361728259200104 0.825338255995856 0.058144386722608396 0.027619885855810898
13 0.36502965229366263 0.5181786892038518 0.05826278589277152 0.029182385855810723
24 0.04197619628431117 0.7958455010334573 0.05537458423309749 0.032161836641599176
24 0.051717126573360785 0.73946922249741 0.0487693867226084 0.02718323821317572
24 0.06107954856404065 0.6986451693542569 0.05056868506293442 0.030381012820281585
24 0.13546608715610442 0.8173267028527029 0.037595088382282336 0.023548815963434677
24 0.15363482408384987 0.7488870719592907 0.03747668921211931 0.02198631596343468
24 0.16355335312814404 0.6948545434232434 0.03747668921211931 0.02198631596343468
24 0.17297497470390538 0.6548117402800904 0.037358290041956364 0.020423815963434677
24 0.33738101682045407 0.6772604367226525 0.04396348755244546 0.02540241439185813
24 0.3509097979393408 0.6195035947043698 0.04396348755244546 0.02540241439185813
24 0.3896851875617342 0.4531551567388631 0.043845088382282425 0.02383991439185813
24 0.4037584203402947 0.39230970202413334 0.043845088382282425 0.02383991439185813
24 0.4116123448297742 0.7219779313459689 0.043845088382282425 0.02383991439185813
22 0.0454205049975994 0.7796575748547749 0.05080548340326052 0.03350601282028158
22 0.07647848300227515 0.634747489246633 0.05080548340326052 0.03350601282028158
22 0.17599323092768274 0.643274926797855 0.04576278589277134 0.028600188998963993
22 0.179555938811134 0.6286495006191725 0.0393943867226084 0.02674659057054072
22 0.38672613092303826 0.4654732202210984 0.04396348755244546 0.02540241439185813
22 0.3911357466992296 0.8113293757216165 0.03939438672260849 0.02674659057054054
34 0.06808748777615996 0.7192123804791274 0.06306868506293446 0.03096320967712849
34 0.3390502605966768 0.6890155740262054 0.05501938672260831 0.02747433664159917
12 0.1659912688950466 0.665385367244561 0.0553745842330974 0.032161836641599176
21 0.18761596993002055 0.5706379474760194 0.05802598755244528 0.0260573858558109
21 0.3856955045733921 0.4210511321317572 0.05610829004195637 0.021297111248705036
21 0.386239956233066 0.41796251943531015 0.05610829004195637 0.021297111248705036
1 0.3798080830069196 0.8364920415612167 0.04865098755244546 0.025620738213175544
5 0.38282633923069687 0.8249552280789814 0.05501938672260849 0.02747433664159917
22 0.759375 0.675 0.48125 0.65