31 0.084375 0.1375 0.16875 0.275
22 0.2203125 0.15625 0.359375 0.3125
18 0.34140625 0.228125 0.1171875 0.45625
28 0.24921875 0.5171875 0.3015625 0.165625
0 0.57109375 0.51015625 0.2328125 0.1796875
5 0.7168575087089817 0.30734615309574137 0.2465807979675713 0.2130903101589518
2 0.86015625 0.09609375 0.2328125 0.1921875
7 0.2 0.8 0.4 0.4
2 0.70078125 0.9734375 0.1828125 0.053125
8 0.7435216456185734 0.8217533934770944 0.19553512351524951 0.17540677168436442
0 0.86796875 0.68203125 0.2109375 0.1640625