11 0.57265625 0.28359375 0.1921875 0.4265625
31 0.42734375 0.15234375 0.4671875 0.3046875
19 0.20234375 0.034375 0.4046875 0.06875
20 0.5375 0.49765625 0.2625 0.3046875
22 0.28784126161197554 0.29691910002065924 0.44058216521461463 0.43808971998347257
14 0.13671875 0.57734375 0.2734375 0.1453125
18 0.15703125 0.45 0.3140625 0.4
2 0.834375 0.325 0.33125 0.65
0 0.334375 0.81875 0.66875 0.3375
15 0.77421875 0.71640625 0.2109375 0.1328125
34 0.82109375 0.8203125 0.3046875 0.340625
12 0.778125 0.86015625 0.21875 0.2796875