27 0.409375 0.21015625 0.059375 0.3453125
21 0.3640625 0.3859375 0.15 0.334375
33 0.29453125 0.15078125 0.2890625 0.3015625
23 0.13125 0.1359375 0.2625 0.271875
10 0.9453125 0.5546875 0.109375 0.109375
12 0.9703125 0.31640625 0.059375 0.2640625
24 0.92734375 0.49921875 0.1453125 0.2203125
23 0.81796875 0.55 0.3140625 0.11875
18 0.621875 0.54140625 0.296875 0.1359375
34 0.740625 0.5171875 0.246875 0.184375
25 0.91015625 0.31015625 0.1796875 0.2765625
30 0.7460538911129582 0.36967998472308833 0.3021980598375791 0.28143400270527097
26 0.5578125 0.5 0.2375 0.21875
29 0.8677310271410125 0.24618903540736028 0.23433063695090492 0.2213135680299077
28 0.6056210533591742 0.2735851400381801 0.2956476711886312 0.27667377737108917
35 0.4703125 0.43046875 0.0625 0.2609375
13 0.8537545720191968 0.4544646120703149 0.25418206199704746 0.23871924403245295
11 0.174721709375 0.609375 0.002142878125 0.7783998624999999 0 0.781881990625 0 1 0.4390625 1 0.4390625 0.6577005796875 0.3914183015625 0.609375 0.174721709375 0.609375
29 0.71953125 0.8046875 0.5609375 0.390625