23 0.18984375 0.3046875 0.3796875 0.409375
29 0.03359375 0.48671875 0.0671875 0.3109375
33 0.20234375 0.57265625 0.4015625 0.3328125
21 0.37265625 0.63984375 0.2328125 0.1984375
27 0.265625 0.6859375 0.371875 0.10625
0 0.8359375 0.625 0.328125 0.228125
1 0.90625 0.55078125 0.1875 0.3109375
2 0.95390625 0.41171875 0.0921875 0.3609375
5 0.58671875 0.3921875 0.1953125 0.35
6 0.6484375 0.25859375 0.31875 0.3546875
7 0.7515625 0.1484375 0.340625 0.296875
8 0.853125 0.07890625 0.29375 0.1578125
8 0.425 0.95390625 0.128125 0.0921875
33 0.74453125 0.86953125 0.5109375 0.2609375