0 0.42578125 0.03359375 0.1796875 0.0671875
3 0.4765625 0.203125 0.184375 0.125
9 0.5203125 0.39921875 0.096875 0.1296875
11 0.69765625 0.44921875 0.2234375 0.0609375
10 0.65625 0.23671875 0.175 0.3546875
17 0.89921875 0.42265625 0.2015625 0.1140625
16 0.8344938763865585 0.17718446834667012 0.23961878293939148 0.3022557954530476
7 0.059375 0.9234375 0.11875 0.153125
34 0.35234375 0.55078125 0.4140625 0.1421875
2 0.3671875 0.71640625 0.403125 0.1734375
30 0.3828125 0.93515625 0.371875 0.1296875
31 0.784375 0.734375 0.43125 0.509375