19 0.8625 0.30859375 0.275 0.2421875
25 0.66171875 0.23515625 0.4640625 0.3890625
24 0.8796875 0.0890625 0.240625 0.178125
31 0.515625 0.1390625 0.29375 0.278125
24 0.32669072704447755 0.9586273759548203 0.05426477611928178 0.052162484006999674
24 0.2776878245126582 0.5456642992918657 0.05599105042954129 0.05530566534054522
24 0.15390625 0.4484375 0.0390625 0.0375
24 0.07025046076327679 0.5254079853198642 0.03954717887824381 0.03949885200509069
13 0.3546875 0.76796875 0.028125 0.0640625
10 0.34375 0.78671875 0.05 0.0515625
23 0.2884769968321813 0.8410313432925018 0.05426477611928178 0.052162484006999674
23 0.3421875 0.63984375 0.053125 0.0515625
23 0.25379330110690984 0.5670489506285927 0.05105788896415202 0.05056362133990877
23 0.22249571347681024 0.5963370086330471 0.05105788896415202 0.05056362133990877
23 0.054704025892139185 0.5420051393220915 0.03617651741285455 0.03477498933799979
18 0.22998506614491515 0.7541585992998197 0.04464411465389251 0.04736589600572714
18 0.2990715015818797 0.5360347606222293 0.04464411465389251 0.04736589600572714
18 0.24318002770116154 0.5882790606301835 0.048014776119281774 0.052089758672817864
18 0.1258929511523384 0.4833290259786828 0.034695904567984305 0.036319308004454244
16 0.1768124785148156 0.7837011959739103 0.06593926051544959 0.06635225334181775
16 0.19292772218323756 0.6138790446371832 0.06421298620519007 0.06320907200827222
29 0.1432906495911433 0.8302131166454554 0.05122166327441158 0.053688621339908774
29 0.3101351543408417 0.5233984006206385 0.04785100180902226 0.04896475867281787
28 0.35078125 0.928125 0.0359375 0.05
28 0.32321500847928464 0.5044847686187295 0.049413501809022264 0.048982940006363405
15 0.3140625 0.9765625 0.053125 0.046875
15 0.1703125 0.44453125 0.040625 0.0296875
30 0.36171875 0.90859375 0.0140625 0.0515625
30 0.35390625 0.6171875 0.0296875 0.05
30 0.35546875 0.4609375 0.0265625 0.05
14 0.2950910877416413 0.6838273706238202 0.05426477611928178 0.052162484006999674
14 0.3421875 0.484375 0.053125 0.053125
27 0.27715995929293874 0.6996705466263655 0.044480340343633 0.04424089600572696
17 0.09225161352223879 0.5126443559834553 0.04620661465389255 0.0473840773392725
32 0.24508112166283916 0.7289676952975925 0.06248671189493056 0.06006589067472703
22 0.31599116519497555 0.8141324886219111 0.06741987336031982 0.0648079346753633
14 0.15789206015202142 0.8105000533100011 0.05426477611928178 0.052162484006999674
12 0.3181224739922598 0.6608893099538657 0.05105788896415202 0.05056362133990877
21 0.22180075192056395 0.7620710966343196 0.04472600180902227 0.04892839600572714
21 0.2120948812737776 0.7707830253023651 0.04628850180902226 0.048946577339272504
27 0.13963122455808671 0.46206255331000107 0.03132524310259503 0.03159544533736351
25 0.11080021766068175 0.49366708931413716 0.0462066146538926 0.04738407733927232
14 0.03595070386587183 0.5570761559914095 0.03790279172311404 0.03791817067154533
18 0.68984375 0.71484375 0.6203125 0.5703125