0 0.115625 0.5765625 0.2 0.046875
1 0.26171875 0.515625 0.1984375 0.16875
1 0.40916602971595495 0.4033842505967759 0.2077480824314133 0.19286130402608972
8 0.547591187741644 0.2790007739099587 0.21463581121958608 0.20074652936027154
0 0.63984375 0.16171875 0.0984375 0.1984375
6 0.84453125 0.3 0.3109375 0.6
10 0.19296875 0.64140625 0.3859375 0.0828125
16 0.33515625 0.7171875 0.3484375 0.234375
22 0.52734375 0.83828125 0.3234375 0.3234375
22 0.74453125 0.82265625 0.1109375 0.3296875
26 0.81796875 0.66875 0.2578125 0.1375
31 0.9125 0.721875 0.175 0.24375
14 0.81953125 0.8921875 0.2609375 0.215625