0 0.0578125 0.2734375 0.115625 0.2
0 0.23501563618493782 0.21889598442894567 0.1500767504614254 0.182412526144509
0 0.4046875 0.1625 0.109375 0.19375
1 0.86328125 0.33515625 0.1515625 0.1484375
10 0.01328125 0.47109375 0.0265625 0.1171875
24 0.1234375 0.43125 0.11875 0.04375
30 0.0703125 0.49921875 0.140625 0.1109375
35 0.33671875 0.44375 0.1640625 0.06875
14 0.0375 0.61484375 0.075 0.1234375
32 0.1587721136674039 0.5650642798694868 0.14783432757475107 0.12315592531467212
27 0.2818987330380204 0.5362978945967709 0.1490964389258032 0.11858682448483523
21 0.38984375 0.5 0.1390625 0.121875
33 0.38515625 0.5796875 0.1484375 0.128125
23 0.434375 0.659375 0.05 0.11875
11 0.3172378508674774 0.6642327178322063 0.1888598457733484 0.13248430373891082
18 0.11408257248984735 0.6679650595384808 0.15312260487264706 0.13288612282516113
16 0.1517747347360634 0.7591811327739162 0.167185104872647 0.1339517153566284
28 0.2971873642857127 0.7466075099487549 0.15438471622369915 0.12831702199532416
19 0.7296875 0.7046875 0.540625 0.590625