0 0.4140625 0.37734375 0.171875 0.0640625
4 0.53515625 0.321875 0.0484375 0.175
2 0.646875 0.2203125 0.175 0.378125
30 0.78359375 0.1703125 0.3203125 0.340625
13 0.8875 0.11875 0.225 0.2375
16 0.13203125 0.65234375 0.2640625 0.3234375
11 0.3027325243563198 0.8104286063490006 0.34580697240056457 0.3246799751643287
12 0.45625 0.753125 0.20625 0.296875
18 0.49296875 0.5359375 0.1328125 0.253125
17 0.38046875 0.5734375 0.3578125 0.328125
22 0.17578125 0.4828125 0.3515625 0.146875
1 0.7 0.95703125 0.215625 0.0859375
0 0.86953125 0.87109375 0.2578125 0.2578125
6 0.96171875 0.72890625 0.0765625 0.2859375