0 0.325 0.06953125 0.190625 0.1390625
3 0.38984375 0.24296875 0.1578125 0.1453125
2 0.40703125 0.43828125 0.1234375 0.1515625
6 0.42734375 0.65 0.0828125 0.153125
29 0.56875 0.28984375 0.2 0.2734375
11 0.5921875 0.43984375 0.246875 0.2734375
7 0.63671875 0.65390625 0.3359375 0.2296875
2 0.65390625 0.7328125 0.3703125 0.071875
2 0.84375 0.09375 0.3125 0.1875
34 0.875 0.19453125 0.25 0.2578125
2 0.896875 0.34375 0.20625 0.271875
30 0.93046875 0.55078125 0.1390625 0.2734375
10 0.234375 0.884375 0.46875 0.23125
2 0.734375 0.884375 0.53125 0.23125