33 0.69453125 0.23984375 0.6109375 0.4796875
28 0.19453125 0.73984375 0.3890625 0.5203125
30 0.808492862698482 0.6035243854576491 0.028952670950527094 0.02178646879233561
30 0.7218298039149641 0.7151402368825586 0.028952670950527094 0.02178646879233561
30 0.6299712732688857 0.5653239433504222 0.024074169961943958 0.016853307326946166
30 0.42079252182319193 0.941813443011738 0.028952670950527094 0.02178646879233561
20 0.99453125 0.7609375 0.0109375 0.021875
20 0.6979970089716107 0.8955337437799635 0.03026050296574958 0.015618355947465546
20 0.4215273508726648 0.9215828301668678 0.03520267095052709 0.022114017412854636
14 0.9921875 0.746875 0.015625 0.021875
14 0.9124295820895846 0.8584376147654342 0.030515170950527092 0.021868355947465546
14 0.9063095746752108 0.823035703300045 0.030515170950527092 0.02186835594746519
14 0.8916621428502687 0.7505465496365717 0.030515170950527092 0.02186835594746519
14 0.872966539580508 0.6552373716628391 0.030515170950527092 0.02186835594746519
14 0.8539167451314462 0.8382202900256335 0.030515170950527092 0.021868355947465546
14 0.8191239565767023 0.6539747648108627 0.030515170950527092 0.02186835594746519
14 0.7107530410633828 0.653752357529345 0.028952670950527094 0.02178646879233561
14 0.696918692736538 0.5820853974434368 0.030387836958138337 0.01874335594746519
14 0.6935495895039583 0.8820477758921392 0.024074169961943958 0.016853307326946166
14 0.6712196502646425 0.7740748236081471 0.02407416996194378 0.016853307326946166
14 0.6504840445234239 0.6669650084792847 0.02732650395433254 0.020142081637205676
14 0.6251100183259698 0.5416817254625979 0.02407416996194378 0.016853307326946166
14 0.5880715692380033 0.7806313608087054 0.024201503954332716 0.019978307326946165
14 0.5665547134967847 0.6734806021022781 0.024074169961943958 0.016853307326946166
14 0.41542193091072094 0.9056712251239137 0.030515170950527092 0.021868355947465546
14 0.3921875 0.7390625 0.00625 0.021875
28 0.8895584733826164 0.737183412481442 0.03351283695813834 0.018907130257724704
28 0.8344398918616855 0.742870168474336 0.030515170950527092 0.02186835594746519
28 0.7421834076790164 0.812875052011421 0.030387836958138337 0.01874335594746519
28 0.7283172258540743 0.7404268419255127 0.030515170950527092 0.02186835594746519
28 0.6931251892764968 0.5655153731331772 0.030515170950527092 0.02186835594746519
28 0.6834345128887623 0.5190121873575284 0.03351283695813834 0.018907130257724704
28 0.6785732579458464 0.49536996946970413 0.03351283695813834 0.018907130257724704
28 0.6230381823564146 0.5290998383074681 0.02869800296574958 0.015536468792335612
10 0.9890625 0.721875 0.021875 0.025
10 0.9781660341433005 0.6350244482116623 0.03220500494291585 0.025075243102595124
10 0.8846335514435062 0.7119786945936177 0.030515170950527092 0.02186835594746519
10 0.8426675914439435 0.504749370758328 0.03220500494291585 0.025075243102595124
10 0.8599094185534313 0.8704972014910226 0.030515170950527092 0.021868355947465546
10 0.8270611319758536 0.6957085634313817 0.030515170950527092 0.02186835594746519
10 0.784375 0.48671875 0.03125 0.0140625
10 0.7493074995800705 0.8537866570543752 0.030515170950527092 0.021868355947465546
10 0.7365727362341976 0.7899731405460317 0.03220500494291585 0.025075243102595124
10 0.6544685489720482 0.6882225327895442 0.024201503954332536 0.019978307326946342
10 0.6191810119001792 0.5109673139972086 0.028825336958138336 0.01866146879233561
10 0.5841507317855734 0.7609363364984458 0.028952670950527094 0.02178646879233561
23 0.975249281177551 0.6208391174789677 0.028952670950527094 0.02178646879233561
23 0.8529166833449977 0.5458247501115416 0.024201503954332716 0.019978307326946165
23 0.840625 0.4875 0.025 0.015625
23 0.8568971650933902 0.8539681207583281 0.028952670950527094 0.02178646879233561
23 0.8216414615196183 0.6774941519659924 0.030515170950527092 0.02186835594746519
23 0.8153304531166613 0.6374047405006033 0.028952670950527094 0.02178646879233561
23 0.7470764961200294 0.8372985198992453 0.03220500494291585 0.025075243102594947
23 0.7343417327741565 0.773485003390902 0.028952670950527094 0.02178646879233561
23 0.6690841472988931 0.7599304364530173 0.02407416996194378 0.016853307326946166
23 0.6336056092384408 0.5779877176606817 0.024201503954332716 0.019978307326946165
23 0.5636379605310351 0.6592952713695834 0.024201503954332716 0.019978307326946342
18 0.99609375 0.77265625 0.0078125 0.0109375
18 0.8588629358164557 0.5578301051544958 0.03163200197716627 0.011012743102595124
18 0.8411355608350461 0.754135217094855 0.033194501977166266 0.011094630257724702
18 0.6908795983640259 0.5295369295556123 0.03163200197716627 0.011012743102595124
18 0.6999415109487771 0.9049906309350935 0.02850700197716627 0.010848968792335257
18 0.6379893617098988 0.5899111855485062 0.02850700197716627 0.01084896879233561
18 0.5966799066904331 0.8005720465843542 0.03006950197716627 0.010930855947465368
27 0.9083495771466688 0.8348363404551747 0.02719916996194378 0.017017081637205677
27 0.8716122866147586 0.6411339280852744 0.030387836958138337 0.01874335594746519
27 0.7127612100367435 0.6647717446844748 0.02869800296574958 0.015536468792335612
27 0.6516472965005903 0.6763809520568496 0.023946835969555026 0.013728307326946165
27 0.5930601581733079 0.8073985786965296 0.023883168973360826 0.012165807326946165
25 0.8617093404925417 0.8955381450685875 0.03364017095052709 0.022032130257724703
25 0.7164101334587285 0.6969258254171693 0.03520267095052709 0.022114017412854636
21 0.8864997989720482 0.7003827753263122 0.03638316897336082 0.012820904567984215
21 0.8869627139910762 0.6926112189038772 0.03638316897336082 0.012820904567984215
21 0.8680270301889678 0.6105423473525796 0.03475700197716627 0.011176517412854636
21 0.8673226705305975 0.8802406936891065 0.03651050296574958 0.015945904567984216
24 0.9859375 0.675 0.028125 0.021875
24 0.8983723992760593 0.781301904679526 0.030515170950527092 0.02186835594746519
24 0.8620489442194128 0.5977557423096256 0.027326503954332716 0.020142081637205676
24 0.8411819817855732 0.7744067735172899 0.03064250494291585 0.02499335594746519
24 0.8122545326604257 0.6193131597679086 0.030515170950527092 0.02186835594746519
24 0.7946903478697342 0.5326386753717408 0.03064250494291585 0.02499335594746519
24 0.7027840321661343 0.611237308908826 0.03220500494291585 0.025075243102595124
24 0.6828548286295434 0.8300348965389256 0.024201503954332716 0.019978307326946165
24 0.6125 0.48515625 0.025 0.0109375
24 0.5781898918616856 0.7294406750330567 0.024201503954332716 0.019978307326946165
29 0.8614759412536632 0.5836932423096256 0.03026050296574958 0.01561835594746519
29 0.7983883508354838 0.5468649496820003 0.03026050296574958 0.01561835594746519
29 0.7424553217094612 0.8004159955889859 0.03026050296574958 0.01561835594746519
29 0.6670759783255322 0.7489110492978875 0.023946835969555026 0.013728307326946165
29 0.6287125207974278 0.5535642497728575 0.023883168973360826 0.012165807326946165
29 0.5909246552075584 0.7932541915414 0.023883168973360826 0.012165807326946165
29 0.5616297915576743 0.6482758842144536 0.02869800296574958 0.015536468792335612
17 0.9224094185534313 0.8737726876962129 0.038327670950527096 0.02227779172311415
17 0.8821651260443548 0.6705315010160527 0.03364017095052709 0.022032130257724703
17 0.8624972717860109 0.5704938794647554 0.038327670950527096 0.02227779172311415
17 0.8504442352456145 0.7912634028705037 0.03520267095052709 0.022114017412854636
17 0.8062472717860109 0.5675459418800843 0.036765170950527094 0.022195904567984214
17 0.6944821008354838 0.5414194538658718 0.038200336958138334 0.019152791723114147
17 0.68046875 0.48515625 0.0328125 0.0109375
17 0.6612597184397006 0.701831331410063 0.031950336958138335 0.018825243102595125
15 0.9953125 0.4953125 0.009375 0.015625
22 0.9821187050938276 0.6555007225219217 0.030706171939110405 0.02655585594746519
22 0.9038557367284892 0.8010788161449153 0.030706171939110228 0.02655585594746519
22 0.8309501359301865 0.7146223377416412 0.030706171939110228 0.02655585594746519
22 0.7887613414439436 0.5019242639063515 0.03083350593149916 0.02968085594746519
22 0.7563533370325004 0.8736454556748943 0.030706171939110228 0.026555855947465547
22 0.7090804531166613 0.63183641395178 0.03089717292769336 0.03124335594746519
22 0.6798107416714052 0.8127245658062309 0.026018671939110404 0.0263101944820761
22 0.6742319037246837 0.7906039043408416 0.026018671939110404 0.0263101944820761
22 0.6385623646756482 0.6039736855485062 0.026018671939110404 0.0263101944820761
22 0.57433272140545 0.7113081507227971 0.026018671939110227 0.0263101944820761
22 0.5703482169568257 0.6900506264125376 0.026018671939110227 0.0263101944820761
16 0.99375 0.803125 0.0125 0.021875
16 0.8444675133830539 0.5297903143358929 0.036765170950527094 0.022195904567984214
16 0.8015743592384407 0.58679058683713 0.038327670950527096 0.02227779172311415
16 0.613202925930624 0.4981807089542546 0.03351283695813834 0.018907130257724704
12 0.8660971156642315 0.6205757666198851 0.030515170950527092 0.02186835594746519
12 0.5802617278312406 0.7420225621881864 0.023946835969555203 0.013728307326946165
13 0.735953312317921 0.7556390841235967 0.038327670950527096 0.02227779172311415
18 0.9953125 0.50703125 0.009375 0.0140625
32 0.9875 0.69609375 0.025 0.0265625
32 0.8505224896942387 0.8123162092929388 0.030706171939110405 0.02655585594746519
32 0.39375 0.75625 0.009375 0.028125
28 0.923014255017278 0.8886164376962128 0.03364017095052709 0.022032130257724703
31 0.8945788958160182 0.7647318803692664 0.027326503954332716 0.020142081637205676
31 0.6990541957022874 0.5962297845985665 0.028952670950527094 0.02178646879233561
10 0.7654391769563882 0.9053048914505428 0.0354573389353046 0.02836401741285428
21 0.7011365964240406 0.9151878245126582 0.030387836958138337 0.01874335594746519
12 0.6881153315952929 0.8443430580043149 0.03207767095052709 0.021950243102595125
28 0.66261397140545 0.715934774987628 0.031950336958138335 0.018825243102595125
8 0.6458628701128557 0.6300824841690252 0.03207767095052709 0.021950243102595125
32 0.5983843281352519 0.8232692401619189 0.03233233893530461 0.028200243102595123
21 0.4275836912908442 0.9554222416322571 0.03520267095052709 0.02211401741285428