21 0.66171875 0.2046875 0.6046875 0.409375
16 0.1796875 0.7046875 0.359375 0.590625
31 0.853125 0.53515625 0.29375 0.2515625
32 0.9328125 0.6765625 0.134375 0.28125
15 0.8015639836563292 0.7056526741231173 0.24899391424880085 0.2349446159934022
21 0.5065413803248416 0.6853846043814267 0.26023180289774894 0.23995036473976086
20 0.6535782641934277 0.7637643539857153 0.25171839605020363 0.22878554420664762
14 0.759375 0.903125 0.24375 0.19375
17 0.7015625 0.95703125 0.259375 0.0859375
33 0.915625 0.95390625 0.16875 0.0921875
19 0.90859375 0.83515625 0.1828125 0.2234375