3 0.07578125 0.1015625 0.1515625 0.2
4 0.12421875 0.27421875 0.2015625 0.1890625
1 0.4953125 0.0484375 0.1625 0.096875
1 0.6114117613146816 0.1778197759207945 0.17907948770335977 0.17756000539858477
8 0.70390625 0.31171875 0.1703125 0.1140625
19 0.13984375 0.73671875 0.2796875 0.4546875
31 0.13984375 0.42890625 0.2796875 0.1203125
0 0.46640625 0.46015625 0.2078125 0.1828125
2 0.5988748789975158 0.6271004933520155 0.18849084913967826 0.18452040041956294
1 0.7334958395735127 0.7935398643030769 0.1994919816532356 0.19628669461070417
7 0.8625 0.9265625 0.196875 0.146875