0 0.265625 0.44453125 0.09375 0.0890625
0 0.0578125 0.44375 0.09375 0.090625
18 0.6092092828125001 0 0.6200051234374999 0.0897769 0.6445952875 0.1549214484375 0.705541628125 0.4890625 0.8551535453125 0.4890625 0.758024378125 0 0.6092092828125001 0
35 0.16484375 0.77734375 0.3296875 0.4453125
13 0.446875 0.52734375 0.190625 0.0765625
17 0.79921875 0.5171875 0.1984375 0.05625
18 0.70390625 0.548009437097082 0.19375 0.11431941882984216
19 0.5765625 0.6150759805215348 0.1625 0.09346144805083548
20 0.4421875 0.643202754871264 0.190625 0.1048898717519414
27 0.4296875 0.8231084431828666 0.1765625 0.11714440990138844
33 0.53515625 0.9314237293037188 0.1734375 0.12177736282348768
32 0.6921875 0.8685264886392096 0.203125 0.12854556006354426
31 0.775 0.8037997410748415 0.1609375 0.130934174511885
26 0.54921875 0.7663345174531656 0.146875 0.11818871266133187
25 0.69609375 0.7051770547918338 0.175 0.09992963636243815
24 0.80703125 0.6391781335263597 0.16875 0.10294554220663663
23 0.92421875 0.5890625 0.1515625 0.115625
29 0.9828125 0.6796875 0.034375 0.10625
30 0.9046875 0.7413797873419633 0.1734375 0.11396486282348768
35 0.94375 0.8796875 0.1125 0.13125