3 0.7296875 0.1421875 0.11875 0.171875
2 0.5731623836223306 0.23442219545297985 0.16217180373891082 0.18643355172143128
6 0.3875 0.31328125 0.1625 0.1328125
9 0.18984375 0.3390625 0.1828125 0.08125
1 0.8991543533286366 0.16580614862568996 0.1757373962703781 0.20093256134007814
0 0.7015625 0.6375 0.175 0.2
1 0.5332934776036904 0.7246627934535469 0.169132198759889 0.19602680653075472
3 0.363527274494124 0.8184698132389947 0.19051029129135627 0.21079863466105592
4 0.178125 0.90390625 0.203125 0.1921875
2 0.0375 0.9328125 0.075 0.134375
7 0.9703125 0.85546875 0.059375 0.1921875
1 0.86015625 0.92421875 0.1421875 0.1515625