17 0.36875 0.27109375 0.140625 0.3890625
16 0.4078125 0.50234375 0.0625 0.2921875
14 0.2754457385941125 0.2679350450395557 0.2827912312541006 0.3267330564382032
20 0.128125 0.09453125 0.25625 0.1890625
15 0.06640625 0.19140625 0.1328125 0.3359375
19 0.12421875 0.44140625 0.2484375 0.3359375
33 0.31796875 0.55390625 0.2421875 0.2515625
29 0.71953125 0.33984375 0.5609375 0.6796875
10 0.21953125 0.83984375 0.4390625 0.3203125
0 0.6828125 0.9171875 0.234375 0.165625
5 0.578125 0.76953125 0.253125 0.1796875