17 0.21328125 0.0859375 0.2171875 0.171875
16 0.0890625 0.065625 0.178125 0.13125
21 0.4954617828534502 0.3789490973911624 0.2176042119047626 0.20275333703942983
20 0.3259398272702093 0.3432302868899204 0.2505168414544118 0.20450673458010193
14 0.1899498673680317 0.22297284992524524 0.22501619370616516 0.196548788834828
33 0.0546875 0.159375 0.109375 0.190625
15 0.19230770203949668 0.429913196334449 0.22269223010335965 0.20903060811666876
19 0.06953125 0.33125 0.1390625 0.2125
32 0.0703125 0.5265625 0.140625 0.253125
31 0.19208075725359733 0.6040683138208918 0.23821710055371045 0.20755901170746505
34 0.84453125 0.375 0.3109375 0.75
27 0.34453125 0.875 0.6890625 0.25
11 1 0.75 0.6890625 0.75 0.6890625 1 0.875585409375 1 0.9169710984374999 0.8991258890625 0.8758171734375001 0.78521574375 0.9623495828124999 0.7817548546875 1 0.76203015 1 0.75