24 0.38984375 0.4796875 0.1984375 0.240625
13 0.2703125 0.434375 0.3375 0.33125
23 0.24765625 0.5640625 0.2578125 0.071875
34 0.1140625 0.5109375 0.228125 0.178125
25 0.37734375 0.24140625 0.2234375 0.3765625
29 0.32109375 0.15234375 0.3359375 0.3046875
30 0.146875 0.32578125 0.29375 0.3890625
28 0.04921875 0.19375 0.0984375 0.35
31 0.74453125 0.3 0.5109375 0.6
1 0.30234375 0.90546875 0.3484375 0.1890625
2 0.2359375 0.94296875 0.384375 0.1140625
6 0.12734375 0.6671875 0.2546875 0.134375
7 0.09453125 0.715625 0.1890625 0.23125
3 0.74453125 0.8 0.5109375 0.4