27 0.05859375 0.1359375 0.1171875 0.271875
10 0.025 0.35078125 0.05 0.2578125
24 0.10625 0.3453125 0.2125 0.265625
11 0.14296875 0.13984375 0.2859375 0.2796875
12 0.26953125 0.14609375 0.2984375 0.2921875
13 0.19453125 0.45625 0.2953125 0.246875
23 0.05703125 0.50625 0.1140625 0.146875
25 0.31830191365487864 0.2780032603583343 0.30184825304411583 0.3750982545523465
29 0.45576970487058527 0.3770892812080168 0.3063765142540035 0.31599603919208263
30 0.34453125 0.50859375 0.3234375 0.1421875
2 0.8046875 0.28984375 0.390625 0.5796875
27 0.3125 0.775 0.59375 0.390625
32 0.8046875 0.78984375 0.390625 0.4203125