21 0.4195065833269968 0.5501260685197644 0.22145788524403187 0.20842108887329508
20 0.283087294295777 0.4601893860234759 0.19628516842151916 0.17742339439121899
17 0.0703125 0.559375 0.140625 0.203125
14 0.0984375 0.4484375 0.196875 0.20625
19 0.07265625 0.2703125 0.1453125 0.190625
15 0.24083109572183278 0.31192562641253757 0.22153060811666875 0.2209210888732951
31 0.37369307181592354 0.19314572817613138 0.25124537919390766 0.2271644448207603
32 0.14296875 0.1125 0.2578125 0.225
5 0.6995435412707149 0.35036176390635154 0.22963399960721667 0.2713305246489437
4 0.90625 0.503125 0.1875 0.2625
13 0.26953125 0.83984375 0.5390625 0.3203125
15 0.76953125 0.83984375 0.4609375 0.3203125