10 0.1109375 0.13125 0.221875 0.18125
26 0.48671875 0.55390625 0.1640625 0.2109375
30 0.19921875 0.57578125 0.3984375 0.1671875
18 0.45234375 0.4125 0.2328125 0.196875
34 0.3400639962804556 0.40512085469882325 0.2366781703877141 0.21850560206654457
13 0.14921875 0.421875 0.2984375 0.221875
23 0.3395118403656528 0.23241460772388534 0.3440540227450791 0.20975783684303817
22 0.371875 0.090625 0.290625 0.18125
16 0.5078125 0.05859375 0.121875 0.1171875
33 0.51484375 0.2046875 0.1078125 0.209375
24 0.08984375 0.27890625 0.1796875 0.2015625
12 0.846875 0.17578125 0.30625 0.2328125
34 0.84609375 0.284375 0.3078125 0.175
15 0.696875 0.415625 0.25625 0.19375
35 0.69140625 0.5515625 0.2453125 0.215625
21 0.87890625 0.6078125 0.2421875 0.103125
6 0.784375 0.8296875 0.43125 0.340625