21 0.18559154137016068 0.34386571301188373 0.2157399749271754 0.21996810811666875
20 0.23464750382743071 0.4840185352205907 0.18840458511458974 0.19325107201231528
17 0.4609375 0.553125 0.15625 0.2375
16 0.49609375 0.64375 0.0859375 0.13125
14 0.3705047843105317 0.5949838271786767 0.212387654394062 0.21213742739850955
33 0.4546875 0.6859375 0.16875 0.046875
19 0.29921875 0.6796875 0.1984375 0.059375
15 0.17578125 0.60546875 0.2265625 0.2078125
31 0.0625 0.60703125 0.125 0.2046875
9 0.76953125 0.3546875 0.4609375 0.709375
34 0.1046875 0.8203125 0.209375 0.221875
15 0.2484375 0.921875 0.390625 0.15625
33 0.76953125 0.8546875 0.4609375 0.290625