30 0.103125 0.49453125 0.125 0.0296875
14 0.0625 0.4265625 0.125 0.134375
18 0.16004787087392897 0.36812801508313714 0.16608974672063964 0.13926958565349706
16 0.21952909147528682 0.28768676223314554 0.14216092378986112 0.12825567599857096
32 0.17421875 0.4625 0.1328125 0.09375
27 0.28515625 0.4625 0.1453125 0.09375
21 0.3734375 0.4828125 0.090625 0.053125
33 0.3703125 0.43828125 0.096875 0.1265625
11 0.340625 0.3578125 0.15625 0.134375
28 0.3466681235874624 0.28268826977471423 0.14027087516934209 0.12189641535490914
0 0.46484375 0.27421875 0.0921875 0.1921875
0 0.6103034984181204 0.3155882510852807 0.1493869255988834 0.17702095792955602
0 0.7910721415661438 0.3566563754550269 0.17175324852966192 0.18792560694082053
0 0.9390625 0.4234375 0.121875 0.171875
17 0.209375 0.7546875 0.41875 0.490625
5 0.68828125 0.7546875 0.5390625 0.490625