10 0.09140625 0.3984375 0.1828125 0.29375
24 0.1109375 0.6234375 0.221875 0.090625
30 0.23984375 0.54296875 0.2578125 0.2515625
32 0.46328125 0.5828125 0.2671875 0.171875
14 0.413602881103604 0.33521441124286777 0.28839988809672584 0.3563612773710892
18 0.58125 0.49296875 0.096875 0.3515625
7 0.26796875 0.70078125 0.3921875 0.0640625
8 0.30078125 0.75390625 0.3859375 0.1703125
9 0.3344034629194885 0.8412280539067769 0.40084240063313814 0.24833169605345215
0 0.35703125 0.91796875 0.3890625 0.1640625
18 0.81484375 0.746875 0.3703125 0.15625