17 0.821875 0.24296875 0.2046875 0.134375
24 0.58203125 0.24375 0.15390625 0.12265625
10 0.3375 0.27421875 0.19921875 0.11328125
35 0.88359375 0.36171875 0.1921875 0.134375
21 0.92578125 0.5109375 0.146875 0.1203125
27 0.77734375 0.50234375 0.2046875 0.12734375
32 0.5890625 0.49296875 0.19453125 0.1203125
30 0.50390625 0.3640625 0.1875 0.13203125
14 0.365625 0.5046875 0.2015625 0.13203125
18 0.4984375 0.63359375 0.15859375 0.1390625
33 0.896875 0.62109375 0.2046875 0.13203125
11 0.80390625 0.7296875 0.2453125 0.1390625
16 0.54921875 0.77890625 0.1875 0.14921875
28 0.7484375 0.84765625 0.18984375 0.15859375