15 0.12109375 0.1375 0.2421875 0.275
26 0.41875 0.21796875 0.3625 0.3796875
1 0.9578125 0.30078125 0.084375 0.3046875
2 0.89765625 0.25390625 0.2046875 0.3078125
3 0.7986359736759482 0.2088977993814785 0.24490579454985523 0.3206943636451804
4 0.70859375 0.17890625 0.2171875 0.3578125
35 0.3 0.75 0.6 0.5
10 0.87265625 0.91328125 0.2546875 0.1734375
24 0.65390625 0.90703125 0.1078125 0.1859375
30 0.73359375 0.78828125 0.2671875 0.2796875
32 0.68203125 0.60234375 0.1640625 0.2046875
14 0.875 0.6203125 0.25 0.240625