11 0.09296875 0.459375 0.1859375 0.059375
12 0.04453125 0.41953125 0.0890625 0.1390625
17 0.225 0.425 0.25 0.128125
18 0.1308764755337088 0.37117287096861473 0.2559543411013786 0.2081550641014079
19 0.065625 0.259375 0.13125 0.171875
23 0.3140625 0.38671875 0.071875 0.2046875
24 0.24453125 0.29453125 0.2109375 0.1890625
25 0.13829621958162405 0.1858518010762385 0.25297145273377614 0.18776978949430206
26 0.0625 0.09296875 0.125 0.1796875
30 0.3125 0.20859375 0.075 0.1984375
31 0.253125 0.10703125 0.19375 0.1796875
32 0.175 0.05546875 0.278125 0.1109375
18 0.47578125 0.44921875 0.2515625 0.0796875
19 0.4359375 0.38671875 0.171875 0.1546875
24 0.6328125 0.4265625 0.228125 0.125
25 0.5558389986626177 0.349456228702663 0.245519585653497 0.1702911910658786
26 0.44921875 0.23515625 0.1984375 0.1828125
33 0.5125 0.0875 0.2625 0.175
32 0.6373189555837676 0.19203752688341744 0.2684543411013786 0.20873726095825473
31 0.6912412670999496 0.2906355386702417 0.2304080378830699 0.1991781703877141
30 0.796875 0.39609375 0.24375 0.1859375
29 0.89296875 0.46328125 0.2140625 0.0515625
34 0.9703125 0.40859375 0.059375 0.1609375
35 0.90078125 0.29453125 0.1984375 0.2140625
32 0.175 0.74453125 0.35 0.5109375
1 0.56875 0.90390625 0.225 0.1921875
2 0.45859375 0.89296875 0.2171875 0.2140625
3 0.39609375 0.87265625 0.0921875 0.2546875
5 0.92734375 0.7 0.1453125 0.3
6 0.8555879903647444 0.6640900394988112 0.22391737328446554 0.2845334735308673
7 0.7337458413534801 0.6478186842459623 0.23827480422671493 0.31167817038771417
8 0.603125 0.6234375 0.228125 0.26875
9 0.4828125 0.61328125 0.240625 0.2484375
0 0.41640625 0.5953125 0.1328125 0.2125