13 0.48828125 0.178125 0.0828125 0.3
20 0.3953125 0.0359375 0.26875 0.071875
19 0.37734375 0.1015625 0.2546875 0.203125
18 0.3984375 0.275 0.2625 0.290625
17 0.40625 0.4546875 0.246875 0.315625
16 0.42109375 0.57109375 0.2171875 0.0953125
22 0.22734375 0.5203125 0.3109375 0.196875
23 0.20376466285748096 0.32777201302516934 0.3032515142540035 0.3207663800648426
24 0.2085472419549143 0.15389786538253425 0.2690679618284092 0.2833733879227253
25 0.18125 0.03828125 0.24375 0.0765625
28 0.08203125 0.45390625 0.1640625 0.3234375
29 0.0875 0.23828125 0.175 0.3296875
30 0.0796875 0.0984375 0.159375 0.196875
18 0.76484375 0.246875 0.4703125 0.49375
1 0.10703125 0.92421875 0.2140625 0.1515625
2 0.10703125 0.8484375 0.2140625 0.303125
3 0.078125 0.73984375 0.15625 0.2421875
10 0.76484375 0.809375 0.4703125 0.38125