16 0.12265625 0.33671875 0.1140625 0.2640625
22 0.0453125 0.26484375 0.090625 0.3421875
17 0.1796875 0 0.1796875 0.093608728125 0.192338496875 0.066083475 0.24318444218750002 0.0808970765625 0.622095315625 0.33667315625 0.6785364703125001 0.3985491046875 0.6733866640625 0.451567415625 0.6831715140625 0.46875 0.69678170625 0.46875 0.7640511703125 0.25082074374999996 0.730153871875 0.240945009375 0.7103261062499999 0.28060055781250004 0.6679544859375001 0.268255890625 0.51436281875 0.159902946875 0.5574600562500001 0 0.5167101109375001 0 0.48727758750000005 0.124752525 0.4511096 0.12330168749999999 0.28271496875 0 0.1796875 0
15 0.08984375 0.61953125 0.1796875 0.2484375
10 0.08984375 0.7890625 0.1796875 0.25
26 0.29302588230854354 0.8690868755128822 0.16947056899199792 0.2270612015966055
17 0.3446231586868677 0.6452474688968111 0.1884933043815013 0.24345020555093821
23 0.415625 0.52109375 0.184375 0.1046875
35 0.40703125 0.96875 0.1828125 0.0625
13 0.47001112216227386 0.8520624960828483 0.1611398717519414 0.1970553666156336
12 0.5513913559269241 0.6239640123944707 0.1692796542193456 0.2161237015966055
24 0.75703125 0.9390625 0.1546875 0.121875
15 0.8162878786550956 0.7661010687437118 0.15327282467404083 0.19361203163466154