17 0.38828125 0.25703125 0.0421875 0.1921875
18 0.33359375 0.325 0.1515625 0.128125
25 0.1546875 0.33203125 0.171875 0.1140625
24 0.2869843216196525 0.25395825826788443 0.16639133225631966 0.172862125042409
23 0.35390625 0.1359375 0.1109375 0.20625
29 0.3234375 0.07265625 0.171875 0.1453125
30 0.20464590672576363 0.1694046981937507 0.1840152433504862 0.19221232576804842
31 0.08515625 0.2828125 0.1703125 0.175
34 0.20703125 0.03828125 0.1890625 0.0765625
35 0.084375 0.11015625 0.16875 0.2109375
1 0.91953125 0.3453125 0.1546875 0.0875
7 0.81875 0.0515625 0.178125 0.103125
8 0.7394728887739928 0.12065219574667996 0.181979964665139 0.17184526206571765
9 0.6551686643252079 0.22117304011904987 0.17714699430041686 0.165431570958725
0 0.56875 0.31171875 0.184375 0.1546875
27 0.2046875 0.69453125 0.409375 0.6109375
35 0.7046875 0.69453125 0.590625 0.6109375