12 0.24453125 0.05234375 0.3078125 0.1046875
11 0.40390625 0.1 0.2296875 0.2
18 0.12578125 0.15234375 0.2515625 0.2703125
17 0.31051388880583153 0.22575143600279138 0.3263364666851244 0.30519426956056106
24 0.05234375 0.33046875 0.1046875 0.2640625
23 0.16265167798080324 0.4554090377663852 0.32301120758582574 0.3019054952503016
22 0.40078125 0.546875 0.2359375 0.225
29 0.0953125 0.5671875 0.190625 0.184375
2 0.759375 0.3296875 0.48125 0.659375
1 0.3875 0.71640625 0.225 0.1140625
19 0.759375 0.825 0.48125 0.33125