13 0.50546875 0.1578125 0.1671875 0.24375
12 0.41171875 0.23828125 0.1828125 0.0828125
17 0.26015625 0.2125 0.1984375 0.134375
18 0.350390548706049 0.14887135346107447 0.19797739853730273 0.2523415072360892
19 0.46640625 0.046875 0.1828125 0.09375
24 0.30859375 0.04375 0.1859375 0.0875
23 0.203125 0.10859375 0.2 0.2171875
22 0.08359375 0.2078125 0.1671875 0.14375
28 0.05546875 0.10234375 0.1109375 0.2046875
29 0.14609375 0.02421875 0.1859375 0.0484375
32 0.79453125 0.13984375 0.4109375 0.2796875
5 0.29453125 0.6203125 0.5890625 0.68125
8 0.79453125 0.63984375 0.4109375 0.7203125