1 0.37180566668185727 0.4510527303598021 0.02285714664195524 0.029143844499482086
8 0.3586062622353536 0.45401506452020185 0.03077877404661713 0.03263271753501122
2 0.33234386259817333 0.4638459828410014 0.03077877404661713 0.0326327175350114
2 0.30212064925866217 0.4722963376795656 0.03088790145127902 0.035757717535011224
0 0.3160467400028349 0.4677351162156128 0.03245040145127902 0.03583049214211727
1 0.2912649948121583 0.47514950992930666 0.02285714664195524 0.029143844499482086
4 0.10030023283125881 0.6311577231210919 0.02861607332097762 0.015372442927905183
1 0.14760181876610828 0.6187818476043632 0.020858137023308566 0.016571069892376045
3 0.12519110542659712 0.626868329407398 0.025709328130301044 0.021476893713693813
1 0.11277295098009343 0.629794276264245 0.022420637023308564 0.01664384449948173
26 0.21484375 0.825 0.4296875 0.35
7 0.71484375 0.825 0.5703125 0.35