29 0.46526156108885336 0.2765059413142573 0.016717606436617415 0.016443871551297562
18 0.35625 0.38125 0.015625 0.015625
18 0.39746241987125924 0.34901170510906726 0.015155106436617416 0.01636198439616763
14 0.37109375 0.38515625 0.0171875 0.0078125
14 0.3520188798945023 0.3709376147654343 0.016717606436617415 0.016443871551297208
14 0.4072362576184432 0.35501272161741076 0.01838936708027905 0.018088258706427496
14 0.3954464518022444 0.3442013743763727 0.016717606436617415 0.016443871551297208
14 0.4352409253191409 0.3133541660994867 0.016717606436617415 0.016443871551297562
14 0.50234375 0.240625 0.0140625 0.015625
13 0.503125 0.24609375 0.0125 0.0203125
28 0.34687791182548755 0.36596350972248004 0.01838936708027905 0.018088258706427496
28 0.3829846566297075 0.3317865835577697 0.016717606436617415 0.016443871551297562
28 0.4264122285374496 0.30505034316870816 0.016717606436617415 0.016443871551297562
28 0.45815925527265466 0.26594025553860856 0.016717606436617415 0.016443871551297562
28 0.49353938039870543 0.23094113579633327 0.01682686708027923 0.018006371551297563
24 0.47212892012336083 0.2792181835123412 0.015045845792955603 0.014799484396167628
24 0.4632455930198386 0.2716956105815626 0.015045845792955603 0.014799484396167628
24 0.49868034846772025 0.2359152408392875 0.015045845792955603 0.014799484396167628
27 0.36640625 0.384375 0.0109375 0.009375
27 0.4300999572501262 0.30838006105653265 0.01181158514929379 0.013073210085908471
31 0.3640625 0.38203125 0.015625 0.0140625
31 0.4020406592275975 0.3508198665744565 0.015045845792955603 0.014799484396167628
12 0.3563785979635171 0.3758707762308234 0.01682686708027905 0.018006371551297206
27 0.41143208472196535 0.3622896330827999 0.018498627723940862 0.019650758706427497
32 0.3888522443768914 0.33758288217828875 0.01682686708027905 0.018006371551297563
24 0.4445777204916778 0.3256051826078302 0.018498627723940685 0.019650758706427497
15 0.4401633721008322 0.32145327114244077 0.015155106436617416 0.01636198439616763
15 0.43725689338815565 0.31816449683218123 0.015155106436617416 0.01636198439616763
25 0.48068446529589776 0.2914282564431197 0.018498627723940685 0.019650758706427497
17 0.474762247226883 0.28641320782260066 0.018498627723940862 0.019650758706427497
18 0.50625 0.25078125 0.00625 0.0171875
18 0.08176101021633322 0.355989886927987 0.015155106436617416 0.01636198439616763
18 0.1437471940085743 0.2769065745126582 0.013483345792955603 0.01471759724103805
18 0.0755160000768746 0.20981757179912472 0.015155106436617416 0.016361984396167806
18 0.04997505069729322 0.1826032965843541 0.013483345792955603 0.01471759724103805
18 0.20510494711066746 0.15074354420950486 0.01181158514929379 0.013073210085908293
14 0.07851032407830365 0.3464101690401627 0.01838936708027905 0.018088258706427496
14 0.13664488819237555 0.26634088873700945 0.01682686708027923 0.018006371551297563
14 0.08741506653673503 0.21906641904016277 0.015045845792955603 0.014799484396167805
14 0.08227409846772024 0.21409231399720863 0.01682686708027905 0.018006371551297563
14 0.22353288299659546 0.2348252951140161 0.018389367080279228 0.018088258706427142
14 0.2052581303987054 0.21583295567489413 0.018389367080279228 0.01808825870642732
14 0.19570281393884503 0.20670693916655072 0.018389367080279228 0.018088258706427142
14 0.22443410131771185 0.1658705772261916 0.01682686708027905 0.018006371551297563
14 0.2200743832486971 0.16093741576080242 0.01682686708027923 0.018006371551297563
13 0.14094997593955955 0.2720553002023987 0.020170388367602498 0.021295145861557074
24 0.05721983212407533 0.3256915552907813 0.01838936708027905 0.018088258706427496
24 0.16447495725012615 0.2944592446844748 0.01682686708027923 0.018006371551297206
24 0.15715413014660395 0.287018558908826 0.01682686708027923 0.018006371551297563
24 0.13212127915786817 0.2637514772716202 0.01682686708027905 0.018006371551297563
24 0.1669822342374328 0.18011013964152056 0.01682686708027923 0.018006371551297563
24 0.15826279809940313 0.170243816710742 0.01682686708027923 0.018006371551297563
24 0.14278526357052793 0.15610275158187967 0.01838936708027905 0.018088258706427142
24 0.1223306519381305 0.13464383141006317 0.01838936708027905 0.01808825870642732
24 0.042309652190232014 0.05674348145549164 0.01838936708027905 0.018088258706427142
24 0.25606115973180066 0.19575615106148128 0.01337408514929379 0.01315509724103805
21 0.07842247878955111 0.21310634610938423 0.013483345792955603 0.01471759724103805
21 0.2682498032951832 0.2120771918800842 0.013483345792955603 0.01471759724103805
23 0.07350003200785978 0.2050072410664301 0.015045845792955603 0.014799484396167805
23 0.18983522619166102 0.2009106405460317 0.01682686708027923 0.018006371551297563
23 0.10327464934024042 0.11561054839337644 0.01838936708027905 0.018088258706427142
23 0.03130109637403331 0.045973077792018556 0.01682686708027905 0.018006371551297563
23 0.2728280426515216 0.21388535334547348 0.01337408514929379 0.01315509724103805
23 0.2354426571339106 0.17664098088966487 0.01337408514929379 0.01315509724103805
16 0.07003082458250676 0.19855252317860578 0.01838936708027905 0.018088258706427142
16 0.08505452706418123 0.09583695895425448 0.020170388367602588 0.021295145861557074
17 0.1688346753191409 0.2993924061498639 0.016717606436617415 0.016443871551297208
17 0.23733865688180894 0.25044697308774866 0.020170388367602498 0.021295145861557074
17 0.17128732198461663 0.18582455110690982 0.020170388367602498 0.021295145861557074
17 0.208792675823344 0.15407326209732924 0.016717606436617415 0.016443871551297562
10 0.06890037729661232 0.3380654025318194 0.01838936708027905 0.018088258706427142
10 0.23230694945645594 0.24391036804479463 0.01838936708027905 0.018088258706427496
10 0.21771992557124245 0.22824774649349705 0.01682686708027905 0.018006371551297563
10 0.0893049844895343 0.10233262041964375 0.01838936708027905 0.01808825870642732
10 0.07393671060432076 0.08662905529078131 0.01838936708027905 0.018088258706427142
10 0.05924042607544555 0.07252893373948384 0.01682686708027905 0.018006371551297563
10 0.24058362520292534 0.18161508593261894 0.015045845792955603 0.014799484396167805
27 0.08655777085999494 0.35467304839337643 0.015045845792955603 0.014799484396167628
27 0.2278926010656103 0.23975845657940537 0.015045845792955603 0.014799484396167628
27 0.20967247878955106 0.2199848671402834 0.016717606436617415 0.016443871551297562
27 0.14719961196137357 0.16025466304726893 0.015045845792955603 0.014799484396167805
27 0.11204871580010085 0.12469562132415488 0.015045845792955603 0.014799484396167805
27 0.0782964286733356 0.09156221675617057 0.016717606436617415 0.016443871551297562
32 0.08991771764168628 0.3626902662812007 0.025076409654926034 0.02466580732694652
29 0.08052629214731843 0.3512204997728574 0.018498627723940862 0.019650758706427497
29 0.047500624698722224 0.31890928878243796 0.018498627723940862 0.01965075870642714
29 0.1600059785374496 0.29108858321908554 0.013483345792955603 0.01471759724103805
29 0.05215490973180063 0.18506987731704871 0.015045845792955603 0.014799484396167805
29 0.18302249747898447 0.19741714834794788 0.016717606436617415 0.016443871551297562
29 0.16100538584658713 0.17587634102100153 0.016717606436617415 0.016443871551297562
29 0.09053970255854908 0.1071020075747735 0.016717606436617415 0.016443871551297562
29 0.02526961766135676 0.04252052917149953 0.013483345792955603 0.01471759724103805
29 0.21242577421418965 0.15818422998515363 0.015045845792955603 0.014799484396167805
29 0.4484375 0.0015625 0.015625 0.003125
25 0.06236080019309016 0.33066566033373557 0.020170388367602498 0.021295145861557074
25 0.1797171810191241 0.18861868046012348 0.020170388367602498 0.021295145861557074
28 0.05353210341139878 0.322361837402957 0.015045845792955603 0.014799484396167628
28 0.0974070615930565 0.1098142497728574 0.01838936708027905 0.018088258706427142
28 0.22957506938672667 0.17084468226914584 0.011702324505632156 0.011510710085908116
28 0.2038702290416527 0.1459741570543752 0.015045845792955603 0.014799484396167628
25 0.17319439338815562 0.3043255676152533 0.020170388367602498 0.021295145861557074
31 0.14748955304308176 0.2794550424004825 0.018389367080279228 0.018088258706427496
15 0.09177478460574981 0.22399958050555197 0.020170388367602498 0.021295145861557074
10 0.060928976191661065 0.19415495024782725 0.01838936708027905 0.018088258706427142
12 0.05578800812264628 0.1891808452048731 0.01682686708027905 0.018006371551297563
31 0.04784982198461667 0.17935546585165946 0.015045845792955603 0.014799484396167805
12 0.00390625 0.1328125 0.0078125 0.01875
28 0.24242499462899297 0.25620232813070276 0.020170388367602498 0.021295145861557074
12 0.20084378200785977 0.21168104420950495 0.01682686708027905 0.018006371551297563
12 0.05337283832826163 0.06673263511896481 0.01838936708027905 0.01808825870642732
12 0.047505250581077706 0.060936336498445876 0.01838936708027905 0.018088258706427142
12 0.24349010391560189 0.18490386024287844 0.01337408514929379 0.01315509724103805
15 0.14999683003038838 0.16510593735752846 0.018498627723940862 0.019650758706427317
22 0.13546443646700573 0.1486620658062309 0.01682686708027905 0.018006371551297563
22 0.06734250317896776 0.0800105630926975 0.01682686708027905 0.018006371551297563
34 0.12836213065080707 0.1380963800305821 0.018498627723940685 0.01965075870642714
34 0.2670697155479994 0.20652655472495454 0.016717606436617415 0.016443871551297562
34 0.2604755081226463 0.19990806252687054 0.016717606436617415 0.016443871551297562
30 0.11724431419094658 0.12888847636710904 0.01682686708027905 0.018006371551297563
30 0.036387434121217234 0.05172843283497262 0.01682686708027905 0.018006371551297563
30 0.2508109310191241 0.1923445460185272 0.011702324505632156 0.011510710085908293
18 0.10523598708742435 0.12120212912607098 0.015155106436617327 0.01636198439616763
24 0.2770238697550437 0.22116226481086274 0.01838936708027905 0.01808825870642732
28 0.453125 0.00625 0.01875 0.0125
29 0.7546875 0.2 0.490625 0.378125
7 0.7515625 0.93671875 0.1875 0.1265625
8 0.6591693702592468 0.8783196675698246 0.19447053788306992 0.19856140999505117
9 0.58359375 0.78125 0.1484375 0.19375
0 0.53828125 0.68359375 0.0578125 0.2015625