25 0.31599643722496856 0.11981519791276143 0.02276633794672165 0.023660640606883464
10 0.3061266887078432 0.11195490048813692 0.021140170950527094 0.021970594849248924
30 0.2979467741831067 0.101097148821147 0.021140170950527094 0.021970594849248924
21 0.2943270256659815 0.0937470344270607 0.014635502965749581 0.015210411818710768
21 0.25554836855561885 0.045118344728562756 0.017824169961943782 0.017028003333979847
29 0.28386702813743947 0.08113546412361891 0.02276633794672165 0.023660640606883464
22 0.26884686460128615 0.06501625654727357 0.02595500494291585 0.025478232122152545
24 0.25757378357464694 0.05312216336501452 0.021140170950527094 0.021970594849248924
24 0.246364369544202 0.039665570182755516 0.017887836958138337 0.018590503333979845
23 0.23890203802327115 0.030434091394582818 0.017887836958138337 0.018590503333979845
14 0.2314715400004376 0.02042136260641021 0.021140170950527094 0.021970594849248924
34 0.22163362498140948 0.011779815181785658 0.021140170950527094 0.021970594849248924
34 0.2711468522439965 0.12399264382017713 0.021140170950527094 0.021970594849248924
10 0.280267184259219 0.13100791836598438 0.017887836958138337 0.018590503333979845
22 0.2885744327763442 0.1387406700329743 0.02595500494291585 0.02547823212215263
5 0.2654380217116488 0.11020121078963907 0.021140170950527094 0.021970594849248924
18 0.2997254969970694 0.23057735473050248 0.017824169961944136 0.017028003333980024
18 0.1480714495822581 0.047318960330597105 0.01782416996194396 0.017028003333979847
18 0.2140718398867068 0.17812229230296844 0.01782416996194396 0.017028003333979847
18 0.14606593920213476 0.0965377103305971 0.01782416996194396 0.017028003333979847
18 0.09301653505752165 0.03263483593457108 0.01782416996194396 0.017028003333979847
18 0.20822374650277792 0.22545967790888213 0.017824169961943782 0.017028003333980024
18 0.1604202578714844 0.16747196366457695 0.014635502965749581 0.015210411818710768
18 0.13500376380298337 0.13717868578478987 0.01782416996194396 0.017028003333979847
18 0.07748969414505069 0.06742442411586022 0.017824169961943782 0.017028003333979847
18 0.0265625 0.00703125 0.01875 0.0140625
18 0.06948885174970484 0.10988299108532211 0.017824169961943782 0.017028003333979934
18 0.01643944760509175 0.045980116689296135 0.01782416996194396 0.017028003333979847
18 0.1548467371112377 0.2657819179069424 0.01782416996194396 0.017028003333979847
18 0.032324432776344114 0.11782316578091052 0.01782416996194396 0.017028003333979847
18 0.12817414916451622 0.28555241290597255 0.014635502965749581 0.015210411818710768
18 0.07215891251038906 0.21748819699467745 0.014635502965749581 0.015210411818710768
18 0.0504895009514021 0.19142003350897677 0.014635502965749581 0.015210411818710768
18 0.13434855330912931 0.3456289145729626 0.014635502965749581 0.015210411818710768
18 0.07833331665500225 0.27756469866166744 0.014635502965749581 0.015210411818710768
27 0.29076433247233313 0.21965583018469523 0.02276633794672165 0.023660640606883377
27 0.19665618821355163 0.10537044745371951 0.021140170950527094 0.021970594849248924
14 0.28183500144569373 0.207953055638888 0.021140170950527094 0.021970594849248924
14 0.2646302554000265 0.18773627942609084 0.02276633794672165 0.023660640606883554
14 0.18023269216788435 0.08521744411973957 0.021140170950527094 0.021970594849248924
14 0.1125 0.00703125 0.01875 0.0140625
12 0.27359141992476294 0.19865780397189797 0.02595500494291585 0.02547823212215263
23 0.25566909087529 0.1768147548802836 0.027644838935304606 0.028730777879787082
29 0.2474573428524563 0.16673825321329366 0.021140170950527094 0.021970594849248924
21 0.23849617832771983 0.15581672866748644 0.021140170950527094 0.021970594849248924
34 0.23250084631249734 0.14905654563694828 0.02276633794672165 0.023660640606883377
32 0.2175761832706357 0.13059358806060298 0.029271005931499162 0.030420823637421622
24 0.20636676924019087 0.11713699487834398 0.02276633794672147 0.023660640606883554
20 0.18841260669262078 0.09607519578672954 0.02276633794672147 0.023660640606883464
13 0.1712396941450507 0.07507716957393237 0.02276633794672165 0.023660640606883464
32 0.15628319760509174 0.05739546199758703 0.029271005931498985 0.030420823637421622
29 0.14135853456323008 0.03893250442124163 0.021140170950527094 0.021970594849248924
17 0.13155245304229926 0.029509706996617167 0.02595500494291585 0.02547823212215263
19 0.12037487250995156 0.015271863814358166 0.021140170950527094 0.021970594849248924
28 0.10390625 0.003125 0.0234375 0.00625
28 0.17294943277634411 0.12930228396801874 0.021140170950527094 0.021970594849248924
28 0.07421875 0.0109375 0.0234375 0.021875
28 0.03340145452517396 0.014443074265641443 0.021140170950527094 0.021970594849248924
28 0.09565476232010858 0.14102129184392648 0.02276633794672165 0.023660640606883554
28 0.19447031121779473 0.31291188048425767 0.02276633794672147 0.023660640606883377
28 0.12199974501990311 0.22547591123898272 0.02276633794672147 0.023660640606883377
13 0.2723671595446394 0.2479403268507153 0.02276633794672165 0.023660640606883554
13 0.10047886657845248 0.041866314722743735 0.02276633794672147 0.023660640606883464
13 0.1835566689361797 0.19601142290791226 0.02595500494291585 0.02547823212215263
13 0.051419284068938434 0.033942373357255876 0.02276633794672165 0.023660640606883464
13 0.02318419612221696 0.05358532259865152 0.02595500494291585 0.025478232122152545
13 0.14891507209220967 0.25745923487640426 0.02595500494291585 0.02547823212215263
13 0.08261891003893114 0.23009976729811932 0.02276633794672147 0.023660640606883377
14 0.2633741615218058 0.23780005230490814 0.021140170950527094 0.021970594849248924
14 0.24545183247233293 0.21595700321329367 0.021140170950527094 0.021970594849248924
14 0.10947186460128613 0.05200658926855093 0.021140170950527094 0.021970594849248924
14 0.19254966695901335 0.2061516974537195 0.021140170950527094 0.021970594849248924
14 0.06328261410699457 0.050587739418332146 0.021140170950527094 0.021970594849248924
14 0.0416132025480076 0.02451957593263141 0.02276633794672147 0.023660640606883464
14 0.03214536064695341 0.06450684714445876 0.021140170950527094 0.021970594849248924
31 0.2543811634989723 0.2276597777591009 0.02276633794672165 0.023660640606883377
31 0.09990852220594038 0.09433761048037828 0.02595500494291585 0.025478232122152545
31 0.12296006714929372 0.2788560027542517 0.02276633794672165 0.023660640606883554
21 0.2379895009514021 0.206725524425121 0.021140170950527094 0.021970594849248924
21 0.1326401091640787 0.07976479851188625 0.021140170950527094 0.021970594849248924
21 0.16887474501990313 0.22930228396801872 0.021140170950527094 0.021970594849248924
21 0.054500521711648806 0.09298253350897676 0.017887836958138337 0.018590503333979845
24 0.22893283593237418 0.19814774987931383 0.02595500494291585 0.02547823212215263
24 0.16327068524780214 0.11675448654339422 0.02595500494291585 0.025478232122152545
24 0.23673340707318163 0.2567892973039383 0.02595500494291585 0.02547823212215263
24 0.10968277022877401 0.10454165790500278 0.02595500494291585 0.02547823212215263
24 0.2092159021302657 0.2780585194241512 0.02595500494291585 0.02547823212215263
24 0.18754649057127876 0.2519903559384504 0.027644838935304606 0.028730777879787082
24 0.1322488369209573 0.18555241290597255 0.02595500494291585 0.02547823212215263
24 0.08669359779537214 0.13009976729811928 0.02595500494291585 0.025478232122152545
24 0.18397848019115548 0.3010815601808159 0.027644838935304606 0.028730777879787082
24 0.10182916646472177 0.2010977935109164 0.02595500494291585 0.02547823212215263
25 0.22078475490573482 0.18650874821232383 0.021140170950527094 0.021970594849248924
25 0.00390625 0.02265625 0.0078125 0.0234375
23 0.2081083413695815 0.17058085927243027 0.02276633794672165 0.023660640606883377
23 0.2015108314837498 0.21707322199952675 0.02595500494291585 0.02547823212215263
23 0.12829084878395536 0.12879222987543448 0.02276633794672147 0.023660640606883554
23 0.11783085125541329 0.11618065957199271 0.02276633794672147 0.023660640606883464
23 0.2196758996588078 0.2906700897275929 0.02276633794672147 0.023660640606883377
23 0.17783590954463957 0.24022380851382596 0.02276633794672147 0.023660640606883377
23 0.04728092931630305 0.13550487335725586 0.02595500494291585 0.025478232122152545
23 0.09307890756747321 0.242711337601561 0.02276633794672147 0.023660640606883554
23 0.06704033098945823 0.2084480368429567 0.021140170950527094 0.021970594849248924
16 0.19839776034294232 0.1588143118478058 0.027644838935304606 0.028730777879787082
16 0.01953125 0.00546875 0.0234375 0.0109375
16 0.04377658593237408 0.1830335775996213 0.02276633794672147 0.023660640606883377
10 0.18568951330869182 0.14366767290791227 0.02595500494291585 0.02547823212215263
10 0.14085185718691234 0.08984130017887618 0.02276633794672147 0.023660640606883554
10 0.08780245304229925 0.025938425782850195 0.02276633794672165 0.023660640606883464
10 0.09091552418310674 0.08419733593457109 0.02276633794672147 0.023660640606883554
10 0.10761359285245628 0.1553229079050027 0.02276633794672147 0.023660640606883377
10 0.06352535323257964 0.102341558054784 0.02276633794672147 0.023660640606883554
10 0.01171875 0.0375 0.0234375 0.025
10 0.13099274304273675 0.23561618578478988 0.02276633794672147 0.023660640606883554
10 0.00234375 0.06953125 0.0046875 0.0234375
10 0.14163181270066955 0.3015440747246834 0.02595500494291585 0.02547823212215263
10 0.10204007209220967 0.25363286214736824 0.02276633794672147 0.023660640606883377
12 0.15352827072306557 0.10576918911876976 0.02595500494291585 0.025478232122152545
12 0.2456627380998208 0.26849207184974555 0.02595500494291585 0.02547823212215263
12 0.07623360026683015 0.11748819699467754 0.02276633794672147 0.023660640606883554
12 0.16779772327107328 0.33268237548328783 0.02595500494291585 0.02547823212215263
22 0.1199318621298282 0.06461815957199271 0.02595500494291585 0.025478232122152545
22 0.22552399304273668 0.2433327041216792 0.02595500494291585 0.02547823212215263
22 0.041855941673592675 0.07627339456908322 0.02595500494291585 0.02547823212215263
22 0.1735503161607106 0.2876887398773741 0.02595500494291585 0.02547823212215263
22 0.07791150540002638 0.17249456138876393 0.02595500494291585 0.02547823212215263
22 0.00859375 0.0828125 0.0171875 0.025
29 0.06640625 0.00625 0.0234375 0.0125
11 0.2150639955141947 0.2307211338182375 0.02276633794672147 0.023660640606883554
32 0.16938142239622084 0.1783934882103842 0.027644838935304606 0.028730777879787082
29 0.1544567593543591 0.1599305306340389 0.021140170950527094 0.021970594849248924
17 0.14471434482962264 0.14894523320941433 0.02595500494291585 0.02547823212215263
29 0.0834531926621759 0.07496585714639839 0.021140170950527094 0.021970594849248924
31 0.07149436212982821 0.06066424108532211 0.02276633794672147 0.023660640606883464
34 0.16138058000087502 0.22085205517984602 0.02276633794672147 0.023660640606883554
34 0.06820092437338712 0.16072801396413938 0.02595500494291585 0.02547823212215263
17 0.034815421407637624 0.17211205305381413 0.02595500494291585 0.02547823212215263
21 0.00390625 0.128125 0.0078125 0.01875
15 0.1502029994685274 0.20661421199758703 0.021140170950527094 0.021970594849248924
15 0.11157158098945823 0.21208309093554084 0.021140170950527094 0.021970594849248924
15 0.01764250886006753 0.151114026841017 0.021140170950527094 0.021970594849248924
27 0.1427406679475965 0.19738273320941432 0.02276633794672165 0.023660640606883554
27 0.09211858543808252 0.18933124608629193 0.02276633794672147 0.023660640606883377
27 0.024862101255413282 0.10859168699273783 0.021140170950527094 0.021970594849248924
22 0.12182067289051242 0.17215959260253086 0.02595500494291585 0.02547823212215263
29 0.20100415410743205 0.2679820177571612 0.02276633794672147 0.023660640606883377
14 0.16383973513407132 0.2759221924527496 0.02595500494291585 0.02547823212215263
14 0.1391726575674732 0.24647393745177978 0.02595500494291585 0.02547823212215263
14 0.055492677339136695 0.14558137502424578 0.02595500494291585 0.025478232122152545
14 0.01739976973448245 0.09936020820456518 0.02276633794672147 0.023660640606883464
29 0.038351598289663794 0.12380209881144869 0.02276633794672147 0.023660640606883554
29 0.13491889768164142 0.2931576188153279 0.02276633794672147 0.023660640606883377
29 0.02510484038099836 0.1603455056291896 0.02595500494291585 0.02547823212215263
27 0.15724222524823955 0.322414555179846 0.02276633794672165 0.023660640606883554
14 0.1505929772254059 0.31246559927049067 0.021140170950527094 0.021970594849248924
14 0.11399890262455728 0.26793447820844457 0.02276633794672165 0.023660640606883377
28 0.0564529994685274 0.19896146653951483 0.02276633794672147 0.023660640606883377
30 0.00859375 0.1390625 0.0171875 0.021875
17 0.14181088483006016 0.3548603933611352 0.02595500494291585 0.02547823212215263
28 0.1299157212939069 0.33899627730005893 0.02276633794672147 0.023660640606883554
28 0.07311923463977976 0.27086828850994654 0.021140170950527094 0.021970594849248924
28 0.017135831483749798 0.2020228225986515 0.02595500494291585 0.02547823212215263
29 0.11795689076155921 0.3246946612389827 0.02276633794672147 0.023660640606883377
14 0.10974514273872557 0.3146181595719927 0.02276633794672147 0.023660640606883554
10 0.10078397821398913 0.3036966350261855 0.02276633794672147 0.023660640606883377
10 0.061192237605529255 0.2557854224488703 0.02276633794672147 0.023660640606883554
10 0.03274624403131989 0.22289330305381413 0.021140170950527094 0.021970594849248924
10 0.013567821103626443 0.25111402684101697 0.02595500494291585 0.02547823212215263
22 0.08954273068544705 0.29102129184392656 0.02595500494291585 0.02547823212215263
21 0.05141798958269561 0.24558137502424585 0.021140170950527094 0.021970594849248924
32 0.04320624155986197 0.23550487335725592 0.027644838935304606 0.028730777879787082
34 0.025283912510389063 0.21366182426564145 0.021140170950527094 0.021970594849248924
34 0.00390625 0.228125 0.0078125 0.025
32 0.0078125 0.18515625 0.015625 0.0296875
32 0.07258072376536484 0.3225583342675812 0.027644838935304606 0.028730777879787082
21 0.10027730083767139 0.35460543078382 0.021140170950527094 0.021970594849248924
21 0.09200188581864337 0.3460914291168301 0.019514003954332716 0.020280549091614475
23 0.00703125 0.2390625 0.0140625 0.021875
24 0.10845721536240785 0.36546318245080994 0.02276633794672147 0.023660640606883377
24 0.08379013779580972 0.3360149274498401 0.02595500494291585 0.02547823212215263
24 0.027743067643585383 0.26873196153854506 0.027644838935304606 0.028730777879787082
15 0.11741837988714429 0.3763847069966172 0.02276633794672147 0.023660640606883377
30 0.057656060723503086 0.30409537669123576 0.02595500494291585 0.02547823212215263
25 0.047164229696863916 0.2922650563877941 0.02276633794672147 0.023660640606883377
29 0.035954815666419025 0.278808463205535 0.02276633794672147 0.023660640606883377
34 0.05519029391758919 0.383846649570053 0.021140170950527094 0.021970594849248924
24 0.04685121190236678 0.37689514790306317 0.01626166996194378 0.01690045757634522
30 0.04013829688333868 0.36850869199370767 0.017887836958138337 0.018590503333979845
10 0.0296782993547966 0.3558971216902659 0.017887836958138337 0.018590503333980025
23 0.021434717833865767 0.34660187002327597 0.014635502965749581 0.015210411818710768
13 0.016379803309129314 0.3359992098715551 0.021140170950527094 0.021970594849248924
1 0.7237678334609161 0.2702312044115433 0.26968905338349136 0.27429759576733287
2 0.6545177677573161 0.18070657668153745 0.2583695514063251 0.26402977546389117
3 0.57265625 0.1078125 0.2484375 0.215625
8 0.46796875 0.353125 0.2171875 0.13125
9 0.4359375 0.3015625 0.153125 0.234375
0 0.3984375 0.23984375 0.078125 0.2828125
28 0.19020728106600782 0.7541588916941453 0.22616454646340928 0.23804136031120038
16 0.196875 0.4734375 0.203125 0.109375
22 0.21070014768164141 0.5974943035128562 0.23923754942915884 0.2531242263722767
23 0.0765625 0.5296875 0.153125 0.221875
29 0.0640625 0.646875 0.128125 0.23125
34 0.01875 0.790625 0.0375 0.1875
10 0.6796875 0.709375 0.640625 0.58125