29 0.08671875 0.084375 0.0140625 0.0453125
20 0.12109375 0.07890625 0.025 0.05625
20 0.146875 0.07890625 0.025 0.0578125
34 0.1703125 0.10078125 0.0265625 0.0625
28 0.065625 0.19609375 0.009375 0.0234375
29 0.0734375 0.196875 0.0046875 0.01875
29 0.0796875 0.23046875 0.0046875 0.0140625
29 0.08671875 0.46328125 0.0046875 0.0140625
29 0.0921875 0.5984375 0.003125 0.0125
29 0.09375 0.64296875 0.0046875 0.015625
29 0.11640625 0.68828125 0.003125 0.0125
29 0.08359375 0.77890625 0.003125 0.0125
29 0.0875 0.778125 0.0046875 0.0125
29 0.08125 0.86875 0.0046875 0.0140625
29 0.1046875 0.9296875 0.0046875 0.0140625
29 0.1421875 0.97265625 0.0046875 0.0140625
18 0.078125 0.19609375 0.0015625 0.0203125
18 0.14375 0.19609375 0.0015625 0.021875
18 0.0828125 0.23046875 0.0015625 0.015625
18 0.1296875 0.23046875 0.0015625 0.015625
18 0.0890625 0.32734375 0.0015625 0.015625
18 0.08515625 0.37265625 0.0015625 0.015625
20 0.084375 0.19609375 0.0078125 0.021875
20 0.09296875 0.19609375 0.0078125 0.021875
20 0.0875 0.23046875 0.00625 0.015625
20 0.09453125 0.23046875 0.00625 0.0171875
34 0.10078125 0.20078125 0.0078125 0.021875
34 0.10078125 0.234375 0.00625 0.0171875
34 0.121875 0.69140625 0.00625 0.0171875
22 0.11640625 0.19609375 0.0125 0.021875
14 0.128125 0.1984375 0.009375 0.0171875
14 0.11796875 0.23203125 0.00625 0.0125
14 0.0921875 0.2859375 0.00625 0.0140625
14 0.07421875 0.3296875 0.00625 0.0140625
14 0.1 0.3296875 0.00625 0.0140625
14 0.075 0.375 0.00625 0.0140625
14 0.0890625 0.375 0.00625 0.0140625
14 0.08359375 0.41953125 0.00625 0.0140625
14 0.084375 0.51015625 0.00625 0.0125
14 0.0796875 0.6 0.00625 0.0125
14 0.09296875 0.7796875 0.00625 0.0125
14 0.109375 0.93046875 0.00625 0.0125
14 0.1 0.97421875 0.00625 0.0140625
13 0.13671875 0.19609375 0.009375 0.021875
13 0.12421875 0.23046875 0.0046875 0.0171875
13 0.07734375 0.50859375 0.00625 0.015625
10 0.15 0.1984375 0.0078125 0.0171875
10 0.134375 0.23203125 0.0046875 0.0125
10 0.08359375 0.825 0.00625 0.0125
10 0.08671875 0.86953125 0.00625 0.0140625
10 0.0734375 0.9734375 0.00625 0.0140625
10 0.08671875 0.9734375 0.00625 0.0140625
28 0.07421875 0.23203125 0.00625 0.0125
28 0.10625 0.3296875 0.00625 0.0140625
28 0.1046875 0.375 0.0046875 0.0140625
28 0.09453125 0.41953125 0.0046875 0.0140625
28 0.0984375 0.46484375 0.0046875 0.0140625
28 0.096875 0.51015625 0.00625 0.0125
28 0.08125 0.55546875 0.00625 0.0125
28 0.0921875 0.55546875 0.00625 0.0125
28 0.096875 0.6 0.00625 0.0125
28 0.08671875 0.734375 0.00625 0.0125
28 0.0765625 0.86953125 0.00625 0.0125
28 0.16328125 0.9734375 0.00625 0.0140625
22 0.11015625 0.23203125 0.009375 0.0125
22 0.08359375 0.284375 0.009375 0.0125
22 0.08359375 0.6890625 0.009375 0.0125
22 0.09296875 0.6890625 0.009375 0.0125
22 0.07578125 0.82421875 0.009375 0.0125
22 0.11171875 0.86953125 0.009375 0.0125
22 0.0921875 0.93046875 0.009375 0.0125
22 0.128125 0.9734375 0.009375 0.0125
17 0.06875 0.28359375 0.00625 0.015625
24 0.075 0.284375 0.00625 0.0125
24 0.08125 0.46484375 0.00625 0.0125
24 0.09140625 0.46484375 0.00625 0.0125
24 0.090625 0.51015625 0.00625 0.0125
24 0.075 0.5546875 0.00625 0.0125
24 0.08125 0.64375 0.00625 0.0125
24 0.075 0.6890625 0.00625 0.0125
24 0.0734375 0.734375 0.00625 0.0125
24 0.084375 0.93046875 0.00625 0.0109375
24 0.1 0.93046875 0.00625 0.0125
24 0.1203125 0.9734375 0.00625 0.0125
24 0.13671875 0.9734375 0.00625 0.0125
24 0.15 0.9734375 0.00625 0.0125
18 0.14609375 0.9703125 0.0015625 0.015625
28 0.0671875 0.328125 0.00625 0.0171875
27 0.0796875 0.3296875 0.003125 0.0125
27 0.0890625 0.41953125 0.003125 0.0125
27 0.0984375 0.77890625 0.0046875 0.0125
27 0.0984375 0.86953125 0.0046875 0.0125
27 0.0796875 0.93046875 0.0046875 0.0109375
27 0.115625 0.9734375 0.0046875 0.0125
31 0.084375 0.3296875 0.00625 0.0125
31 0.08046875 0.375 0.00625 0.0125
31 0.0734375 0.6 0.00625 0.0125
12 0.09375 0.3296875 0.00625 0.0125
10 0.10390625 0.86953125 0.0046875 0.0125
27 0.0671875 0.3734375 0.00625 0.015625
32 0.096875 0.375 0.0078125 0.0125
32 0.075 0.7796875 0.009375 0.0125
24 0.06875 0.41796875 0.0078125 0.0171875
15 0.075 0.41796875 0.0046875 0.015625
15 0.078125 0.41796875 0.0046875 0.015625
25 0.0671875 0.46328125 0.00625 0.015625
17 0.075 0.46328125 0.0046875 0.015625
31 0.0671875 0.50859375 0.00625 0.015625
18 0.07265625 0.5078125 0.0015625 0.0171875
18 0.11328125 0.6875 0.0015625 0.015625
18 0.08046875 0.7765625 0.0015625 0.015625
18 0.0875 0.82265625 0.0015625 0.0171875
18 0.10390625 0.82265625 0.003125 0.0171875
25 0.06796875 0.55390625 0.00625 0.015625
29 0.08671875 0.55390625 0.0046875 0.0125
14 0.0671875 0.59765625 0.00625 0.015625
23 0.0859375 0.6 0.00625 0.0125
23 0.10859375 0.6890625 0.00625 0.0125
23 0.115625 0.825 0.00625 0.0125
23 0.0703125 0.86875 0.00625 0.0125
23 0.0796875 0.9734375 0.00625 0.0125
23 0.15703125 0.9734375 0.00625 0.0125
10 0.06796875 0.64296875 0.0078125 0.015625
11 0.075 0.6421875 0.00625 0.015625
11 0.08046875 0.7328125 0.00625 0.0171875
30 0.08828125 0.64453125 0.00625 0.0125
12 0.06796875 0.6875 0.00625 0.015625
30 0.1015625 0.6890625 0.00625 0.0125
30 0.121875 0.825 0.00625 0.0125
19 0.06640625 0.7328125 0.00625 0.0171875
29 0.0671875 0.77734375 0.00625 0.015625
14 0.0671875 0.8234375 0.00625 0.0171875
21 0.090625 0.82265625 0.0015625 0.0171875
28 0.09921875 0.8234375 0.0078125 0.0171875
16 0.10859375 0.8265625 0.00625 0.015625
25 0.12890625 0.8265625 0.00625 0.015625
18 0.065625 0.86796875 0.0015625 0.0140625
16 0.09296875 0.871875 0.00625 0.0171875
25 0.0734375 0.9296875 0.00625 0.0140625
22 0.065625 0.971875 0.009375 0.015625
16 0.09296875 0.975 0.00625 0.0171875
25 0.109375 0.97265625 0.00625 0.015625
21 0.253125 0.05390625 0.0046875 0.0125
18 0.25703125 0.053125 0.0015625 0.0140625
18 0.35390625 0.053125 0.0015625 0.0140625
18 0.28671875 0.1703125 0.0015625 0.0171875
18 0.296875 0.259375 0.0015625 0.0140625
18 0.38359375 0.259375 0.0015625 0.015625
18 0.41796875 0.26015625 0.0015625 0.0140625
18 0.51484375 0.259375 0.0015625 0.0140625
18 0.3375 0.3796875 0.0015625 0.0140625
18 0.28046875 0.63125 0.0015625 0.0171875
18 0.3296875 0.63125 0.0015625 0.015625
18 0.28828125 0.6578125 0.0015625 0.0125
18 0.27421875 0.696875 0.003125 0.015625
18 0.28046875 0.696875 0.0015625 0.015625
18 0.309375 0.696875 0.0015625 0.0171875
18 0.38984375 0.696875 0.0015625 0.015625
18 0.45859375 0.69765625 0.0015625 0.0171875
18 0.534375 0.696875 0.0015625 0.015625
18 0.56015625 0.696875 0.0015625 0.0171875
18 0.43515625 0.7234375 0.0015625 0.015625
18 0.334375 0.75078125 0.0015625 0.015625
18 0.509375 0.75078125 0.0015625 0.015625
18 0.515625 0.75078125 0.0015625 0.015625
18 0.553125 0.75078125 0.0015625 0.015625
18 0.60234375 0.75078125 0.0015625 0.015625
18 0.2703125 0.77734375 0.0015625 0.0171875
18 0.26875 0.80390625 0.0015625 0.015625
20 0.26171875 0.053125 0.00625 0.015625
20 0.5078125 0.259375 0.0046875 0.0140625
20 0.28515625 0.63125 0.00625 0.015625
20 0.29140625 0.63046875 0.00625 0.0171875
20 0.53046875 0.696875 0.00625 0.015625
20 0.43125 0.7234375 0.00625 0.015625
14 0.2671875 0.05546875 0.0046875 0.0125
14 0.434375 0.05546875 0.00625 0.0109375
14 0.2953125 0.1734375 0.00625 0.0140625
14 0.30703125 0.2625 0.00625 0.0125
14 0.3703125 0.2625 0.0046875 0.0125
14 0.3765625 0.2625 0.00625 0.0125
14 0.49609375 0.2625 0.0046875 0.0125
14 0.271875 0.33671875 0.0078125 0.0140625
14 0.2953125 0.3375 0.0078125 0.0140625
14 0.3078125 0.3375 0.0078125 0.0140625
14 0.31484375 0.38125 0.00625 0.0125
14 0.32109375 0.38203125 0.00625 0.0125
14 0.31796875 0.634375 0.00625 0.0125
14 0.30390625 0.66015625 0.0046875 0.0125
14 0.2609375 0.69921875 0.00625 0.0140625
14 0.30234375 0.69921875 0.00625 0.0140625
14 0.3625 0.7 0.00625 0.0125
14 0.4015625 0.69921875 0.00625 0.0140625
14 0.44296875 0.69921875 0.00625 0.0140625
14 0.2625 0.72578125 0.00625 0.0125
14 0.3515625 0.72578125 0.00625 0.0125
14 0.47734375 0.72578125 0.0078125 0.0125
14 0.5484375 0.72578125 0.00625 0.0125
14 0.28828125 0.753125 0.00625 0.0125
14 0.3703125 0.753125 0.00625 0.0125
14 0.44296875 0.753125 0.00625 0.0125
14 0.49609375 0.753125 0.00625 0.0125
14 0.53671875 0.753125 0.0078125 0.0125
13 0.27265625 0.05390625 0.00625 0.015625
13 0.3015625 0.26015625 0.00625 0.015625
13 0.325 0.63125 0.0078125 0.015625
13 0.309375 0.65859375 0.00625 0.0125
13 0.30078125 0.7515625 0.00625 0.015625
13 0.2625 0.778125 0.0078125 0.015625
15 0.3234375 0.05390625 0.00625 0.0125
24 0.3296875 0.05546875 0.00625 0.0109375
24 0.34140625 0.05546875 0.00625 0.0109375
24 0.32109375 0.1734375 0.0078125 0.0140625
24 0.271875 0.2625 0.00625 0.0125
24 0.28203125 0.2625 0.00625 0.0125
24 0.31328125 0.2609375 0.00625 0.0125
24 0.34453125 0.33671875 0.0078125 0.0125
24 0.35625 0.33671875 0.00625 0.0125
24 0.375 0.33671875 0.0078125 0.0140625
24 0.4015625 0.3375 0.00625 0.0140625
24 0.50390625 0.3375 0.0078125 0.0140625
24 0.275 0.38203125 0.00625 0.0109375
24 0.3296875 0.69921875 0.0078125 0.0140625
24 0.3421875 0.69921875 0.00625 0.0125
24 0.41484375 0.69921875 0.00625 0.0140625
24 0.4859375 0.69921875 0.00625 0.0125
24 0.59375 0.69921875 0.0078125 0.0140625
24 0.2390625 0.72578125 0.00625 0.0125
24 0.24609375 0.72578125 0.0078125 0.0125
24 0.378125 0.72578125 0.0078125 0.0125
24 0.39375 0.72578125 0.00625 0.0125
24 0.49921875 0.72578125 0.00625 0.0125
24 0.56640625 0.72578125 0.0078125 0.0125
24 0.23515625 0.75234375 0.00625 0.0125
24 0.3109375 0.753125 0.0078125 0.0125
24 0.3578125 0.753125 0.00625 0.0125
24 0.4046875 0.75234375 0.00625 0.0125
24 0.4265625 0.753125 0.0078125 0.0125
24 0.56875 0.75234375 0.0078125 0.0125
24 0.5921875 0.75234375 0.0078125 0.0125
24 0.2421875 0.7796875 0.0078125 0.0125
24 0.28984375 0.7796875 0.0078125 0.0125
24 0.35078125 0.7796875 0.0078125 0.0125
21 0.334375 0.05390625 0.0015625 0.0125
21 0.33671875 0.05390625 0.0015625 0.0125
21 0.38046875 0.259375 0.0015625 0.0140625
21 0.25703125 0.3796875 0.0015625 0.0140625
21 0.2859375 0.65859375 0.0015625 0.0125
21 0.3375 0.69765625 0.0015625 0.015625
21 0.5828125 0.696875 0.0015625 0.015625
21 0.2578125 0.7234375 0.003125 0.015625
21 0.365625 0.75078125 0.0015625 0.015625
21 0.58671875 0.75078125 0.0015625 0.015625
32 0.3484375 0.05546875 0.0078125 0.0109375
32 0.49296875 0.69921875 0.009375 0.0125
32 0.29765625 0.72578125 0.009375 0.0125
32 0.46328125 0.72578125 0.009375 0.0125
32 0.41171875 0.753125 0.0078125 0.0125
32 0.54765625 0.753125 0.009375 0.0125
23 0.35859375 0.05546875 0.00625 0.0109375
23 0.3875 0.2625 0.0046875 0.0125
23 0.51875 0.2609375 0.0046875 0.0109375
23 0.315625 0.3375 0.00625 0.0125
23 0.4265625 0.3375 0.00625 0.0140625
23 0.5171875 0.33671875 0.0078125 0.0125
23 0.25234375 0.38125 0.00625 0.009375
23 0.30078125 0.38125 0.00625 0.009375
23 0.3234375 0.69921875 0.00625 0.0125
23 0.34921875 0.69921875 0.00625 0.0125
23 0.3859375 0.69921875 0.00625 0.0125
23 0.4796875 0.69921875 0.00625 0.0140625
23 0.52421875 0.69921875 0.00625 0.0125
23 0.57109375 0.69921875 0.0078125 0.0125
23 0.53984375 0.69921875 0.00625 0.0125
23 0.35859375 0.72578125 0.00625 0.0125
23 0.42421875 0.72578125 0.00625 0.0125
23 0.43984375 0.72578125 0.00625 0.0125
23 0.48359375 0.72578125 0.00625 0.0125
23 0.53515625 0.72578125 0.00625 0.0125
23 0.3875 0.753125 0.0078125 0.0125
23 0.60703125 0.753125 0.00625 0.0125
23 0.25546875 0.7796875 0.00625 0.0125
23 0.27421875 0.7796875 0.00625 0.0125
16 0.36484375 0.05703125 0.00625 0.015625
16 0.39375 0.26328125 0.00625 0.0140625
16 0.4515625 0.3390625 0.0078125 0.015625
16 0.35546875 0.70078125 0.0078125 0.0171875
16 0.54609375 0.7015625 0.0078125 0.0171875
16 0.5640625 0.70078125 0.00625 0.0171875
16 0.253125 0.728125 0.0078125 0.0171875
16 0.44609375 0.728125 0.0078125 0.0171875
16 0.5421875 0.728125 0.00625 0.0171875
16 0.4359375 0.7546875 0.0078125 0.015625
16 0.6140625 0.7546875 0.0078125 0.015625
16 0.23125 0.78125 0.00625 0.0171875
28 0.4125 0.05390625 0.00625 0.0125
17 0.41875 0.05390625 0.0046875 0.0125
17 0.26640625 0.26015625 0.0046875 0.0140625
17 0.490625 0.26015625 0.0046875 0.0140625
17 0.253125 0.33515625 0.00625 0.015625
17 0.33671875 0.33515625 0.0078125 0.015625
17 0.3328125 0.38046875 0.0046875 0.0140625
17 0.29765625 0.65859375 0.0046875 0.0125
17 0.36796875 0.6578125 0.0046875 0.0125
17 0.403125 0.65859375 0.0046875 0.0125
17 0.42421875 0.69765625 0.00625 0.015625
17 0.30546875 0.7234375 0.00625 0.015625
17 0.325 0.7234375 0.00625 0.015625
17 0.47109375 0.7234375 0.00625 0.015625
17 0.52265625 0.7234375 0.00625 0.015625
17 0.5859375 0.72421875 0.00625 0.015625
17 0.24453125 0.7515625 0.00625 0.015625
17 0.39765625 0.75078125 0.00625 0.015625
17 0.56171875 0.75078125 0.00625 0.015625
17 0.23125 0.80390625 0.00625 0.015625
10 0.42421875 0.05546875 0.00625 0.0125
10 0.3046875 0.17265625 0.0078125 0.0140625
10 0.259375 0.33671875 0.00625 0.0140625
10 0.28046875 0.3375 0.00625 0.0125
10 0.44453125 0.3375 0.00625 0.0140625
10 0.46328125 0.3375 0.00625 0.0140625
10 0.48359375 0.3375 0.0078125 0.0125
10 0.2953125 0.38125 0.0046875 0.0125
10 0.33515625 0.634375 0.0078125 0.0125
10 0.29140625 0.69921875 0.00625 0.0125
10 0.37578125 0.69921875 0.0078125 0.0140625
10 0.43125 0.69921875 0.00625 0.0140625
10 0.50390625 0.69921875 0.00625 0.0140625
10 0.5171875 0.69921875 0.0046875 0.0140625
10 0.57734375 0.69921875 0.00625 0.0140625
10 0.31171875 0.72578125 0.00625 0.0125
10 0.33125 0.72578125 0.00625 0.0125
10 0.41796875 0.72578125 0.00625 0.0125
10 0.52890625 0.72578125 0.00625 0.0125
10 0.2953125 0.753125 0.00625 0.0125
10 0.3765625 0.753125 0.00625 0.0125
10 0.45625 0.753125 0.00625 0.0125
10 0.5265625 0.753125 0.00625 0.0125
27 0.4296875 0.05546875 0.0046875 0.0109375
27 0.2828125 0.1734375 0.0046875 0.0125
27 0.265625 0.33671875 0.0046875 0.0125
27 0.28984375 0.3375 0.0046875 0.0140625
27 0.36875 0.33671875 0.0046875 0.0125
27 0.41484375 0.3375 0.0046875 0.0125
27 0.4578125 0.3375 0.0046875 0.0140625
27 0.35234375 0.659375 0.0046875 0.0109375
27 0.4078125 0.659375 0.0046875 0.0109375
27 0.26640625 0.69921875 0.0046875 0.0125
27 0.36796875 0.69921875 0.0046875 0.0125
27 0.5125 0.69921875 0.0046875 0.0125
27 0.6 0.69921875 0.0046875 0.0125
27 0.40546875 0.72578125 0.0046875 0.0125
27 0.4125 0.72578125 0.0046875 0.0125
27 0.5609375 0.72578125 0.0046875 0.0125
27 0.3234375 0.753125 0.0046875 0.0125
27 0.38203125 0.753125 0.0046875 0.0125
27 0.5015625 0.753125 0.0046875 0.0125
27 0.23671875 0.7796875 0.0046875 0.0125
27 0.30234375 0.7796875 0.0046875 0.0125
27 0.35625 0.7796875 0.003125 0.0125
32 0.27578125 0.17109375 0.0109375 0.0140625
29 0.28984375 0.171875 0.0046875 0.015625
29 0.33203125 0.171875 0.0046875 0.015625
29 0.2765625 0.2609375 0.003125 0.0140625
29 0.41484375 0.26015625 0.0046875 0.0125
29 0.32109375 0.3359375 0.0046875 0.0140625
29 0.35 0.3359375 0.0046875 0.0140625
29 0.4390625 0.3359375 0.0046875 0.0140625
29 0.5234375 0.3359375 0.0046875 0.0140625
29 0.32734375 0.38046875 0.0046875 0.0125
29 0.2765625 0.63203125 0.0046875 0.0125
29 0.27109375 0.6984375 0.003125 0.0125
29 0.296875 0.6984375 0.0046875 0.015625
29 0.409375 0.69765625 0.0046875 0.015625
29 0.4625 0.69765625 0.0046875 0.015625
29 0.28828125 0.72421875 0.0046875 0.015625
29 0.31640625 0.72421875 0.0046875 0.015625
29 0.37265625 0.72421875 0.0046875 0.015625
29 0.590625 0.72421875 0.0046875 0.015625
29 0.5953125 0.72421875 0.0046875 0.015625
29 0.2296875 0.7515625 0.0046875 0.015625
29 0.25 0.7515625 0.0046875 0.015625
29 0.25390625 0.75234375 0.0046875 0.015625
29 0.3296875 0.7515625 0.0046875 0.015625
29 0.35234375 0.7515625 0.0046875 0.015625
29 0.42109375 0.7515625 0.0046875 0.015625
29 0.4484375 0.7515625 0.0046875 0.0171875
29 0.50546875 0.7515625 0.0046875 0.015625
29 0.53203125 0.7515625 0.0046875 0.015625
29 0.55625 0.7515625 0.0046875 0.015625
29 0.58046875 0.7515625 0.0046875 0.015625
29 0.36015625 0.778125 0.0046875 0.015625
29 0.2359375 0.8046875 0.0046875 0.015625
29 0.240625 0.8046875 0.0046875 0.015625
29 0.271875 0.8046875 0.0046875 0.015625
25 0.3140625 0.17421875 0.00625 0.015625
25 0.3296875 0.33828125 0.00625 0.015625
25 0.3375 0.728125 0.00625 0.015625
25 0.34453125 0.728125 0.00625 0.015625
25 0.60078125 0.728125 0.0078125 0.015625
25 0.259375 0.75390625 0.00625 0.015625
25 0.3390625 0.75390625 0.00625 0.015625
25 0.24609375 0.80859375 0.00625 0.015625
28 0.32734375 0.17265625 0.0046875 0.0125
28 0.43359375 0.3375 0.0078125 0.0140625
28 0.309375 0.38125 0.0046875 0.009375
28 0.3421875 0.38125 0.0046875 0.0125
28 0.2921875 0.659375 0.0046875 0.0125
28 0.3625 0.659375 0.0046875 0.0125
28 0.3140625 0.69921875 0.00625 0.0125
28 0.4703125 0.69921875 0.00625 0.0140625
28 0.55546875 0.69921875 0.0046875 0.0140625
28 0.36484375 0.72578125 0.00625 0.0125
28 0.45234375 0.72578125 0.00625 0.0125
28 0.26640625 0.753125 0.0046875 0.0125
28 0.3453125 0.753125 0.00625 0.0125
28 0.5984375 0.753125 0.0046875 0.0125
28 0.365625 0.7796875 0.0046875 0.0125
25 0.259375 0.26015625 0.0078125 0.015625
31 0.2921875 0.26015625 0.0078125 0.0140625
15 0.36484375 0.26015625 0.00625 0.015625
10 0.40390625 0.26015625 0.00625 0.0140625
12 0.409375 0.2609375 0.00625 0.0125
31 0.421875 0.2625 0.0046875 0.0125
12 0.5015625 0.2625 0.00625 0.0125
12 0.48359375 0.26015625 0.0078125 0.0140625
28 0.2453125 0.3359375 0.0078125 0.0171875
12 0.3015625 0.3375 0.00625 0.0125
12 0.490625 0.3375 0.0078125 0.0140625
12 0.496875 0.3375 0.00625 0.0140625
12 0.28984375 0.38125 0.00625 0.009375
12 0.2546875 0.69921875 0.0078125 0.0140625
12 0.2859375 0.69921875 0.00625 0.0140625
12 0.39453125 0.69921875 0.00625 0.0140625
12 0.515625 0.72578125 0.00625 0.0125
12 0.4890625 0.753125 0.00625 0.0125
12 0.5203125 0.753125 0.00625 0.0125
15 0.3640625 0.33515625 0.0046875 0.015625
15 0.278125 0.696875 0.0046875 0.015625
15 0.58828125 0.696875 0.0046875 0.015625
15 0.55625 0.7234375 0.0046875 0.015625
15 0.5125 0.7515625 0.0046875 0.015625
15 0.34140625 0.778125 0.003125 0.015625
15 0.3453125 0.77734375 0.0046875 0.015625
22 0.38359375 0.33671875 0.0078125 0.0125
22 0.471875 0.3375 0.009375 0.0125
22 0.575 0.72578125 0.0078125 0.0125
34 0.3953125 0.3390625 0.0046875 0.015625
34 0.2609375 0.3828125 0.0046875 0.0140625
34 0.26875 0.3828125 0.0046875 0.0140625
34 0.32421875 0.66171875 0.00625 0.0125
34 0.3875 0.728125 0.00625 0.0171875
34 0.49296875 0.728125 0.00625 0.0171875
34 0.28359375 0.78125 0.00625 0.0171875
34 0.2828125 0.80859375 0.00625 0.0171875
30 0.40859375 0.3375 0.00625 0.0125
30 0.5109375 0.33671875 0.00625 0.0125
30 0.28046875 0.38125 0.0046875 0.009375
30 0.2765625 0.66015625 0.0046875 0.0109375
30 0.35625 0.659375 0.0046875 0.0109375
30 0.2828125 0.72578125 0.0046875 0.0125
30 0.4 0.72578125 0.00625 0.0125
30 0.50625 0.72578125 0.0046875 0.0125
30 0.575 0.753125 0.00625 0.0125
30 0.31796875 0.753125 0.00625 0.0125
30 0.2484375 0.7796875 0.0046875 0.0125
30 0.296875 0.7796875 0.0046875 0.0125
18 0.421875 0.33515625 0.003125 0.015625
24 0.2453125 0.38046875 0.0078125 0.0140625
28 0.2703125 0.63125 0.0078125 0.015625
34 0.2984375 0.63515625 0.00625 0.015625
22 0.309375 0.63203125 0.009375 0.015625
25 0.2703125 0.65859375 0.00625 0.0125
11 0.28203125 0.65859375 0.0046875 0.0125
11 0.31875 0.65859375 0.0046875 0.0125
11 0.2640625 0.80390625 0.00625 0.015625
28 0.3328125 0.65859375 0.00625 0.0125
14 0.33828125 0.65859375 0.0046875 0.0125
22 0.3453125 0.65859375 0.0078125 0.0125
28 0.23125 0.69765625 0.0078125 0.0171875
28 0.2390625 0.69765625 0.0078125 0.015625
21 0.2453125 0.69765625 0.00625 0.015625
31 0.43671875 0.69921875 0.00625 0.0125
16 0.23203125 0.72421875 0.0078125 0.015625
11 0.27578125 0.72421875 0.0078125 0.015625
27 0.28203125 0.7515625 0.0078125 0.0171875
28 0.465625 0.7515625 0.0078125 0.0171875
28 0.4734375 0.7515625 0.0078125 0.0171875
21 0.4796875 0.7515625 0.00625 0.015625
28 0.3109375 0.778125 0.0078125 0.015625
14 0.31796875 0.778125 0.00625 0.015625
24 0.32578125 0.778125 0.0078125 0.015625
14 0.3359375 0.7796875 0.00625 0.0125
32 0.3015625 0.8046875 0.0109375 0.015625
27 0.3109375 0.8046875 0.0078125 0.015625
18 0.31640625 0.80390625 0.0015625 0.015625
4 0.32109375 0.80390625 0.00625 0.015625
24 0.32890625 0.80390625 0.0078125 0.015625
19 0.334375 0.80546875 0.003125 0.0203125
11 0.73125 0.05625 0.0078125 0.015625
24 0.7375 0.0578125 0.0078125 0.0125
24 0.74453125 0.0578125 0.0078125 0.0140625
24 0.76875 0.0578125 0.0078125 0.0140625
24 0.6703125 0.11875 0.00625 0.0109375
24 0.6890625 0.11875 0.00625 0.0125
24 0.74375 0.190625 0.00625 0.0125
24 0.75234375 0.19140625 0.00625 0.0109375
24 0.6890625 0.30390625 0.00625 0.0109375
24 0.7171875 0.35703125 0.00625 0.0125
24 0.70390625 0.39140625 0.0046875 0.0109375
24 0.68046875 0.5328125 0.00625 0.0109375
24 0.72734375 0.5328125 0.00625 0.0109375
24 0.8625 0.5328125 0.0078125 0.0125
24 0.6828125 0.55546875 0.0046875 0.0125
24 0.740625 0.578125 0.0046875 0.0109375
24 0.82578125 0.578125 0.00625 0.0109375
24 0.70390625 0.66484375 0.00625 0.0125
24 0.7 0.80703125 0.00625 0.0125
24 0.725 0.80703125 0.0046875 0.0109375
24 0.74375 0.80703125 0.0046875 0.0109375
24 0.81328125 0.80625 0.00625 0.0125
24 0.8359375 0.8953125 0.00625 0.0125
24 0.66171875 0.91796875 0.00625 0.0109375
24 0.81875 0.96875 0.0046875 0.0109375
24 0.65703125 0.9921875 0.0046875 0.0109375
24 0.6625 0.9921875 0.00625 0.0109375
24 0.70390625 0.9921875 0.00625 0.0109375
20 0.75078125 0.05625 0.00625 0.0171875
20 0.6765625 0.35625 0.0046875 0.0140625
20 0.678125 0.3890625 0.0046875 0.0140625
20 0.715625 0.4640625 0.0046875 0.0140625
20 0.675 0.6296875 0.0046875 0.0125
20 0.678125 0.66328125 0.0046875 0.0125
20 0.75390625 0.80546875 0.0046875 0.0140625
20 0.66875 0.990625 0.0046875 0.0140625
23 0.7609375 0.05625 0.0078125 0.015625
32 0.7765625 0.0578125 0.0078125 0.0140625
32 0.7375 0.80703125 0.0078125 0.0109375
31 0.64921875 0.1171875 0.00625 0.015625
18 0.65390625 0.1171875 0.003125 0.0140625
18 0.6625 0.1171875 0.0015625 0.015625
18 0.67265625 0.35546875 0.003125 0.0140625
18 0.6734375 0.3890625 0.0015625 0.0140625
18 0.75078125 0.55390625 0.0015625 0.0125
18 0.76875 0.55390625 0.0015625 0.0125
18 0.80234375 0.5765625 0.0015625 0.0125
18 0.67109375 0.6296875 0.0015625 0.0125
18 0.6734375 0.66328125 0.0015625 0.0125
18 0.7328125 0.7375 0.0015625 0.0125
18 0.68125 0.8046875 0.0015625 0.0140625
18 0.83125 0.80546875 0.0015625 0.0140625
18 0.66796875 0.89296875 0.0015625 0.0140625
18 0.7453125 0.89375 0.0015625 0.0140625
18 0.728125 0.91640625 0.0015625 0.0140625
18 0.6578125 0.9671875 0.0015625 0.0140625
18 0.75859375 0.96796875 0.0015625 0.0140625
18 0.76640625 0.9671875 0.0015625 0.0140625
18 0.82265625 0.96796875 0.0015625 0.015625
18 0.67265625 0.98984375 0.0015625 0.0140625
28 0.6578125 0.11875 0.0046875 0.0125
28 0.69453125 0.11875 0.00625 0.0125
28 0.70390625 0.11875 0.0046875 0.0125
28 0.68671875 0.3578125 0.0046875 0.0125
28 0.7640625 0.39140625 0.0046875 0.0125
28 0.76953125 0.39140625 0.0046875 0.0125
28 0.72578125 0.48828125 0.0046875 0.0125
28 0.71015625 0.5328125 0.0046875 0.0125
28 0.79296875 0.5328125 0.00625 0.0125
28 0.759375 0.55546875 0.0046875 0.0109375
28 0.77265625 0.55625 0.0046875 0.0109375
28 0.81171875 0.578125 0.0046875 0.0125
28 0.7640625 0.6640625 0.0046875 0.0109375
28 0.76953125 0.6640625 0.0046875 0.0109375
28 0.68515625 0.80703125 0.0046875 0.0125
28 0.71015625 0.80703125 0.0046875 0.0125
28 0.82421875 0.80625 0.0046875 0.0109375
28 0.671875 0.8953125 0.0046875 0.0109375
28 0.74921875 0.8953125 0.0046875 0.0125
28 0.81328125 0.8953125 0.0046875 0.0125
28 0.6984375 0.91796875 0.00625 0.0125
28 0.725 0.91796875 0.0046875 0.0109375
28 0.76953125 0.91796875 0.0046875 0.0125
28 0.715625 0.96953125 0.0046875 0.0125
28 0.7625 0.96953125 0.0046875 0.0109375
28 0.8375 0.96953125 0.0046875 0.0125
28 0.68125 0.9921875 0.0046875 0.0140625
29 0.665625 0.1171875 0.0046875 0.0125
29 0.75078125 0.35703125 0.0046875 0.0125
29 0.7375 0.390625 0.003125 0.0140625
29 0.7296875 0.48671875 0.003125 0.0140625
29 0.7375 0.2125 0.003125 0.0140625
29 0.7859375 0.4875 0.003125 0.0140625
29 0.70625 0.53203125 0.0046875 0.0125
29 0.8578125 0.53203125 0.0046875 0.0125
29 0.65859375 0.5546875 0.0046875 0.0140625
29 0.7765625 0.5546875 0.003125 0.0140625
29 0.68828125 0.57734375 0.003125 0.0125
29 0.69140625 0.57734375 0.003125 0.0125
29 0.73515625 0.5765625 0.003125 0.0125
29 0.73671875 0.6640625 0.0046875 0.0125
29 0.7140625 0.7390625 0.003125 0.0125
29 0.7828125 0.7375 0.0046875 0.0125
29 0.67265625 0.80546875 0.003125 0.0140625
29 0.7296875 0.80546875 0.003125 0.0125
29 0.834375 0.80625 0.003125 0.0125
29 0.6703125 0.9171875 0.003125 0.0125
29 0.76484375 0.9171875 0.003125 0.0125
29 0.75546875 0.96875 0.003125 0.0125
29 0.7 0.1171875 0.0046875 0.0140625
27 0.675 0.11875 0.003125 0.0109375
27 0.69375 0.30390625 0.003125 0.0109375
27 0.69765625 0.5328125 0.003125 0.0109375
27 0.73828125 0.5328125 0.003125 0.0109375
27 0.6703125 0.578125 0.003125 0.0109375
27 0.7921875 0.73984375 0.0046875 0.0109375
27 0.7453125 0.7625 0.0046875 0.0109375
27 0.79140625 0.80625 0.0046875 0.0109375
27 0.7203125 0.8953125 0.003125 0.0109375
27 0.66640625 0.91796875 0.003125 0.0109375
27 0.715625 0.91796875 0.003125 0.0109375
27 0.65546875 0.96875 0.003125 0.0109375
27 0.70234375 0.96953125 0.003125 0.0109375
27 0.7515625 0.96953125 0.0046875 0.0109375
27 0.709375 0.9921875 0.003125 0.0109375
25 0.6828125 0.1171875 0.00625 0.0140625
25 0.70234375 0.18984375 0.0046875 0.0140625
10 0.70859375 0.19140625 0.00625 0.0125
10 0.71015625 0.2140625 0.00625 0.0125
10 0.7328125 0.2140625 0.00625 0.0125
10 0.77421875 0.39140625 0.0046875 0.0125
10 0.78046875 0.48828125 0.00625 0.0125
10 0.7015625 0.5328125 0.0046875 0.0125
10 0.7453125 0.5328125 0.00625 0.0125
10 0.7875 0.5328125 0.0046875 0.0125
10 0.8265625 0.5328125 0.0046875 0.0109375
10 0.71015625 0.55546875 0.00625 0.0125
10 0.72421875 0.55546875 0.0046875 0.0109375
10 0.7640625 0.578125 0.00625 0.0125
10 0.775 0.578125 0.0046875 0.0125
10 0.775 0.66484375 0.0046875 0.0109375
10 0.709375 0.73984375 0.00625 0.0125
10 0.725 0.73984375 0.0046875 0.0109375
10 0.75078125 0.73984375 0.00625 0.0125
10 0.79453125 0.7625 0.0046875 0.0125
10 0.7609375 0.80625 0.00625 0.0125
10 0.725 0.8953125 0.0046875 0.0109375
10 0.74140625 0.8953125 0.0046875 0.0125
10 0.7671875 0.8953125 0.00625 0.0125
10 0.778125 0.8953125 0.0046875 0.0125
10 0.78984375 0.8953125 0.0046875 0.0125
10 0.82421875 0.8953125 0.0046875 0.0125
10 0.71953125 0.91796875 0.0046875 0.0125
10 0.6671875 0.96953125 0.0046875 0.0125
29 0.79921875 0.7609375 0.0046875 0.0125
30 0.7140625 0.19140625 0.00625 0.0109375
30 0.70859375 0.48828125 0.00625 0.0109375
30 0.7203125 0.48828125 0.00625 0.0109375
30 0.675 0.91796875 0.00625 0.0109375
30 0.68671875 0.91796875 0.0046875 0.0109375
30 0.76015625 0.91796875 0.0046875 0.0109375
21 0.71875 0.18984375 0.0015625 0.0140625
21 0.7484375 0.18984375 0.0015625 0.0140625
21 0.67109375 0.3890625 0.0015625 0.0140625
21 0.76640625 0.55390625 0.0015625 0.0125
21 0.67109375 0.66328125 0.0015625 0.0125
21 0.7296875 0.73671875 0.0015625 0.0125
21 0.665625 0.89375 0.0015625 0.0140625
21 0.83984375 0.89375 0.0015625 0.0140625
21 0.73125 0.91640625 0.0015625 0.0140625
29 0.72578125 0.18984375 0.00625 0.0140625
22 0.7359375 0.190625 0.0078125 0.0140625
23 0.75859375 0.19140625 0.00625 0.0125
23 0.7453125 0.3578125 0.00625 0.0125
23 0.6671875 0.39140625 0.0046875 0.0109375
23 0.7328125 0.39140625 0.0046875 0.0125
23 0.709375 0.465625 0.00625 0.0109375
23 0.68671875 0.5328125 0.0046875 0.0109375
23 0.7625 0.5328125 0.0046875 0.0109375
23 0.81875 0.5328125 0.0046875 0.0109375
23 0.74140625 0.55546875 0.0046875 0.0109375
23 0.79296875 0.578125 0.0046875 0.0109375
23 0.6671875 0.66484375 0.0046875 0.0109375
23 0.7328125 0.66484375 0.0046875 0.0109375
23 0.75703125 0.73984375 0.0046875 0.0109375
23 0.778125 0.73984375 0.0046875 0.0109375
23 0.71875 0.80625 0.0046875 0.0125
23 0.7671875 0.80625 0.0046875 0.0109375
23 0.65546875 0.8953125 0.0046875 0.0109375
23 0.7296875 0.8953125 0.0046875 0.0125
23 0.77265625 0.8953125 0.00625 0.0125
23 0.7703125 0.96953125 0.00625 0.0125
14 0.7640625 0.19140625 0.0046875 0.0109375
14 0.665625 0.30390625 0.0046875 0.0125
14 0.67109375 0.30390625 0.00625 0.0125
14 0.69765625 0.30390625 0.0046875 0.0125
14 0.68125 0.35703125 0.0046875 0.0125
14 0.73984375 0.35703125 0.00625 0.0125
14 0.6828125 0.39140625 0.00625 0.0125
14 0.72734375 0.39140625 0.0046875 0.0125
14 0.759375 0.39140625 0.0046875 0.0125
14 0.7859375 0.39140625 0.00625 0.0125
14 0.7203125 0.465625 0.00625 0.0125
14 0.75703125 0.5328125 0.00625 0.0125
14 0.80703125 0.5328125 0.00625 0.0125
14 0.8125 0.5328125 0.00625 0.0109375
14 0.84453125 0.5328125 0.00625 0.0125
14 0.66953125 0.55546875 0.00625 0.0125
14 0.7359375 0.55546875 0.00625 0.0125
14 0.7546875 0.55546875 0.0046875 0.0125
14 0.665625 0.578125 0.0046875 0.0109375
14 0.675 0.578125 0.0046875 0.0125
14 0.7875 0.578125 0.0046875 0.0125
14 0.80625 0.578125 0.0046875 0.0125
14 0.68046875 0.63125 0.00625 0.0109375
14 0.6828125 0.66484375 0.00625 0.0125
14 0.72734375 0.66484375 0.0046875 0.0109375
14 0.759375 0.66484375 0.0046875 0.0125
14 0.78671875 0.66484375 0.00625 0.0125
14 0.7359375 0.73984375 0.0046875 0.0125
14 0.771875 0.73984375 0.0046875 0.0125
14 0.78828125 0.73984375 0.00625 0.0125
14 0.81015625 0.73984375 0.00625 0.0125
14 0.709375 0.7625 0.00625 0.0125
14 0.7203125 0.7625 0.00625 0.0109375
14 0.740625 0.7625 0.0046875 0.0125
14 0.7046875 0.80703125 0.00625 0.0125
14 0.79609375 0.80703125 0.00625 0.0125
14 0.81953125 0.80703125 0.0046875 0.0125
14 0.69765625 0.96953125 0.00625 0.0109375
14 0.746875 0.96953125 0.00625 0.0109375
14 0.83203125 0.96953125 0.0046875 0.0125
14 0.6765625 0.9921875 0.00625 0.0125
14 0.71328125 0.9921875 0.00625 0.0125
34 0.7703125 0.19296875 0.00625 0.0140625
34 0.715625 0.2171875 0.0046875 0.015625
34 0.7734375 0.534375 0.0046875 0.015625
34 0.77265625 0.80859375 0.0046875 0.0140625
34 0.678125 0.971875 0.0046875 0.0140625
22 0.70390625 0.2125 0.0078125 0.0140625
5 0.725 0.2125 0.00625 0.015625
2 0.7453125 0.2125 0.00625 0.015625
1 0.7546875 0.2125 0.0046875 0.0140625
0 0.7609375 0.2125 0.00625 0.0140625
25 0.7703125 0.2125 0.0046875 0.0140625
22 0.77734375 0.2125 0.009375 0.0140625
28 0.66015625 0.30234375 0.00625 0.015625
22 0.68125 0.30234375 0.0078125 0.0140625
21 0.66875 0.35625 0.0046875 0.0140625
12 0.7109375 0.35625 0.0078125 0.015625
22 0.725 0.35703125 0.0078125 0.0125
22 0.7328125 0.35703125 0.0078125 0.009375
22 0.7109375 0.39140625 0.0078125 0.0109375
22 0.71953125 0.39140625 0.0078125 0.0125
22 0.71171875 0.6640625 0.0078125 0.0109375
22 0.71953125 0.66484375 0.0078125 0.0109375
22 0.72734375 0.7625 0.0078125 0.0109375
22 0.8171875 0.7390625 0.0078125 0.0109375
22 0.7796875 0.80625 0.0078125 0.0125
22 0.70859375 0.96953125 0.0078125 0.0109375
24 0.78671875 0.80625 0.0046875 0.0125
30 0.66015625 0.3890625 0.0078125 0.0140625
12 0.69765625 0.3890625 0.0078125 0.0140625
22 0.7515625 0.3890625 0.0078125 0.0140625
16 0.78046875 0.39296875 0.00625 0.015625
16 0.7140625 0.4890625 0.0046875 0.015625
16 0.6921875 0.534375 0.00625 0.0125
16 0.75078125 0.534375 0.00625 0.015625
16 0.7296875 0.55703125 0.00625 0.015625
16 0.78203125 0.5796875 0.00625 0.0125
16 0.78046875 0.66640625 0.0046875 0.0125
16 0.79765625 0.74140625 0.0046875 0.0125
16 0.66171875 0.896875 0.0046875 0.015625
16 0.68125 0.91953125 0.0046875 0.0140625
16 0.7765625 0.971875 0.0046875 0.0140625
27 0.70234375 0.4640625 0.00625 0.0140625
13 0.7265625 0.4640625 0.00625 0.0140625
10 0.70234375 0.48671875 0.00625 0.0140625
5 0.74375 0.48671875 0.00625 0.0140625
2 0.771875 0.48671875 0.0078125 0.015625
3 0.7921875 0.48671875 0.0046875 0.0140625
3 0.80625 0.48671875 0.00625 0.0140625
10 0.815625 0.48671875 0.0078125 0.0140625
22 0.8234375 0.48671875 0.0078125 0.0140625
12 0.67421875 0.53125 0.0078125 0.015625
34 0.721875 0.53125 0.00625 0.0140625
30 0.73359375 0.5328125 0.0046875 0.0125
12 0.76796875 0.5328125 0.0046875 0.0109375
17 0.78203125 0.53125 0.0046875 0.0140625
11 0.8015625 0.53125 0.0046875 0.0140625
13 0.8328125 0.53125 0.0046875 0.015625
13 0.83828125 0.53046875 0.0046875 0.015625
13 0.85 0.53125 0.0046875 0.015625
13 0.715625 0.5546875 0.0046875 0.015625
13 0.7703125 0.5765625 0.0046875 0.0125
13 0.69375 0.80546875 0.00625 0.0140625
13 0.80703125 0.80546875 0.00625 0.0140625
17 0.66328125 0.5546875 0.0046875 0.0140625
29 0.678125 0.5546875 0.00625 0.0140625
25 0.6890625 0.55625 0.00625 0.0125
1 0.6953125 0.55390625 0.00625 0.0125
12 0.746875 0.55546875 0.0046875 0.0125
17 0.659375 0.5765625 0.00625 0.0125
17 0.68359375 0.5765625 0.0046875 0.0125
25 0.696875 0.5796875 0.0046875 0.0125
32 0.7125 0.578125 0.0078125 0.0109375
32 0.7203125 0.578125 0.0078125 0.0109375
32 0.728125 0.578125 0.0078125 0.0109375
1 0.75234375 0.5765625 0.00625 0.015625
12 0.7984375 0.578125 0.00625 0.0109375
12 0.81953125 0.578125 0.00625 0.0109375
22 0.8328125 0.578125 0.0078125 0.0109375
21 0.6671875 0.6296875 0.0046875 0.0125
30 0.6609375 0.66328125 0.0078125 0.0125
12 0.69765625 0.66328125 0.0078125 0.015625
22 0.75234375 0.66328125 0.0078125 0.0125
23 0.703125 0.7375 0.0078125 0.0125
17 0.71953125 0.7375 0.0046875 0.0125
31 0.7453125 0.7390625 0.0078125 0.0125
27 0.76640625 0.7375 0.00625 0.015625
17 0.80390625 0.7375 0.0046875 0.015625
13 0.703125 0.76015625 0.0078125 0.0125
12 0.71484375 0.7625 0.0046875 0.0109375
11 0.73515625 0.76015625 0.0046875 0.0125
3 0.75859375 0.76015625 0.0046875 0.015625
0 0.7859375 0.7609375 0.00625 0.015625
0 0.80625 0.76015625 0.00625 0.0125
2 0.821875 0.76015625 0.00625 0.0125
10 0.83125 0.76015625 0.0078125 0.0125
22 0.8390625 0.76015625 0.0078125 0.015625
17 0.67734375 0.80546875 0.0046875 0.0140625
27 0.74921875 0.80625 0.003125 0.0109375
14 0.65 0.89453125 0.0046875 0.0140625
17 0.678125 0.89375 0.0046875 0.0140625
30 0.690625 0.89453125 0.00625 0.0140625
28 0.696875 0.89453125 0.00625 0.0140625
15 0.715625 0.89453125 0.00625 0.015625
12 0.7609375 0.89375 0.0078125 0.0140625
13 0.784375 0.89375 0.0046875 0.0140625
14 0.8078125 0.89453125 0.0046875 0.0140625
25 0.81875 0.896875 0.00625 0.0140625
25 0.65546875 0.91640625 0.0046875 0.0140625
11 0.71015625 0.915625 0.00625 0.0140625
13 0.7484375 0.91640625 0.00625 0.0140625
14 0.7546875 0.91796875 0.0046875 0.0109375
12 0.77421875 0.91796875 0.0046875 0.0125
17 0.78046875 0.91640625 0.0046875 0.015625
25 0.65 0.96796875 0.00625 0.0140625
31 0.6625 0.96875 0.0046875 0.0109375
12 0.67265625 0.96875 0.0046875 0.0109375
29 0.6921875 0.96796875 0.00625 0.0140625
10 0.7296875 0.96796875 0.0078125 0.0140625
13 0.7359375 0.96796875 0.0046875 0.015625
31 0.74140625 0.96953125 0.0046875 0.0109375
10 0.790625 0.96796875 0.00625 0.0140625
13 0.79765625 0.96796875 0.0046875 0.015625
12 0.80625 0.96796875 0.0078125 0.015625
17 0.81328125 0.96796875 0.0046875 0.0140625
12 0.82734375 0.96953125 0.00625 0.0125
12 0.65 0.990625 0.0078125 0.0140625
22 0.696875 0.990625 0.0078125 0.0140625
18 0.6578125 0.2578125 0.0015625 0.0140625
27 0.665625 0.2578125 0.00625 0.0140625
27 0.73515625 0.2578125 0.00625 0.0140625
27 0.8296875 0.2578125 0.00625 0.015625
14 0.671875 0.2578125 0.0046875 0.0140625
14 0.684375 0.2578125 0.00625 0.0140625
14 0.74765625 0.2578125 0.0046875 0.015625
14 0.815625 0.2578125 0.0046875 0.0140625
14 0.70546875 0.2796875 0.0046875 0.015625
14 0.75546875 0.2796875 0.0046875 0.0140625
14 0.7671875 0.2796875 0.0046875 0.015625
12 0.678125 0.2578125 0.00625 0.015625
12 0.83671875 0.2796875 0.0078125 0.0140625
23 0.690625 0.2578125 0.0078125 0.0140625
23 0.7390625 0.2796875 0.0078125 0.0140625
23 0.79609375 0.2796875 0.0078125 0.0140625
29 0.69765625 0.2578125 0.00625 0.0140625
21 0.70390625 0.2578125 0.0046875 0.0140625
21 0.77421875 0.2796875 0.0046875 0.0140625
34 0.709375 0.25703125 0.00625 0.0140625
34 0.68828125 0.2796875 0.00625 0.015625
32 0.71953125 0.2578125 0.009375 0.0140625
32 0.76484375 0.2578125 0.009375 0.015625
24 0.728125 0.25703125 0.0078125 0.0140625
24 0.83671875 0.2578125 0.0078125 0.0140625
24 0.73125 0.2796875 0.0078125 0.015625
24 0.7796875 0.2796875 0.0078125 0.015625
20 0.74140625 0.2578125 0.00625 0.0140625
13 0.7546875 0.2578125 0.0078125 0.0140625
18 0.77109375 0.2578125 0.0015625 0.0140625
29 0.77578125 0.25703125 0.00625 0.0140625
17 0.7828125 0.2578125 0.0078125 0.015625
19 0.79140625 0.2578125 0.0046875 0.015625
14 0.796875 0.2578125 0.0046875 0.015625
28 0.803125 0.2578125 0.0046875 0.0140625
28 0.809375 0.2578125 0.00625 0.0140625
15 0.82421875 0.25703125 0.00625 0.0140625
22 0.8453125 0.2578125 0.0078125 0.0140625
28 0.66015625 0.2796875 0.00625 0.0140625
29 0.66640625 0.2796875 0.0046875 0.0140625
18 0.6703125 0.2796875 0.003125 0.0125
20 0.675 0.2796875 0.0046875 0.0140625
20 0.68125 0.2796875 0.00625 0.0140625
22 0.6984375 0.2796875 0.0078125 0.0140625
13 0.7125 0.2796875 0.0078125 0.015625
18 0.7171875 0.2796875 0.0015625 0.0140625
10 0.721875 0.2796875 0.00625 0.0140625
13 0.74921875 0.2796875 0.00625 0.0140625
31 0.76171875 0.2796875 0.00625 0.0140625
25 0.7875 0.2796875 0.00625 0.015625
18 0.79140625 0.2796875 0.0015625 0.0140625
16 0.80390625 0.2796875 0.0078125 0.015625
10 0.81328125 0.2796875 0.00625 0.0140625
10 0.846875 0.2796875 0.00625 0.0140625
28 0.82265625 0.2796875 0.00625 0.0140625
24 0.8296875 0.2796875 0.0078125 0.015625
18 0.8421875 0.27890625 0.0015625 0.0140625