18 0.5116609497085575 0.5130036039147312 0.011920845792955603 0.014189769334818081
18 0.5203625044394755 0.06482973325114014 0.012030106436617416 0.015752269334818082
18 0.4760990522099025 0.09500812925686715 0.012030106436617416 0.015752269334818082
18 0.49896275184158545 0.04712461258754912 0.01024908514929379 0.012609088001272717
18 0.49140625 0.00703125 0.0140625 0.0140625
18 0.4842882466458054 0.011387107256548989 0.013592606436617416 0.015770450668363578
18 0.4589222598873571 0.028075167926503396 0.012030106436617416 0.015752269334818082
18 0.3884023102556742 0.07651321526895752 0.013592606436617416 0.015770450668363533
18 0.32942079416413084 0.11623024327659355 0.013592606436617416 0.015770450668363623
18 0.26218973549794045 0.16228817795195677 0.013592606436617416 0.015770450668363533
18 0.240058009383154 0.17737737595482023 0.013592606436617327 0.015770450668363623
18 0.33584003896835063 0.08024728994272992 0.013592606436617416 0.015770450668363533
18 0.409375 0.003125 0.0125 0.00625
18 0.2569666399570864 0.10302226595322943 0.013592606436617327 0.015770450668363533
18 0.2512247383479321 0.10699215062063847 0.013592606436617416 0.015770450668363533
18 0.21844508933666779 0.1292307772915474 0.013592606436617327 0.015770450668363623
18 0.17501751742892568 0.15861883263050167 0.013592606436617327 0.015770450668363533
20 0.5181841013177119 0.5090246285805493 0.013483345792955603 0.014207950668363622
20 0.5162377331521519 0.06800018658500377 0.016936127723940864 0.018931813335454527
20 0.5097145815429978 0.07197916191918555 0.016936127723940687 0.01893181333545444
20 0.2654786264634331 0.15990806528486584 0.016936127723940864 0.01893181333545444
20 0.33912892993384325 0.07786717727563901 0.016936127723940864 0.01893181333545444
14 0.5257616545360205 0.501130312579595 0.01181158514929379 0.012627269334818081
14 0.48691086607187295 0.08551495058882175 0.015045845792955603 0.014226132001908986
14 0.48435394862327674 0.05510074458945811 0.01181158514929379 0.012627269334818081
14 0.50078125 0.0015625 0.0140625 0.003125
14 0.4656639327838349 0.020971192592321587 0.015045845792955603 0.014226132001908986
14 0.41086181830144586 0.056736517266094036 0.015155106436617416 0.015788632001908987
14 0.37797290864651983 0.08053764393700291 0.015045845792955603 0.014226132001908986
14 0.342685618669763 0.10514729260822997 0.015045845792955603 0.014226132001908986
14 0.4081410098873571 0.028666061266730346 0.015045845792955603 0.014226132001908986
14 0.29753700963525553 0.10333080128104788 0.015045845792955603 0.014226132001908986
14 0.2344307222563887 0.1462182826225475 0.015045845792955603 0.014226132001908986
14 0.3776558343929892 0.018092187937639226 0.015155106436617416 0.015788632001908987
14 0.3145495470141224 0.06097966927913885 0.015155106436617416 0.015788632001908987
14 0.26699720381905684 0.09353817795195676 0.015155106436617416 0.015788632001908987
14 0.2317645441641308 0.11736657662318381 0.015155106436617416 0.015788632001908987
13 0.48184095381905684 0.09103824458945811 0.016936127723940864 0.01893181333545444
13 0.4793386666922915 0.05984278859009442 0.015155106436617416 0.015788632001908987
24 0.4791323089951664 0.4423462059198219 0.015155106436617416 0.015788632001908987
24 0.4402433157035558 0.03844050326227597 0.015045845792955603 0.014226132001908986
24 0.43043127312890894 0.04479959126354869 0.015045845792955603 0.014226132001908986
24 0.3657078554282112 0.08848650393859377 0.015045845792955603 0.014226132001908986
24 0.3033828180493443 0.13136489461332063 0.015045845792955603 0.014226132001908986
24 0.20911401198104404 0.1956915712921837 0.015045845792955603 0.014226132001908986
24 0.38522803377257064 0.043764349936366555 0.015045845792955603 0.014226132001908986
24 0.3712912199106002 0.05329389127150286 0.015045845792955603 0.014226132001908986
24 0.2770770441641308 0.11683931795036591 0.015045845792955603 0.014226132001908986
24 0.21887677807258746 0.1565472552912292 0.015045845792955603 0.014226132001908986
24 0.38830375728946703 0.010942759269593849 0.015155106436617416 0.015788632001909032
24 0.3481650763472176 0.03795070194145724 0.015155106436617416 0.015788632001908987
24 0.32843173055426195 0.05223137794400259 0.015155106436617416 0.015788632001908987
24 0.20310966644018996 0.1364347499602291 0.015155106436617416 0.015788632001908987
24 0.18343095096906525 0.14993417596277445 0.015155106436617416 0.015788632001908987
21 0.5006345124852472 0.04554393125400367 0.01024908514929379 0.012609088001272717
21 0.43595465345073975 0.043954706596139606 0.012030106436617416 0.015752269334818082
21 0.22037929391202926 0.1908768019573656 0.013592606436617327 0.015770450668363623
21 0.38317921471482014 0.017247303270230184 0.012030106436617416 0.015752269334818082
21 0.18895433129089606 0.14908929129536536 0.013592606436617416 0.015770450668363623
32 0.29764091644019 0.1353347792807297 0.016717606436617415 0.015806813335454438
32 0.30896618253173336 0.09617228194622976 0.01671760643661733 0.015806813335454438
32 0.3423685444162324 0.042701836608866284 0.015045845792955603 0.014226132001908986
32 0.22273375158948383 0.12371657395768376 0.016717606436617415 0.015806813335454438
23 0.5076454390648958 0.5146115572485949 0.010139824505632156 0.011046588001272539
23 0.4675938754550269 0.45106722525463994 0.015045845792955603 0.014226132001909165
23 0.4467664673127102 0.034461527928094204 0.015045845792955603 0.014226132001908986
23 0.42463474119792366 0.04955072593095773 0.015045845792955603 0.014226132001908986
23 0.39185509218665937 0.07178935260186661 0.015045845792955603 0.014226132001908986
23 0.30990596965849865 0.12738591927913884 0.015045845792955603 0.014226132001908986
23 0.26982191903808006 0.15361261195100226 0.015045845792955603 0.014226132001908986
23 0.2288473577739997 0.18141089528963836 0.015045845792955603 0.014226132001908986
23 0.2566663551761096 0.1631330626193658 0.015045845792955603 0.014226132001908986
23 0.4023991082782027 0.03263594593413939 0.015045845792955603 0.014226132001908986
23 0.34419884218665936 0.0723438832750027 0.015045845792955603 0.014226132001908986
23 0.3303166586465198 0.08109217461013896 0.015045845792955603 0.014226132001908986
23 0.29095922770427035 0.10809102661522965 0.015045845792955603 0.014226132001908986
23 0.24669577547469737 0.13826942262095665 0.015045845792955603 0.014226132001908986
23 0.3620472598873571 0.02920241060632094 0.015045845792955603 0.014226132001908986
23 0.16949413710709482 0.1594637172979107 0.015045845792955603 0.014226132001908986
16 0.5235596521902319 0.4098240599140949 0.016936127723940687 0.01893181333545435
16 0.4174396002324311 0.05197629193191222 0.016936127723940687 0.01893181333545444
16 0.2503070945324479 0.16476828795354762 0.016936127723940864 0.018931813335454527
16 0.23386263970498486 0.17666885128900206 0.016936127723940864 0.01893181333545444
16 0.3239573980028581 0.08272739994432073 0.016936127723940864 0.018931813335454527
16 0.23950063450920478 0.14069498862191115 0.016936127723940864 0.01893181333545444
16 0.3188382092669385 0.05546546594527526 0.016936127723940864 0.01893181333545444
16 0.1622989961416022 0.1618892832988652 0.016936127723940864 0.01893181333545444
17 0.531448925823344 0.4979416779121859 0.013483345792955603 0.014207950668363622
17 0.4899865895887693 0.052693359922049064 0.013483345792955603 0.014207950668363622
17 0.4292786825317334 0.09477231926323046 0.01181158514929379 0.012627269334818081
17 0.3973895441641308 0.11543935526736666 0.013483345792955603 0.014207950668363622
17 0.3589115522099025 0.09637172927277553 0.016936127723940864 0.01893181333545444
17 0.44921875 0.00625 0.0171875 0.0125
17 0.43172597535848184 0.01512118193032137 0.016936127723940864 0.01893181333545444
17 0.3038962702789173 0.10169557594686607 0.016936127723940864 0.01893181333545444
17 0.2587969377275135 0.1326643126193658 0.016936127723940864 0.01893181333545444
17 0.20159644292329357 0.16923815929345637 0.016936127723940864 0.01893181333545444
17 0.35452433699087926 0.03631547660727548 0.016936127723940687 0.01893181333545444
17 0.20946892708385167 0.13479952462604733 0.016936127723940864 0.01893181333545444
10 0.53125 0.40625 0.015625 0.015625
10 0.5143649686500925 0.41851780724859483 0.015155106436617416 0.015788632001908987
10 0.4979751441444603 0.4296371205840493 0.015045845792955603 0.014226132001908986
10 0.4713569218880716 0.0958439232575035 0.015045845792955603 0.014226132001908986
10 0.47385884503665093 0.015411535924594367 0.015045845792955603 0.014226132001908986
10 0.4001046347613063 0.06544844593413938 0.015045845792955603 0.014226132001908986
10 0.3517164112444099 0.09879729527373002 0.015045845792955603 0.014226132001908986
10 0.28782887386554307 0.14169386728200237 0.015045845792955603 0.014226132001908986
10 0.27634507064723435 0.14963363661682044 0.011811585149293879 0.012627269334818081
10 0.22305082584301447 0.18616202995704745 0.015045845792955603 0.014226132001908986
10 0.4421875 0.00546875 0.015625 0.0109375
10 0.4253667147148201 0.01675640726450318 0.015045845792955603 0.014226132001908986
10 0.3491594937958137 0.06838308927436634 0.015045845792955603 0.014226132001908986
10 0.2516564270838517 0.13430862862032028 0.015045845792955603 0.014226132001908986
10 0.37269518278383484 0.022052981938275585 0.015045845792955603 0.014226132001908986
10 0.3022844937958137 0.0689285292807297 0.015155106436617416 0.015788632001908987
10 0.23995945641694688 0.1118069199554566 0.015155106436617416 0.015788632001908987
27 0.5192709899374159 0.4153382632479585 0.013483345792955603 0.014207950668363622
27 0.44243424639370377 0.08525186859486693 0.010139824505632156 0.011046588001272718
27 0.3932647728768074 0.11860980860123024 0.010139824505632156 0.011046588001272718
27 0.4953125 0.003125 0.0125 0.00625
27 0.4074636666922915 0.060679129933184896 0.01181158514929379 0.012627269334818081
27 0.280415211612727 0.14724443328295686 0.01024908514929388 0.012609088001272717
27 0.2034267406937206 0.1988802059595928 0.01024908514929388 0.012609088001272717
27 0.3614245470141224 0.06043422927277549 0.01181158514929379 0.012627269334818081
27 0.3548467650831372 0.0651944546069573 0.01181158514929379 0.012627269334818081
27 0.2237827993599109 0.1533677112905929 0.01024908514929388 0.012609088001272717
27 0.3670079114965114 0.025241616605684625 0.01181158514929379 0.012627269334818081
27 0.26209118253173336 0.09671772195259312 0.011811585149293879 0.012627269334818081
29 0.534375 0.40546875 0.009375 0.0140625
29 0.4625239632022108 0.4565905192552763 0.011920845792955603 0.014189769334818081
29 0.522870145404968 0.06245871125082196 0.01181158514929379 0.012627269334818081
29 0.49375 0.0046875 0.0125 0.009375
29 0.4705153237493275 0.01857289859168527 0.015264367080279052 0.017351132001908985
29 0.37362961607187295 0.0868330972708665 0.015264367080279052 0.017351132001908985
29 0.3253506531986382 0.11861944661045713 0.015264367080279052 0.017351132001908985
29 0.4391942679331288 0.008789365929366877 0.015264367080279229 0.017351132001908985
29 0.3900247944162324 0.04214730593573024 0.015264367080279052 0.017351132001908985
29 0.19747167163597007 0.17240861262731996 0.013592606436617327 0.015770450668363623
29 0.1941827806704775 0.17478872529441086 0.013592606436617416 0.015770450668363533
29 0.39375 0.00859375 0.015625 0.0171875
29 0.3341190018415854 0.049042743276593546 0.015264367080279052 0.017351132001908985
29 0.30958889540496803 0.06494046327977517 0.015264367080279052 0.017351132001908985
29 0.26036479156624076 0.09907965328613852 0.013592606436617416 0.015770450668363533
29 0.23661593512962345 0.1149682826225475 0.015264367080279052 0.017351132001908985
29 0.21448420901483695 0.13005748062541098 0.013592606436617416 0.015770450668363533
29 0.19318836322188132 0.14435633796150177 0.013592606436617416 0.015770450668363533
25 0.4190074540711583 0.018391632598684947 0.016936127723940687 0.01893181333545444
25 0.4116484221401732 0.023160948599639443 0.016936127723940687 0.01893181333545444
25 0.18787815034864658 0.1756427006285927 0.016936127723940864 0.018931813335454527
25 0.40390625 0.003125 0.0171875 0.00625
28 0.5359375 0.4 0.00625 0.015625
28 0.4956738608760928 0.04950472525463998 0.01181158514929379 0.012627269334818081
28 0.4342393341408878 0.0908115252625942 0.01181158514929379 0.012627269334818081
28 0.45496137956552624 0.028901871260366984 0.015045845792955603 0.014226132001908986
28 0.31731963191131474 0.12183535327818436 0.015045845792955603 0.014226132001908986
28 0.2427295413141392 0.17266260395450211 0.011811585149293879 0.012627269334818081
28 0.39671183699087925 0.03582458060154847 0.015045845792955603 0.014226132001908986
28 0.31805160542821115 0.08904103461172981 0.015045845792955603 0.014226132001908986
28 0.3984375 0.00546875 0.015625 0.0109375
28 0.17685316903808004 0.15469440129695622 0.011811585149293879 0.012627269334818081
12 0.520855633248697 0.5043098565802312 0.015045845792955603 0.014226132001908986
12 0.534375 0.4921875 0.009375 0.015625
12 0.4905614818916442 0.4351876865850038 0.015155106436617416 0.015788632001908987
12 0.48481958028248984 0.43915757125241284 0.015155106436617416 0.015788632001908987
12 0.4795461163239745 0.012222901257185326 0.015045845792955603 0.014226132001908986
12 0.3844960602556742 0.0765586686028211 0.015045845792955603 0.014226132001908986
12 0.2639214803021604 0.1263597686187295 0.015045845792955603 0.014226132001908986
12 0.27273910542821117 0.08956829328454771 0.015045845792955603 0.014226132001908986
12 0.24570135802610124 0.10783703528804756 0.015155106436617416 0.015788632001908987
15 0.4883583876112979 0.00899790392268538 0.015264367080279052 0.017351132001908985
15 0.21385614230287492 0.1948557772915474 0.013592606436617416 0.015770450668363623
15 0.22930617968174177 0.1525228266231838 0.013592606436617327 0.015770450668363533
15 0.2538416399570864 0.1030586286203203 0.013592606436617327 0.015770450668363623
22 0.5069513063972764 0.42406837324954927 0.016717606436617415 0.01580681333545435
22 0.21229899614160225 0.16130748062541098 0.015045845792955603 0.014226132001908986
34 0.46640162411764463 0.066238239258458 0.015155106436617416 0.015788632001908987
34 0.3755798821634163 0.047779687937639224 0.016936127723940864 0.01893181333545444
34 0.28214695641694687 0.11131602394972959 0.016936127723940864 0.01893181333545444
30 0.47333577706418123 0.4470973405872309 0.015045845792955603 0.014226132001908986
30 0.5081574353817249 0.03843086525304917 0.010139824505631978 0.011046588001272718
30 0.4383641054282112 0.08764107192873052 0.010139824505632156 0.011046588001272718
30 0.3655493183014459 0.057263775938911896 0.015045845792955603 0.014226132001908986
30 0.27211639255497644 0.12080011195100226 0.011811585149293879 0.012627269334818081
30 0.19736776483103563 0.14040463462763814 0.015045845792955603 0.014226132001908986
28 0.5293932970141224 0.0584797359166402 0.016936127723940864 0.01893181333545444
34 0.5034099512211668 0.0728331372533673 0.016936127723940687 0.01893181333545444
22 0.4933793873591964 0.08231722525463998 0.018498627723940862 0.01894999466899989
25 0.5145713263472176 0.036014389918867365 0.015155106436617416 0.015788632001908987
11 0.5038687731289089 0.04394506858691276 0.013483345792955603 0.014207950668363533
11 0.47192500443947544 0.06539335459104896 0.013483345792955603 0.014207950668363622
28 0.4596599512211668 0.07334221459263976 0.015155106436617416 0.015788632001908987
14 0.45469929961201244 0.07730300859327607 0.013483345792955603 0.014207950668363622
22 0.4481761480028581 0.08128198392745789 0.015155106436617416 0.015788632001908987
1 0.4055844564169469 0.10987969859963945 0.015264367080279052 0.017351132001908985
31 0.3468103899570864 0.10197683927436633 0.015045845792955603 0.014226132001908986
28 0.2939803208993359 0.07605068594845692 0.016936127723940864 0.01893181333545444
28 0.28745716929018156 0.08002966128263869 0.016936127723940864 0.01893181333545444
21 0.2824965176810273 0.08399045528327505 0.016936127723940864 0.01893181333545444
24 0.28125 0.55234375 0.015625 0.0140625
24 0.2747783087430649 0.518101825946866 0.010139824505632156 0.011046588001272718
24 0.22083884377614327 0.3852444199554566 0.01337408514929388 0.012645450668363622
24 0.17986428251206288 0.41304270329409276 0.01337408514929388 0.012645450668363622
24 0.06184662000714527 0.4932580093093647 0.015045845792955603 0.014226132001908986
24 0.20725159117825318 0.36744839262413825 0.011811585149293879 0.012627269334818081
24 0.14444023474163586 0.3837915552991834 0.010139824505632156 0.011046588001272539
24 0.06985014414446034 0.4346188059755011 0.01337408514929388 0.012645450668363622
24 0.12990212336133994 0.29028700330204693 0.015045845792955603 0.014226132001908986
24 0.05879158388878616 0.16855800131286455 0.015045845792955603 0.014226132001908986
24 0.036714488095830534 0.18286594931572808 0.010139824505632156 0.011046588001272627
24 0.020270033268367516 0.19476651265118256 0.010139824505632156 0.011046588001272718
24 0.034790991197923685 0.054086968650546206 0.01337408514929388 0.012645450668363622
20 0.31765422359377105 0.5300927486075937 0.013483345792955603 0.014207950668363622
20 0.29925378485785137 0.5029853559436844 0.013483345792955603 0.014207950668363622
20 0.2270945615930565 0.4632330599538658 0.013483345792955603 0.014207950668363622
20 0.17355928821204608 0.30226883529600174 0.013483345792955603 0.014207950668363622
20 0.15437759947612642 0.2751705332988652 0.011811585149293879 0.012627269334818081
20 0.012692480050058852 0.20266082865213705 0.011811585149293879 0.012627269334818081
32 0.024394804555690996 0.19159605931731888 0.01337408514929388 0.012645450668363622
18 0.3208338539156019 0.5292751359405028 0.011920845792955603 0.014189769334818081
18 0.302542675823344 0.5006052432765935 0.011920845792955603 0.014189769334818081
18 0.14894206444304808 0.40871882996500164 0.01024908514929388 0.012609088001272717
18 0.13093510961558508 0.42063757463400153 0.01024908514929388 0.012609088001272717
18 0.09181797929375421 0.4218733579726376 0.01024908514929388 0.012609088001272539
18 0.1784653094993695 0.2990892912953654 0.011920845792955603 0.014189769334818081
18 0.15766649044161904 0.2727904206317744 0.01024908514929388 0.012609088001272539
18 0.06588318202753027 0.24575630064450102 0.01024908514929388 0.012609088001272717
18 0.07663464775075657 0.15898300664386467 0.01024908514929388 0.012609088001272717
18 0.0416365708993359 0.07898697131604626 0.011920845792955603 0.014189769334818081
18 0.01128778922045226 0.01064605132081875 0.01024908514929388 0.012609088001272672
28 0.3071701916627858 0.534898427275639 0.011811585149293879 0.012627269334818081
28 0.221875 0.553125 0.0125 0.0125
28 0.21640625 0.5546875 0.0109375 0.009375
28 0.20469503770784298 0.44866202995704746 0.011811585149293879 0.012627269334818081
28 0.19463697669586416 0.40272282129218373 0.011811585149293879 0.012627269334818081
28 0.12249989674235037 0.4519602999681833 0.015045845792955603 0.014226132001909165
28 0.14002053251206287 0.41350632729950154 0.010139824505632156 0.011046588001272718
28 0.12702885961558508 0.4206830279678651 0.010139824505632156 0.011046588001272718
28 0.081333947362769 0.4266790366406831 0.011811585149293879 0.012627269334818081
28 0.07749838920078178 0.3252438059755011 0.010139824505632156 0.011046588001272718
28 0.07259236791345831 0.3284233499761374 0.010139824505632156 0.011046588001272539
28 0.07189251742892569 0.15981880064450102 0.011811585149293879 0.012627269334818081
28 0.04976079131413922 0.1749079986473645 0.011811585149293879 0.012627269334818081
28 0.0369490708993359 0.07904151531668262 0.010139824505632156 0.011046588001272718
28 0.00390625 0.07578125 0.0078125 0.0140625
29 0.2461234310191241 0.5371699992839114 0.011920845792955603 0.014189769334818081
29 0.20124225577685778 0.45338589262413825 0.011920845792955603 0.014189769334818081
29 0.15140079290362304 0.48519042329727446 0.011920845792955603 0.014189769334818081
29 0.19937910701769504 0.4018870272915474 0.011811585149293879 0.012627269334818081
29 0.066643380650807 0.49164096530872836 0.011811585149293879 0.012627269334818081
29 0.22921942632754705 0.3547029446212749 0.011811585149293879 0.012627269334818081
29 0.12519320800643075 0.42460745930141053 0.01024908514929388 0.012609088001272717
29 0.19182868697120883 0.3535767966263655 0.01024908514929388 0.012609088001272717
29 0.18859442632754705 0.3551756592934564 0.01024908514929388 0.012609088001272717
29 0.14918236506346672 0.3829557612985471 0.01024908514929388 0.012609088001272717
29 0.10124724563739913 0.3093551766390922 0.011811585149293879 0.012627269334818081
29 0.08232763685499327 0.23385573730904657 0.01024908514929388 0.012609088001272717
29 0.0224009797979573 0.2759256059834553 0.01024908514929388 0.012609088001272717
29 0.08404831000357263 0.15343244064291017 0.01024908514929388 0.012609088001272717
29 0.03320707584301445 0.18837106198281894 0.01024908514929388 0.012609088001272717
29 0.02654144862327673 0.060427875318273386 0.01024908514929388 0.012609088001272717
27 0.2052302692705111 0.3963546426241383 0.008468063861970432 0.009465906667727352
27 0.16999760961558508 0.4201830412953654 0.008468063861970432 0.009465906667727175
27 0.2059293917986718 0.34170350529122917 0.008468063861970344 0.009465906667727352
27 0.014260697866972104 0.28070401265118256 0.010139824505632156 0.011046588001272539
27 0.043319767176824134 0.23352902064768272 0.010139824505632156 0.011046588001272539
27 0.0291037199106002 0.05727560331795525 0.00846806386197041 0.009465906667727175
27 0.01385006050777573 0.007493779320500593 0.00846806386197041 0.00946590666772722
10 0.2125 0.55546875 0.0125 0.0078125
10 0.15552556419094654 0.4820199699634108 0.015045845792955603 0.014226132001908986
10 0.20199600862684938 0.3979535052912292 0.011811585149293879 0.012627269334818081
10 0.16425570800643072 0.42415292596277443 0.015045845792955603 0.014226132001908986
10 0.12740591802967383 0.44878075596754696 0.011811585149293879 0.012627269334818081
10 0.09295450837474784 0.47260006397200127 0.010139824505632156 0.011046588001272718
10 0.18266685441980499 0.38412736262731995 0.015045845792955603 0.014226132001908986
10 0.1711830512014963 0.39206713196213805 0.010139824505632156 0.011046588001272539
10 0.12314438894868025 0.3980904126352741 0.015045845792955603 0.014226132001908986
10 0.11411359637403329 0.40444040996977415 0.011811585149293879 0.012627269334818081
10 0.06768634662613485 0.33160289397677384 0.010139824505632156 0.011046588001272539
10 0.08639777782048588 0.231466533975183 0.015045845792955603 0.014226132001909165
10 0.07329684428034633 0.24020573464354653 0.010139824505632156 0.011046588001272718
10 0.049547987843729005 0.25609436397995544 0.015045845792955603 0.014226132001908986
10 0.00234375 0.2625 0.0046875 0.0125
10 0.00625 0.20546875 0.0125 0.0140625
10 0.003125 0.0125 0.00625 0.0125
30 0.22024898189164427 0.4383330572883658 0.01337408514929388 0.012645450668363622
30 0.20960105899516646 0.4454824859564111 0.01337408514929388 0.012645450668363622
30 0.021690057657784135 0.06282616931890975 0.01337408514929388 0.012645450668363622
30 0.012713895404968057 0.06839491665340969 0.010139824505632156 0.011046588001272718
21 0.30415980614517485 0.4998058119430481 0.011920845792955603 0.014189769334818081
21 0.13333348993741595 0.41982905263368336 0.01024908514929388 0.012609088001272539
21 0.1592836207634499 0.27199098929822885 0.01024908514929388 0.012609088001272539
21 0.06978943202753025 0.24571084731063736 0.011920845792955603 0.014189769334818081
21 0.04258171186482851 0.07663413064927349 0.01024908514929388 0.012609088001272717
23 0.30755795775432915 0.4958631992759572 0.010139824505632156 0.011046588001272718
23 0.2502482023064475 0.5339995459500477 0.011811585149293879 0.012627269334818081
23 0.23127396320221086 0.45928135662000213 0.01337408514929388 0.012645450668363622
23 0.2159328224888198 0.38842396395609297 0.010139824505632156 0.011046588001272539
23 0.14870176382262948 0.43448189863145614 0.010139824505632156 0.011046588001272718
23 0.09953229030573303 0.46783983863781947 0.010139824505632156 0.011046588001272539
23 0.15484785701769505 0.40240519529759256 0.010139824505632156 0.011046588001272539
23 0.09855965219023202 0.41476938263845586 0.010139824505632156 0.011046588001272718
23 0.16268177237260426 0.26804837663113795 0.010139824505632156 0.011046588001272539
23 0.1053720169247226 0.3061847233052285 0.010139824505632156 0.011046588001272539
23 0.04464196655640551 0.2592739079805918 0.010139824505632156 0.011046588001272539
23 0.02658038140711163 0.2719739026495917 0.010139824505632156 0.011046588001272718
23 0.04307374873949228 0.18123072398154633 0.011811585149293879 0.012627269334818081
23 0.00234375 0.20859375 0.0046875 0.0109375
23 0.051667134761306334 0.06950288331477354 0.010139824505632156 0.011046588001272718
14 0.3128574629501093 0.5317097926082299 0.011811585149293879 0.012627269334818081
14 0.29367577421418967 0.5046114906110934 0.015045845792955603 0.014226132001908986
14 0.25515422359377105 0.5308200019494114 0.011811585149293879 0.012627269334818081
14 0.22722596554799934 0.550660334619684 0.011811585149293879 0.012627269334818081
14 0.22146192062756392 0.4656404446212748 0.015045845792955603 0.014226132001908986
14 0.15366241543178377 0.43052110463081983 0.015045845792955603 0.014226132001908986
14 0.10856308288037997 0.46148984130331955 0.015045845792955603 0.014226132001908986
14 0.10449294191488737 0.4638790446371832 0.01337408514929388 0.012645450668363622
14 0.07740056419094654 0.48292903664068304 0.015045845792955603 0.014226132001909165
14 0.21795414439656188 0.35951771395609294 0.015045845792955603 0.014226132001908986
14 0.15975387830501847 0.3992256512969562 0.015045845792955603 0.014226132001908986
14 0.14414530379938637 0.41033587396563787 0.011811585149293879 0.012627269334818081
14 0.20999953276416444 0.33931430195736556 0.010139824505632156 0.011046588001272718
14 0.20102337051134836 0.34488304929186553 0.011811585149293879 0.012627269334818081
14 0.10346567347755549 0.4115898386378195 0.011811585149293879 0.012627269334818081
14 0.08629459897192333 0.4227182426400467 0.011811585149293879 0.012627269334818081
14 0.1688171578902152 0.303104629296638 0.01337408514929388 0.012645450668363622
14 0.1495808388324647 0.27678757729950154 0.015045845792955603 0.014226132001908986
14 0.11027803821204607 0.30300517930459225 0.010139824505632156 0.011046588001272539
14 0.08240441048810525 0.32206426197486476 0.011811585149293879 0.012627269334818081
14 0.058600923729657015 0.3387341413112737 0.015045845792955603 0.014226132001908986
14 0.06264892138386853 0.24735516331159194 0.011811585149293879 0.012627269334818081
14 0.0314864026944351 0.26879435864895534 0.011811585149293879 0.012627269334818081
14 0.017549588832464692 0.2783238999840917 0.015045845792955603 0.014226132001908986
14 0.00234375 0.28984375 0.0046875 0.0140625
14 0.07448228586625757 0.21208982531031922 0.015045845792955603 0.014226132001908986
14 0.06545149329161064 0.21843982264481915 0.01337408514929388 0.012645450668363622
14 0.04660865814231674 0.23114890798059182 0.011811585149293879 0.012627269334818081
14 0.05388556260146267 0.1717375453135009 0.015045845792955603 0.014226132001908986
34 0.13743648189164426 0.43929666796627426 0.015264367080279052 0.017351132001908985
28 0.35859375 0.55703125 0.0171875 0.0046875
2 0.33237228745574143 0.5205541166056846 0.015155106436617416 0.015788632001909164
21 0.32501325552475624 0.525323432606639 0.013483345792955603 0.014207950668363622
1 0.29552249747898457 0.5451819466104572 0.011920845792955603 0.014189769334818081
12 0.28671875 0.55 0.0171875 0.01875
22 0.27421875 0.5546875 0.0140625 0.009375
22 0.2671875 0.5578125 0.0125 0.003125
22 0.26825515713391057 0.5220808012810478 0.01337408514929388 0.012645450668363622
22 0.2608961252029253 0.5268501172820024 0.015045845792955603 0.014226132001908986
22 0.12337897175218562 0.2942659786362286 0.01337408514929388 0.012645450668363622
22 0.1160199398212004 0.2990352946371832 0.01337408514929388 0.012645450668363622
22 0.05892834168245629 0.22241879797900097 0.01337408514929388 0.012645450668363622
30 0.31402647904165265 0.4926654739417754 0.015155106436617327 0.015788632001908987
12 0.2804109497085575 0.5156944412794571 0.015155106436617416 0.015788632001908987
22 0.23369448683532285 0.5474626092855022 0.015155106436617416 0.015788632001908987
16 0.20703125 0.55546875 0.0171875 0.0078125
16 0.21456171060432078 0.44152169195577473 0.015264367080279052 0.017351132001908985
16 0.20957356184515805 0.39005918929027467 0.015045845792955603 0.014226132001908986
16 0.157115197362769 0.4257972419637289 0.016936127723940864 0.01893181333545435
16 0.16471452991417285 0.3952648572963199 0.016936127723940864 0.01893181333545435
16 0.10769970540854068 0.4068568853039559 0.015045845792955603 0.014226132001908986
16 0.06294421630430395 0.3324386879774101 0.013483345792955603 0.014207950668363622
16 0.007120187223310359 0.28234832865213705 0.011811585149293879 0.012627269334818081
16 0.04603449379581372 0.07191026798218263 0.015264367080279095 0.017351132001908985
16 0.016112047014122388 0.06445230398631878 0.013483345792955603 0.014207950668363622
27 0.2369612344895343 0.4560927219525931 0.015155106436617327 0.015788632001908987
13 0.21806376901840957 0.4695830572883657 0.015155106436617327 0.015788632001908987
10 0.225045742535306 0.43671601328772935 0.015155106436617327 0.015788632001909164
2 0.1938832238458726 0.45815520862509285 0.015155106436617327 0.015788632001908987
2 0.17994640998390218 0.4676847499602291 0.015155106436617416 0.015788632001909164
2 0.1381905987198218 0.4954921239656379 0.013483345792955603 0.014207950668363622
9 0.1897584525585491 0.4613256619589564 0.015155106436617416 0.015788632001908987
0 0.1750403886965787 0.47086429396086543 0.015155106436617327 0.015788632001908987
1 0.1701343674092552 0.4740438379615018 0.011920845792955603 0.014189769334818081
6 0.16439246580010086 0.47801372262891084 0.016936127723940864 0.01893181333545435
7 0.14716676097263787 0.48992337663113794 0.013483345792955603 0.014207950668363622
7 0.13406582743249834 0.4986625772995016 0.015155106436617416 0.015788632001908987
10 0.12587091517968227 0.5042222339672288 0.015155106436617327 0.015788632001909164
22 0.11934776357052793 0.5082012093014106 0.015155106436617327 0.015788632001908987
12 0.22725273474163582 0.3828279446212749 0.016936127723940864 0.01893181333545435
34 0.1846610431557246 0.41142565929345637 0.015045845792955603 0.014226132001908986
30 0.17490363090290853 0.417003497294729 0.011811585149293969 0.012627269334818081
12 0.14379574253530597 0.4376614426320925 0.010139824505632156 0.011046588001272539
17 0.13303855899516645 0.4463733713001378 0.011811585149293879 0.012627269334818081
11 0.11497697384587258 0.4590733659691377 0.011811585149293879 0.012627269334818081
13 0.08793922644376262 0.47734210797263765 0.015264367080279095 0.017351132001908985
13 0.08286931419094654 0.48286540197327393 0.015264367080279095 0.017351132001908985
13 0.07316653225996132 0.48766198997454663 0.015264367080279052 0.017351132001908985
13 0.17926870281065063 0.3880699752944109 0.015264367080279052 0.017351132001908985
13 0.11885572669586417 0.4036046159691377 0.011811585149293879 0.012627269334818081
13 0.06515084453244788 0.1669227759786828 0.015045845792955603 0.014226132001908986
17 0.22431340504022362 0.35788248862191113 0.011811585149293879 0.012627269334818081
29 0.21204835182191495 0.365831348623502 0.015045845792955603 0.014226132001908986
25 0.20072843956909886 0.3714273679583201 0.015045845792955603 0.014226132001908986
5 0.19727565763811367 0.376151230625411 0.015045845792955603 0.014226132001908986
0 0.19153375602895933 0.38012111529282 0.016936127723940864 0.01893181333545435
12 0.15150433573037153 0.4055665579646835 0.011811585149293879 0.012627269334818081
17 0.21557754340782614 0.33768816728995654 0.015045845792955603 0.014226132001908986
17 0.19584419761487054 0.3519688432925019 0.011811585149293879 0.012627269334818081
25 0.18145391568388533 0.3568199752944109 0.011811585149293879 0.012627269334818081
32 0.16902497150008408 0.3671125852960017 0.01337408514929388 0.012645450668363622
32 0.16166593956909886 0.3718819012969562 0.01337408514929388 0.012645450668363622
32 0.15592403795994453 0.37585178596436536 0.01337408514929388 0.012645450668363622
5 0.13524555120149628 0.39248530263368336 0.016936127723940864 0.01893181333545435
0 0.13028489959234196 0.3964460966343196 0.016936127723940774 0.01893181333545435
12 0.09365363090290854 0.4179489266390922 0.01337408514929388 0.012645450668363622
12 0.07481079575361467 0.43065801197486486 0.01337408514929388 0.012645450668363622
22 0.06332699253530598 0.43859778130968297 0.01337408514929388 0.012645450668363622
1 0.18916786271767821 0.29115861262731996 0.011920845792955603 0.014189769334818081
21 0.18097295046486214 0.29671826929504713 0.013483345792955603 0.014207950668363622
30 0.16909566333809684 0.26563190129695624 0.015045845792955603 0.014226132001908986
12 0.1355347643268326 0.2878796186346378 0.016936127723940864 0.01893181333545435
22 0.08881830145359784 0.31964778664068305 0.015045845792955603 0.014226132001909165
23 0.09208504910780935 0.22827789930777387 0.015045845792955603 0.014226132001908986
17 0.07731235492400808 0.23859778130968295 0.011811585149293879 0.012627269334818081
31 0.05523525913105245 0.2529057293125464 0.015155106436617327 0.015788632001908987
27 0.03717367398175857 0.26560572398154625 0.01693612772394082 0.01893181333545435
17 0.00546875 0.28828125 0.0109375 0.0171875
13 0.08016955715358103 0.20890119064291018 0.015155106436617327 0.015788632001908987
12 0.0695762645789341 0.21526936931095558 0.010139824505632156 0.011046588001272718
11 0.05307717942964021 0.22795118264641 0.013483345792955603 0.014207950668363622
2 0.037523235245838935 0.23828015531509178 0.015155106436617372 0.015788632001908987
2 0.021969291062037665 0.24860912798377352 0.015264367080279095 0.017351132001909166
7 0.0317813336366846 0.2422500399825008 0.015264367080279095 0.017351132001908985
0 0.017063269774714195 0.2517886719844098 0.013483345792955603 0.014207950668363622
1 0.012938498487390726 0.25495912531827347 0.011920845792955603 0.014189769334818081
4 0.0078125 0.2578125 0.015625 0.01875
17 0.08070478871624916 0.15659380331000108 0.011811585149293879 0.012627269334818081
27 0.016871881659213182 0.1987091253182734 0.00846806386197041 0.009465906667727175
14 0.05729977572679892 0.0670954986473645 0.011811585149293879 0.012627269334818081
17 0.03193378896835071 0.08378355931731889 0.011811585149293879 0.012627269334818081
30 0.022067116071872905 0.0909238973185916 0.015045845792955603 0.014226132001908986
28 0.015543964462718574 0.09490287265277338 0.015045845792955603 0.014226132001908986
15 0.00390625 0.1046875 0.0078125 0.01875
25 0.04036900184158541 0.05246083398313717 0.011811585149293879 0.012627269334818081
25 0.01640625 0.00546875 0.0140625 0.0109375
31 0.006491028576790514 0.012263095321455086 0.010139824505632156 0.011046588001272718
15 0.76953125 0.2796875 0.4609375 0.559375
35 0.26953125 0.7796875 0.5390625 0.440625
34 0.76953125 0.7796875 0.4609375 0.440625