18 0.3048242014094701 0.5164088544042356 0.01606164764263518 0.009465903590796288
18 0.3498884524429274 0.4213327037403056 0.01606164764263518 0.009465903590796288
20 0.346435966710951 0.4283457730221464 0.016134422249741043 0.011028403590796288
14 0.3389680690683158 0.4376798664062882 0.01449914764263518 0.00945681323171641
24 0.21127325455262316 0.5283679780389983 0.01940497146395277 0.014171584308955331
24 0.22270306017697566 0.5010833153730159 0.01940497146395277 0.014171584308955331
24 0.2688760469424093 0.39898045988862574 0.01940497146395259 0.014171584308955331
23 0.3501431635677978 0.4158639537403056 0.011301373035529139 0.007876132513557366
23 0.2332424538906694 0.4761378575274936 0.01940497146395277 0.014171584308955331
23 0.27578101840636204 0.38495432132494417 0.01627997146395277 0.014153403590796287
16 0.29140625 0.534375 0.0203125 0.009375
16 0.24303698490791598 0.4504066045024315 0.021040246071058633 0.015743174668035032
17 0.3378957206398924 0.4439253212267483 0.016134422249740866 0.011028403590796109
10 0.24189186187238673 0.45821455932289173 0.01940497146395277 0.014171584308955331
10 0.25061404446121005 0.4387287611182897 0.01940497146395259 0.014171584308955331
10 0.2592998397464802 0.42002421291368786 0.016279971463952592 0.014153403590796287
27 0.20703125 0.534375 0.0140625 0.009375
27 0.22800914433737543 0.4878293364502547 0.01449914764263518 0.009456813231716588
27 0.24794280872923355 0.4457463755796704 0.016134422249740866 0.011028403590796288
29 0.30389740219525835 0.5195293092246958 0.01449914764263518 0.009456813231716588
29 0.2416371507475162 0.4636833093228917 0.016134422249740866 0.011028403590796288
29 0.27994197953123257 0.37950829722264334 0.01606164764263518 0.009465903590796288
28 0.2366949396226458 0.4691247882456528 0.01940497146395259 0.014171584308955331
10 0.2987004799455173 0.5304395381474569 0.01940497146395277 0.014171584308955331
12 0.3012989410703878 0.5249844236860763 0.01627997146395277 0.014153403590796287
31 0.30582377523078763 0.5117258995837755 0.01449914764263518 0.009456813231716588
12 0.34160291749673927 0.43144350194490766 0.01627997146395277 0.014153403590796287
12 0.3344068476043631 0.45171964050858915 0.01940497146395277 0.014171584308955331
12 0.26278871278200955 0.41222989363184703 0.01940497146395259 0.014171584308955331
12 0.2662411985139859 0.4052168243500063 0.01940497146395277 0.014171584308955331
15 0.20703125 0.5359375 0.0203125 0.00625
22 0.21479851489170532 0.5197924087571575 0.016279971463952592 0.014153403590796287
22 0.2541393048002922 0.430153191836449 0.01627997146395277 0.01415340359079611
34 0.21776084905210516 0.506524794295777 0.019259422249741042 0.011046584308955332
30 0.22533790860539912 0.4948469509116354 0.016279971463952592 0.014153403590796287
30 0.2723285326743857 0.391967390606785 0.016279971463952592 0.014153403590796287
18 0.23376899276579888 0.48161115270703336 0.01918664764263518 0.009484084308955332
24 0.5576346399941492 0.3232957004206559 0.013082196856846907 0.012572722872636888
24 0.5663568225829725 0.3038099022160541 0.016279971463952592 0.01415340359079611
24 0.5202866513666887 0.21914401072550635 0.016279971463952592 0.014153403590796287
24 0.523811911705771 0.21056844144366557 0.013082196856846907 0.012572722872636888
24 0.3846937537240537 0.22773269466511933 0.013082196856846907 0.012572722872636888
24 0.3455799038478881 0.1782730501495095 0.016279971463952592 0.014153403590796199
24 0.306590178454994 0.17648329117251907 0.011301373035529316 0.007876132513557366
24 0.15577469520421702 0.14278448116225634 0.013082196856846907 0.012572722872636888
24 0.17674432072094567 0.09523731547121175 0.013082196856846907 0.012572722872636976
24 0.13448189206106384 0.1301572161351417 0.01449914764263518 0.009456813231716588
24 0.1391737001666158 0.0629788064942213 0.011301373035529139 0.007876132513557366
24 0.037538425559509925 0.06395043315404614 0.01627997146395277 0.01415340359079611
20 0.32884401406313585 0.21881169173825316 0.016134422249741043 0.011028403590796288
20 0.29594162283064146 0.20377249901804134 0.016134422249740866 0.0110284035907962
20 0.23891468093619342 0.13623502019347605 0.016134422249740866 0.0110284035907962
20 0.05819337386409877 0.10705099336070063 0.016134422249741043 0.011028403590796109
20 0.026889869935157407 0.09123964099956847 0.01449914764263518 0.009456813231716588
31 0.5496573201017732 0.3435672938047977 0.021040246071058276 0.015743174668035032
18 0.5514381439230907 0.33888888416387725 0.016061647642634826 0.009465903590796288
18 0.5557446542621729 0.33031786006157643 0.01918664764263518 0.009484084308955332
18 0.3279172148489241 0.2219321465587134 0.01606164764263518 0.009465903590796288
18 0.29423357361642977 0.20688840865896174 0.01606164764263518 0.009465903590796198
18 0.16648106286306277 0.06391913777811462 0.012863873035529138 0.007885222872636887
18 0.17520324545188606 0.04443333957351268 0.012863873035529317 0.007885222872636887
18 0.1671875 0.003125 0.0125 0.00625
18 0.05559491273922834 0.11250610782208117 0.01606164764263518 0.00946590359079611
18 0.025145433417392747 0.09513680064048886 0.012863873035529317 0.007885222872636887
28 0.5524013304408554 0.3349871793434171 0.01449914764263518 0.009456813231716588
28 0.5689552837078431 0.29835478775467356 0.016279971463952592 0.014153403590796287
28 0.574115818654031 0.2882258088319124 0.01449914764263518 0.009456813231716588
28 0.33095232361642973 0.20710203209733277 0.01449914764263518 0.009456813231716588
28 0.3335743635250166 0.11724919173825317 0.01449914764263518 0.009456813231716588
28 0.33620921195344006 0.11101282727687253 0.01449914764263518 0.009456813231716588
28 0.2203658881321225 0.11502764070498088 0.01449914764263518 0.009456813231716588
28 0.1689125500427812 0.11238390885535346 0.01449914764263518 0.009456813231716588
28 0.20636335421939167 0.029766851575565224 0.01627997146395277 0.01415340359079611
28 0.1692978478092509 0.05377652331673408 0.011301373035529316 0.007876132513557366
28 0.1746039319696507 0.04052254439397292 0.011301373035529139 0.007876132513557366
28 0.06374136062953246 0.004711788540240414 0.011301373035529316 0.007876132513557321
28 0.065625 0.00078125 0.0125 0.0015625
29 0.5566714534763847 0.3271974052411162 0.01449914764263518 0.009456813231716588
29 0.3604258079006641 0.14475656820168625 0.01449914764263518 0.009456813231716588
29 0.3213633079006641 0.1445293092246958 0.01606164764263518 0.00946590359079611
29 0.2236364373463342 0.11192082142314011 0.01606164764263518 0.00946590359079611
29 0.4969583132773476 0.2166639053393121 0.01606164764263518 0.009465903590796288
29 0.24738646050569796 0.0550122912707149 0.01606164764263518 0.00946590359079611
29 0.16865783891791075 0.11785265885535345 0.01449914764263518 0.009456813231716588
29 0.12550499834737022 0.15511176433974364 0.01449914764263518 0.009456813231716588
29 0.17865573118386244 0.03742027029167194 0.012863873035529138 0.007885222872636977
29 0.11631408891791076 0.11754813182618626 0.012863873035529317 0.007885222872636887
29 0.11809491273922834 0.11286972218526588 0.012863873035529138 0.007885222872636887
29 0.13888260173819234 0.06922880649422129 0.012863873035529317 0.007885222872636887
29 0.051530305005179945 0.031991906026683115 0.01449914764263518 0.009456813231716588
29 0.5722986075291605 0.2936854684728328 0.016061647642634826 0.009465903590796288
27 0.5610507384225727 0.3170638811388152 0.009666098428423453 0.0063045421544778435
27 0.3872558275453712 0.2230588302037388 0.009666098428423453 0.006304542154477666
27 0.1636792404894873 0.12407538777811462 0.009666098428423453 0.006304542154477666
27 0.18194124297068673 0.08432708654845059 0.009666098428423453 0.006304542154477666
27 0.10695620554329928 0.13390438485124836 0.009666098428423453 0.006304542154477666
25 0.564503224154549 0.31005081185697436 0.01940497146395259 0.014171584308955331
25 0.5035143742783834 0.26046390231425 0.01613442224974122 0.011028403590796288
10 0.503769085403254 0.25499515231425 0.016279971463952592 0.014153403590796287
10 0.4824398949565481 0.24314913728713528 0.016279971463952592 0.014153403590796287
10 0.492870126759583 0.22054742944161293 0.016279971463952592 0.014153403590796287
10 0.3379536484712046 0.10711566763595215 0.01449914764263518 0.009456813231716588
10 0.24560563668438035 0.05969070091163529 0.016279971463952592 0.01415340359079611
10 0.16538728970369904 0.12095947813719424 0.01449914764263518 0.009456813231716588
10 0.184612478702663 0.07730947208707004 0.01627997146395277 0.01415340359079611
10 0.2045825303980741 0.03444526121648561 0.01449914764263518 0.009456813231716588
10 0.14747419768541636 0.1028816438282388 0.01627997146395277 0.014153403590796199
10 0.1527802818458161 0.08962766490547765 0.011301373035529139 0.007876132513557366
10 0.14960393196965072 0.040377098648699004 0.016279971463952592 0.014153403590796199
10 0.15401960421939168 0.029462324546398033 0.01449914764263518 0.009456813231716588
30 0.5064039338316775 0.24875878785286937 0.013082196856846907 0.012572722872636888
30 0.21168009284685213 0.13373218890958274 0.013082196856846907 0.012572722872636888
30 0.21776742700725196 0.12048275516636142 0.013082196856846907 0.012572722872636976
21 0.510492120349442 0.24487526375056845 0.016061647642634826 0.009465903590796288
21 0.5235572005809004 0.21603719144366557 0.016061647642634826 0.009465903590796288
21 0.293343161705771 0.20922761347942193 0.01606164764263518 0.00946590359079611
21 0.17431283354122726 0.046772544393972916 0.012863873035529317 0.007885222872636887
21 0.024291408810286887 0.09669475546094901 0.012863873035529317 0.007885222872636887
29 0.5139446060814186 0.23786219446872767 0.01940497146395259 0.014171584308955331
22 0.5168341656347124 0.22615708000734713 0.01940497146395259 0.014171584308955331
23 0.5264831474377474 0.20355082698228494 0.016279971463952592 0.01415340359079611
23 0.3570824840793465 0.14942588748352703 0.01627997146395277 0.014153403590796199
23 0.28999983788445344 0.2138969327612627 0.011301373035529316 0.007876132513557366
23 0.3188012340793465 0.14920317368607638 0.01449914764263518 0.009456813231716588
23 0.23553496981132288 0.14168558947531684 0.013082196856846907 0.012572722872636976
23 0.1584095436326404 0.1365481167008758 0.011301373035529139 0.007876132513557366
23 0.19326188668438035 0.0593861738824681 0.011301373035529139 0.007876132513557366
23 0.21850163523663832 0.004049234089122567 0.011301373035529316 0.007876132513557321
23 0.16142968982753353 0.0717043667008758 0.011301373035529316 0.007876132513557366
23 0.1626690122011091 0.011539026341796132 0.011301373035529139 0.007876132513557366
23 0.020166834988969297 0.10135952956324994 0.011301373035529316 0.007876132513557366
23 0.049749481183862396 0.0366703156676035 0.011301373035529316 0.007876132513557366
14 0.529045221259065 0.19887696252090442 0.011301373035529139 0.007876132513557366
14 0.37422713461746576 0.25111565251064166 0.01449914764263518 0.009456813231716588
14 0.3768983703494421 0.24409803804926114 0.01627997146395277 0.014153403590796287
14 0.3890366513666888 0.21838042056281842 0.01449914764263518 0.009456813231716588
14 0.3298799751880064 0.21334748691779293 0.01449914764263518 0.009456813231716588
14 0.35601013565092304 0.1556713423039872 0.016279971463952592 0.01415340359079611
14 0.296977583955512 0.19830829419758117 0.01627997146395277 0.014153403590796199
14 0.3170204102580289 0.15388158332699678 0.01449914764263518 0.009456813231716588
14 0.33182992700725195 0.12114635137917351 0.01449914764263518 0.009456813231716588
14 0.3431869580244986 0.09542418871319103 0.01627997146395277 0.014153403590796199
14 0.24080466666816971 0.12921286055255568 0.016279971463952592 0.01415340359079611
14 0.1898457882559569 0.06561799316430887 0.016279971463952592 0.014153403590796199
14 0.21334110029045023 0.014178213011883711 0.016279971463952592 0.014153403590796199
14 0.21508553680821496 0.010281053370963323 0.013082196856846907 0.012572722872636976
14 0.12835817059711116 0.144187899878363 0.01627997146395277 0.01415340359079611
14 0.1587948413991101 0.07794073116225633 0.01627997146395277 0.014153403590796199
14 0.1675170239879334 0.05845493295765443 0.01449914764263518 0.009456813231716588
14 0.10517538172198168 0.13858279449216876 0.011301373035529316 0.007876132513557366
14 0.10955466666816971 0.1284492703898678 0.01449914764263518 0.009456813231716588
14 0.1601069383797915 0.016212890803176717 0.01449914764263518 0.009456813231716588
14 0.059192947685416365 0.10236803854024039 0.013082196856846907 0.012572722872636888
14 0.027144581060027883 0.08577089099956847 0.01627997146395268 0.01415340359079611
14 0.047187407362544856 0.04134418012898404 0.011301373035529316 0.007876132513557366
14 0.061996924111767805 0.008608948181160803 0.01449914764263518 0.009456813231716543
34 0.5317164569910414 0.19185934805952382 0.01940497146395259 0.014171584308955421
34 0.4835486306885244 0.23612243246667503 0.01925942224974122 0.011046584308955332
34 0.19615144623767433 0.04768105942108756 0.019259422249741042 0.01104658430895542
22 0.4812947719210186 0.25095709210759554 0.01940497146395259 0.014171584308955331
9 0.49168861642050066 0.22913663426207317 0.021040246071058633 0.015743174668035032
6 0.5004471863128769 0.20886958605747125 0.021040246071058633 0.015743174668035032
5 0.504790083955512 0.1995173119551703 0.01613442224974122 0.011028403590796109
4 0.5074249323839354 0.19328094749378977 0.01940497146395259 0.014171584308955331
25 0.5117678300265706 0.1839286733914888 0.01613442224974122 0.0110284035907962
22 0.5152203157585469 0.17691560410964802 0.01940497146395259 0.014171584308955421
28 0.3723735361890423 0.25735656215156205 0.021040246071058633 0.015743174668035032
22 0.3819861306885244 0.23553155912649987 0.01940497146395259 0.014171584308955331
2 0.32101224338497136 0.23595828512239478 0.01940497146395259 0.014171584308955331
21 0.3245375037240537 0.22738271584055408 0.016134422249740866 0.011028403590796109
1 0.3401646577768296 0.19387077907227068 0.01606164764263518 0.00946590359079611
12 0.3445439427230177 0.1837372549699697 0.021040246071058633 0.015743174668035032
22 0.34910516418697035 0.16969748086766873 0.01627997146395277 0.014153403590796199
22 0.3525940372224996 0.16190316158582796 0.013082196856846907 0.012572722872636888
22 0.31004266418697035 0.16947022189067829 0.013082196856846907 0.012572722872636888
22 0.31360431182960546 0.1601134026088375 0.016279971463952592 0.01415340359079611
22 0.04020966129148622 0.0569328186926656 0.013082196856846907 0.012572722872636888
22 0.0445525589341214 0.04758054459036463 0.013082196856846907 0.012572722872636976
30 0.28807346484892415 0.22170034240218311 0.01940497146395277 0.014171584308955331
12 0.3054814427230177 0.18350999599297926 0.01940497146395259 0.014171584308955421
22 0.3299035539717227 0.1289497610200939 0.01940497146395259 0.014171584308955421
16 0.338281134203181 0.10008441763595219 0.021040246071058633 0.015743174668035032
16 0.2143513285788285 0.1267145744482022 0.019259422249741042 0.01104658430895542
16 0.15873702936461687 0.12951686670087578 0.016279971463952592 0.01415340359079611
16 0.18572121443463932 0.07028276726660984 0.021040246071058633 0.015743174668035032
16 0.15541513027423956 0.08339130044409711 0.021040246071058633 0.015743174668035032
16 0.1551647272549209 0.021654369725937882 0.016279971463952592 0.01415340359079611
27 0.23371775868645236 0.14714524911623722 0.01940497146395277 0.014171584308955421
13 0.24333035318593438 0.12532024609117515 0.01940497146395277 0.014171584308955331
10 0.21146176902553454 0.13841968890958273 0.01940497146395259 0.014171584308955331
2 0.22716169768541636 0.10334525214129933 0.01940497146395277 0.014171584308955421
2 0.23495708106002783 0.08697990875715762 0.01940497146395259 0.014171584308955421
2 0.25589031927320355 0.04021399306611304 0.016134422249740866 0.011028403590796109
9 0.22976015881028689 0.09789013767991875 0.01940497146395277 0.014171584308955421
0 0.2375919294884513 0.08074354429577704 0.01940497146395259 0.014171584308955421
1 0.23937275330976887 0.07606513465485665 0.01606164764263518 0.009465903590796198
6 0.24278885173819234 0.06983331537301588 0.021040246071058633 0.015743174668035032
7 0.2515474216305685 0.04956626716841397 0.016134422249741043 0.0110284035907962
7 0.25848878039807416 0.03475887860473246 0.01940497146395259 0.014171584308955421
10 0.2628680653442622 0.024625354502431484 0.01940497146395277 0.014171584308955421
22 0.26550291377268564 0.0183889900410509 0.01940497146395259 0.014171584308955421
12 0.1547023467757936 0.14902993598271652 0.021040246071058633 0.015743174668035032
34 0.17648960959607515 0.10070606547121175 0.01627997146395277 0.014153403590796199
30 0.17934278184581612 0.08978220100983121 0.01449914764263518 0.009456813231716588
12 0.19507909780925087 0.05392651424154771 0.011301373035529316 0.007876132513557366
17 0.2026925446660977 0.041467420857406 0.01449914764263518 0.009456813231716588
11 0.211414727254921 0.0219816226528041 0.01449914764263518 0.009456813231716588
13 0.150781134203181 0.09899357454639804 0.019259422249741042 0.011046584308955332
13 0.15454614309452114 0.03493561972593788 0.01449914764263518 0.009456813231716588
17 0.12728582216868772 0.15043335469882324 0.01449914764263518 0.009456813231716588
29 0.1342271809361934 0.1356259661351417 0.016279971463952592 0.014153403590796199
25 0.13715312779304023 0.1231396016737611 0.01627997146395277 0.014153403590796199
5 0.1412413143108049 0.11925607757146013 0.01627997146395277 0.01415340359079611
0 0.14465741273922833 0.1130242582896194 0.021040246071058633 0.015743174668035032
12 0.1631741263452982 0.0678072070599554 0.01449914764263518 0.009456813231716588
17 0.10488428329355823 0.14483279449216874 0.01627997146395277 0.014153403590796199
17 0.11535090240014609 0.12144983664664646 0.01449914764263518 0.009456813231716588
25 0.1168235111676518 0.10661063182618627 0.01449914764263518 0.009456813231716588
32 0.1261086199351574 0.09181687880112417 0.013082196856846907 0.012572722872636976
32 0.13045151757779258 0.08246460469882325 0.013082196856846907 0.012572722872636888
32 0.13308636600621596 0.07622824023744261 0.013082196856846907 0.012572722872636888
5 0.14589673511280382 0.05285891793053978 0.021040246071058633 0.015743174668035032
0 0.1493492208447801 0.045845848648699006 0.021040246071058633 0.015743174668035032
12 0.1640625 0.00546875 0.0125 0.0109375
1 0.05036160318593437 0.12419758674484234 0.01606164764263518 0.009465903590796198
21 0.05466811352501662 0.11562656264254137 0.016134422249741043 0.0110284035907962
30 0.019058099256992957 0.10838623438371017 0.01627997146395268 0.01415340359079611
12 0.03564843982753354 0.07097259279496652 0.021040246071058633 0.015743174668035032
22 0.06007055107623853 0.01641235782208117 0.01627997146395268 0.014153403590796199
18 0.4159951036002191 0.2771468873853312 0.01606164764263518 0.009465903590796288
27 0.41948397663574843 0.2693525681034904 0.01940497146395277 0.014171584308955331
27 0.4500298093484062 0.2007616493873837 0.01940497146395259 0.014171584308955421
27 0.49353156038186335 0.10567640836437416 0.021040246071058276 0.015743174668035032
14 0.42211882506417187 0.26311620364210986 0.016134422249741043 0.011028403590796288
14 0.4282061592245716 0.24986676989888856 0.01940497146395259 0.014171584308955331
14 0.456080756205253 0.18829346564416233 0.019259422249741042 0.011046584308955332
14 0.4865902016143579 0.12048379692805566 0.01613442224974122 0.0110284035907962
14 0.4162348521524771 0.22166450184671174 0.019259422249741042 0.011046584308955332
14 0.43883975227631156 0.17256392651474678 0.016134422249741043 0.0110284035907962
14 0.44496347374026435 0.15853324277152542 0.019259422249740865 0.01104658430895542
12 0.4247172861890423 0.2576610891807293 0.021040246071058633 0.015743174668035032
12 0.475509306452922 0.08994232405541873 0.01940497146395259 0.014171584308955421
23 0.43084100765299504 0.24363040543750786 0.01940497146395277 0.014171584308955331
23 0.431898393508806 0.18737131507842827 0.01940497146395259 0.014171584308955421
23 0.4580285539717227 0.1296951704646226 0.01940497146395259 0.014171584308955331
29 0.43347585608141853 0.23739404097612732 0.01940497146395277 0.014171584308955331
21 0.436074317206289 0.23193892651474676 0.016134422249740866 0.011028403590796109
21 0.4475983221686877 0.15229687831014482 0.016134422249741043 0.011028403590796109
34 0.44019889102760656 0.22727415241244575 0.01940497146395259 0.014171584308955331
34 0.4092207187778656 0.2380343904103933 0.021040246071058633 0.015743174668035032
32 0.44301567597379465 0.2171315379510652 0.01940497146395277 0.014171584308955331
32 0.4639853014905233 0.16958437226002063 0.021040246071058633 0.015743174668035032
24 0.44892107361642974 0.2077883542078439 0.01940497146395259 0.014171584308955331
24 0.49620279611383983 0.09865879390299356 0.01940497146395259 0.014171584308955421
24 0.42844590777682956 0.19438438436026906 0.021040246071058633 0.015743174668035032
24 0.4501967832935582 0.1468417638487643 0.021040246071058633 0.015743174668035032
20 0.4534822950803825 0.1937485801055429 0.01940497146395277 0.014171584308955421
13 0.4595696292407824 0.18049914636232162 0.01940497146395277 0.014171584308955421
18 0.4665473753118409 0.16491050779864008 0.01606164764263518 0.00946590359079611
29 0.4707083364367115 0.15946448369633912 0.01940497146395259 0.014171584308955421
17 0.4718170721686878 0.15243777887587892 0.021040246071058276 0.015743174668035032
19 0.47615996981132297 0.14308550477357795 0.01925942224974122 0.01104658430895542
14 0.47872204363264037 0.13841164031219738 0.01925942224974122 0.011046584308955332
28 0.48135689206106386 0.13217527585081684 0.01613442224974122 0.0110284035907962
28 0.48395535318593447 0.12672016138943626 0.01940497146395259 0.014171584308955421
15 0.4916779619534399 0.11191731800529454 0.01940497146395259 0.014171584308955421
22 0.500509306452922 0.09008776980069264 0.01940497146395259 0.014171584308955331
28 0.39615563854640723 0.26687246271729614 0.01940497146395277 0.014171584308955331
29 0.3988268742783836 0.25985484825591565 0.016134422249741043 0.011028403590796288
18 0.40053492349259534 0.25673893861499514 0.012863873035529138 0.007885222872636887
20 0.40313338461746573 0.2512838241536146 0.016134422249740866 0.011028403590796288
20 0.4057682330458892 0.24504745969223407 0.01940497146395277 0.014171584308955331
22 0.41356361642050066 0.22868211630809226 0.01940497146395259 0.014171584308955331
13 0.41972372518800627 0.21387018256487095 0.021040246071058633 0.015743174668035032
18 0.42146816170577106 0.20997302292395062 0.01606164764263518 0.009465903590796198
10 0.4241030101341945 0.20373665846257002 0.01940497146395259 0.014171584308955331
13 0.43624129115144117 0.17801904097612736 0.01940497146395259 0.014171584308955421
31 0.4415473753118409 0.1647650620533662 0.01940497146395259 0.014171584308955421
25 0.4536856563290875 0.1390474445669235 0.021040246071058633 0.015743174668035032
18 0.45546648015040514 0.1343690349260031 0.01606164764263518 0.00946590359079611
16 0.460699789703699 0.122677556003242 0.021040246071058633 0.015743174668035032
10 0.4650790746498871 0.11254403190094102 0.01940497146395277 0.014171584308955421
10 0.4798522040955572 0.08059004995311776 0.01940497146395259 0.014171584308955421
28 0.46942197229252225 0.1031917577986401 0.01940497146395259 0.014171584308955331
24 0.4728380707209457 0.09695993851679932 0.021040246071058633 0.015743174668035032
18 0.4788162429706867 0.086054254773578 0.01606164764263518 0.00946590359079611
6 0.925 0.4359375 0.15 0.20625
23 0.6921875 0.4078125 0.184375 0.2625
0 0.74375 0.19375 0.2875 0.284375
12 0.775 0.084375 0.35 0.16875
35 0.3 0.76953125 0.6 0.4609375
25 0.94453125 0.82265625 0.1109375 0.3546875
31 0.7640625 0.80625 0.328125 0.3875