17 0.184375 0.0578125 0.36875 0.115625
9 0.184375 0.1140625 0.36875 0.228125
3 0.184375 0.153125 0.36875 0.30625
20 0.184375 0.190625 0.36875 0.278125
5 0.184375 0.24375 0.36875 0.171875
21 0.684375 0.12734375 0.63125 0.2546875
10 0.075 0.52890625 0.15 0.3109375
13 0.10790635194758931 0.8074983883729935 0.2093536910658786 0.24941169461070417
35 0.2703125 0.725 0.196875 0.325
17 0.2875 0.52109375 0.1625 0.3828125
28 0.18984375 0.4875 0.2703125 0.315625
12 0.6106994015625 0.3296875 0.5261379453125 0.40085176718749993 0.470663584375 0.471129871875 0.3872088 0.6492148015625 0.36875 0.743893465625 0.36875 0.7939723843750001 0.37382702343749996 0.8964027359374999 0.4106220734375 1 0.62997945 1 0.6167709640625001 0.9537145359375 0.4720021890625 0.9463496843750001 0.44584643437500004 0.8841021703124999 0.45046919062499996 0.7532610109375 0.5175006546875001 0.6058493078125 0.5859920265625 0.5223695765625 0.709349534375 0.425296521875 0.8149455421875 0.3836154875 0.914458884375 0.40884364062500006 0.9681085718750001 0.508619875 0.9518069796875 0.6279438671875 0.8580115390625 0.769792834375 0.8745565890624999 0.827770371875 0.9218801531249999 0.8171542640624999 0.9684737625000001 0.7745721703124999 1 0.7408363453125 1 0.365948059375 0.9748631124999999 0.3296875 0.6106994015625 0.3296875