1 0.45546875 0.221875 0.4640625 0.39375
10 0.40078125 0.209375 0.5703125 0.41875
29 0.303125 0.209375 0.559375 0.41875
0 0.2046875 0.209375 0.409375 0.41875
23 0.14921875 0.209375 0.2984375 0.41875
7 0.0984375 0.209375 0.196875 0.41875
16 0.75078125 0.2921875 0.1015625 0.253125
20 0.9390625 0.265625 0.121875 0.30625
21 0.83359375 0.146875 0.2671875 0.29375
25 0.406720696875 0.41875 0.3146237828125 0.49292211874999997 0.263000715625 0.46065177031250004 0.14576881875 0.45017534687499994 0.0023872359375 0.4966271796875 0 0.4983638390625 0 0.882444615625 0.046428490625 0.9114677578125001 0.06338161718749999 0.9011297500000002 0.0386719234375 0.875215521875 0.053039528125 0.8527934343750001 0.5900995640625 0.41875 0.406720696875 0.41875
11 1 0.41875 0.869927784375 0.41875 0.8539881250000001 0.44996672968749996 0.8720867812499999 0.534555284375 0.7743935343749999 0.5258249312500001 0.70140998125 0.5430088078125 0.7 0.5438023750000001 0.7 0.9189693109375 0.728116265625 0.9365452078125 0.742483871875 0.9141231203124999 0.7299381031250001 0.8853449125000001 1 0.6655821609375 1 0.41875