7 0.46640625 0.32578125 0.1671875 0.4140625
30 0.3355893448065522 0.2929783283603804 0.22249768756173402 0.41119364718563745
8 0.17221392903964983 0.2536442706231644 0.22574108673189705 0.4129381577089811
16 0.05703125 0.21796875 0.1140625 0.4171875
13 0.7109375 0.28984375 0.321875 0.5796875
32 0.275 0.78984375 0.55 0.4203125
5 0.93046875 0.92578125 0.1390625 0.1484375
6 0.8421875 0.93515625 0.24375 0.1296875
7 0.77890625 0.86484375 0.2734375 0.2703125
8 0.659375 0.88671875 0.21875 0.2265625
9 0.625 0.82421875 0.15 0.3515625