25 0.15625 0.2359375 0.3125 0.4
9 0.2546875 0.29921875 0.328125 0.3203125
25 0.709375 0.2296875 0.58125 0.459375
8 0.06171875 0.79296875 0.1234375 0.1984375
2 0.1434307364248812 0.8611094549539896 0.21996774830195703 0.21766260714144484
5 0.25859375 0.91328125 0.2171875 0.1734375
3 0.3421875 0.94921875 0.153125 0.1015625
2 0.47890625 0.71015625 0.1203125 0.1984375
0 0.5598555752583992 0.7778821233800899 0.1917030459579186 0.1906364569792892
9 0.6795858867940214 0.8399263814977648 0.1950283050572171 0.19381600405718977
5 0.806928439230345 0.8987092719206877 0.1934658050572171 0.1937887305182393
8 0.91640625 0.92890625 0.1671875 0.1421875