11 0.23671875 0.39375 0.2046875 0.190625
20 0.36328125 0.38359375 0.0921875 0.2109375
16 0.059375 0.11953125 0.11875 0.2390625
34 0.22421875 0.1046875 0.1859375 0.209375
0 0.34609375 0.0984375 0.1265625 0.196875
30 0.7046875 0.24453125 0.590625 0.4890625
0 0.053125 0.86171875 0.10625 0.1609375
3 0.16411332541716933 0.8393552321134686 0.1298180540475858 0.15581846878180663
5 0.28361027589213916 0.8131151690441101 0.12841932835784534 0.15888890507947587
3 0.375 0.78046875 0.06875 0.1578125
21 0.5664105670494264 0.8639955896478646 0.21213258706427265 0.17896828130301135
18 0.96484375 0.82890625 0.0703125 0.1734375
14 0.93828125 0.63125 0.1234375 0.175
33 0.49140625 0.68359375 0.1640625 0.1703125
27 0.48359375 0.53203125 0.1484375 0.0859375