7 0.16953125 0.1125 0.3390625 0.225
14 0.1046875 0.16484375 0.209375 0.3296875
11 0.30390625 0.440625 0.0921875 0.396875
9 0.23203125 0.4953125 0.2359375 0.2875
28 0.175 0.55625 0.35 0.165625
21 0.675 0.31953125 0.65 0.6390625
12 0.23046875 0.9640625 0.1890625 0.071875
26 0.1046875 0.9046875 0.2 0.190625
27 0.25546875 0.825 0.1890625 0.221875
17 0.0375 0.86484375 0.075 0.1859375
19 0.084375 0.79765625 0.16875 0.1890625
22 0.19140625 0.71953125 0.1953125 0.1609375
30 0.28359375 0.69296875 0.1328125 0.1078125
20 0.09296875 0.6859375 0.1859375 0.09375
34 0.675 0.81953125 0.65 0.3609375