10 0.16328125 0.05703125 0.3265625 0.1140625
22 0.18515625 0.18515625 0.3703125 0.2046875
9 0.23935207039728543 0.4324292404894873 0.4006201682323248 0.21655837716935852
25 0.275 0.5453125 0.39375 0.109375
1 0.73125 0.0890625 0.415625 0.178125
2 0.7606083602127601 0.24740357713108646 0.4309138839608707 0.281858045490158
3 0.7755794547816791 0.4237477533097689 0.4320213576525115 0.2741183200972639
4 0.78515625 0.521875 0.4296875 0.15625
0 0.38202323073710254 0.9162496989282708 0.2097529735504665 0.15001292431665547
4 0.0265625 0.740625 0.053125 0.159375
5 0.03671875 0.92109375 0.0734375 0.1578125
9 0.35337677304223886 0.7068575823028821 0.20175846302712266 0.14652405128112633
1 0.3701764071442838 0.820447047356694 0.19975634727034192 0.11214905128112633
29 0.8796875 0.77421875 0.240625 0.3140625