6 0.2296875 0.16484375 0.459375 0.3296875
13 0.2296875 0.23359375 0.459375 0.4671875
23 0.2296875 0.3328125 0.459375 0.503125
35 0.2734375 0.45703125 0.371875 0.4234375
17 0.3 0.5171875 0.31875 0.303125
29 0.7296875 0.334375 0.540625 0.66875
10 0.2296875 0.834375 0.459375 0.33125
8 0.60078125 0.678125 0.0265625 0.01875
1 0.4969609020943734 0.8036730560096498 0.0228760578783902 0.017569329545304768
3 0.5047656968185842 0.8168315750843732 0.026365078925077688 0.023873876623205347
2 0.5220287915286774 0.8446838396948697 0.026365078925077688 0.023873876623205347
2 0.5386016415004425 0.8741122410748415 0.02636507892507787 0.023873876623205347
0 0.53070584151456 0.8593912220001181 0.02471157366340595 0.022284103084255234
0 0.5464974414863251 0.888833260149565 0.024711573663405772 0.022284103084255234