6 0.25 0.11484375 0.425 0.2296875
13 0.33511397078230215 0.23348660646634878 0.4339615373353727 0.3368657583878152
5 0.41171875 0.37890625 0.3953125 0.3265625
33 0.07578125 0.53359375 0.1515625 0.2515625
29 0.1140625 0.60234375 0.228125 0.1140625
27 0.8046875 0.3296875 0.390625 0.659375
4 0.0609375 0.86015625 0.121875 0.1984375
24 0.99140625 0.91796875 0.0171875 0.0515625
24 0.8683646217552369 0.8921864582383059 0.055560253246410875 0.05031816256778665
24 0.928125 0.9859375 0.05625 0.028125
24 0.7220487293037188 0.8610097019917898 0.055560253246410875 0.05031816256778665
10 0.8448549837679457 0.8517023588040399 0.055532979707460586 0.04875566256778665
10 0.7697947082004004 0.9450983556807818 0.052380706168510205 0.04717498184962743
10 0.79921875 0.98828125 0.0546875 0.0234375
23 0.9427118311701579 0.7948887565411036 0.052380706168510205 0.04717498184962734
23 0.98046875 0.87265625 0.0390625 0.0453125
23 0.884239037745705 0.9225597594679698 0.052380706168510205 0.04717498184962743
23 0.9123134448077199 0.9700478378249968 0.052380706168510115 0.04717498184962743
23 0.6962498883943282 0.8174142380961433 0.05079093262955987 0.04560339149054773
18 0.9392283210238881 0.7706927324388027 0.0569045649348082 0.03782725292686626
18 0.97734375 0.8515625 0.0453125 0.034375
18 0.6943152414785834 0.7939903736347628 0.05213524431795715 0.03311248184962734
16 0.8795454038156038 0.6991722564429077 0.06978639448011296 0.059774975799503194
16 0.9522953368522007 0.827642169207086 0.06978639448011296 0.05977497579950315
29 0.918611857955519 0.7434717022863774 0.055423885551659155 0.04250566256778665
29 0.9269465093354908 0.7582654553114395 0.055423885551659245 0.04250566256778665
29 0.98828125 0.89296875 0.0234375 0.0421875
29 0.7146862426963994 0.8352739037871878 0.053834112012708865 0.04093407220870695
29 0.7426106452941872 0.891355732144215 0.055423885551659155 0.04250566256778665
29 0.7842566286550956 0.9668869972695255 0.053806838473758486 0.03937157220870695
11 0.796655037338668 0.7488682502945876 0.06819662094116259 0.05820338544042354
28 0.990625 0.68046875 0.01875 0.0421875
21 0.98828125 0.66796875 0.0234375 0.0171875
30 0.8062794533291363 0.77927791296057 0.052380706168510205 0.04717498184962739
14 0.9017652771923983 0.7240404462362532 0.052380706168510205 0.04717498184962739
27 0.819137963475406 0.8034193949083933 0.04435001785690744 0.034629530054229286
17 0.758607792209932 0.914697783373879 0.06816934740221221 0.05664088544042354
20 0.8383282942385268 0.8228370154198981 0.06657957386326192 0.05506929508134393
2 0.6171875 0.953125 0.015625 0.040625
25 0.62578125 0.9828125 0.0328125 0.034375