31 0.209375 0.08125 0.41875 0.1625
29 0.2265625 0.1375 0.384375 0.209375
2 0.24140625 0.3140625 0.3546875 0.234375
17 0.22265625 0.44609375 0.3921875 0.2265625
21 0.228125 0.49296875 0.38125 0.1328125
11 0.95546875 0.0359375 0.0890625 0.071875
12 0.96953125 0.12265625 0.0609375 0.1484375
13 0.984375 0.28046875 0.03125 0.1484375
20 0.96171875 0.48515625 0.0765625 0.1484375
19 0.9203125 0.3593021323586022 0.121875 0.13934102570316256
18 0.88984375 0.19804363878439285 0.1171875 0.16258752471457943
17 0.85390625 0.06796875 0.1328125 0.1359375
23 0.73671875 0.12303300441144324 0.1328125 0.1944741946765233
24 0.7828125 0.2844360780237086 0.1234375 0.17065469269935693
25 0.8078125 0.4521674060845985 0.134375 0.14922536167271758
26 0.85390625 0.53515625 0.1390625 0.0484375
31 0.7140625 0.49609375 0.134375 0.1265625
30 0.67109375 0.3678945182516077 0.1421875 0.19641869665368966
29 0.621875 0.18865002863173103 0.1359375 0.16022652866891204
28 0.5703125 0.05078125 0.1375 0.1015625
34 0.52421875 0.3465354658938805 0.1484375 0.19667336463846716
35 0.559375 0.503125 0.15625 0.1125
10 0.209375 0.7796875 0.41875 0.440625
1 0.8828125 0.9411464040702511 0.165625 0.1067487015966055
4 0.5046875 0.61640625 0.171875 0.1140625
5 0.51484375 0.7640625 0.1921875 0.14375
6 0.5625 0.9229481382901012 0.21875 0.1417258794672147