0 0.4734375 0.3421875 0.190625 0.153125
9 0.40078125 0.29375 0.3359375 0.25
27 0.2578125 0.24921875 0.33125 0.3390625
5 0.14375 0.196875 0.2875 0.39375
0 0.9734375 0.32109375 0.053125 0.1953125
4 0.8670741205457487 0.21282372178819847 0.19331940564770314 0.20764003954332697
2 0.6984375 0.09296875 0.1875 0.1859375
12 0.44976995468750003 1 0.4685525859375 0.9712140953125001 0.49904303906249997 0.836362746875 0.46674144218749997 0.6802489671874999 0.37201002031249997 0.5610657828125 0.226022834375 0.47637508906250003 0.053435248437500006 0.43245166093750004 0 0.5068192359375 0 0.6104328671875 0.036788337500000004 0.634208915625 0.0967297875 0.5570308234375 0.20634420625 0.5505953078125 0.35676479375 0.6284914578125 0.40449273281250003 0.746276075 0.3851763359375 0.8786893171875001 0.30602184062500004 1 0.44976995468750003 1
0 0.9265625 0.7578125 0.146875 0.253125
1 0.7869068989172786 0.6723393487467744 0.21578543903379793 0.22884387749004845
0 0.64765625 0.59296875 0.1578125 0.2703125