8 0.13203125 0.13984375 0.2640625 0.1890625
21 0.13125 0.03515625 0.2625 0.0703125
10 0.4578125 0.17265625 0.1625 0.1546875
12 0.45 0.0453125 0.178125 0.090625
21 0.76953125 0.125 0.4609375 0.25
6 0.26953125 0.64453125 0.5390625 0.7109375
2 0.677668551574202 0.9300241449796335 0.01751480832062491 0.015465503333979846
0 0.6772866918668062 0.9136178949796335 0.01755117591180557 0.017028003333979847
1 0.6761599497505909 0.8988379178584507 0.01740570554708327 0.010778003333980024
7 0.6757962738387854 0.8832129178584507 0.019113675911805572 0.017155549091614476
4 0.7258514784359382 0.9151327264929628 0.01758754350298606 0.018590503333980025
6 0.7246156335461812 0.89566524937178 0.01758754350298606 0.018590503333979845
9 0.7241792224520145 0.8769152493717801 0.01755117591180557 0.017028003333979847
5 0.7227433558107645 0.8488540222505975 0.01755117591180557 0.017028003333980024
2 0.9467906131258683 0.4196296814842344 0.019113675911805572 0.017155549091614476
2 0.9448456002080905 0.3696934543630517 0.01755117591180557 0.017028003333979934
5 0.9463723858272919 0.40166093148423443 0.01907730832062491 0.015593049091614474
0 0.9444455567051044 0.35250595436305165 0.01755117591180557 0.017028003333979934
1 0.9433006307932988 0.33694472724186897 0.01740570554708327 0.01077800333397989
7 0.9429733224726737 0.32288222724186894 0.019113675911805572 0.01715554909161443