30 0.2203125 0.0921875 0.21875 0.184375
4 0.15546875 0.1296875 0.3109375 0.259375
5 0.07890625 0.1640625 0.1578125 0.328125
8 0.24140625 0.4203125 0.1765625 0.21875
3 0.171875 0.4546875 0.315625 0.15
21 0.66484375 0.26484375 0.6703125 0.5296875
29 0.16484375 0.76484375 0.3296875 0.4703125
6 0.95625 0.7515625 0.0875 0.153125
6 0.8757144560879707 0.8067824941030437 0.14006726114786475 0.15599093671876343
0 0.7691473818344402 0.8628211205243425 0.15355060694082034 0.17078147881213823
0 0.6590728953280934 0.9132089864222973 0.14831680372251183 0.16269596302712266
3 0.55 0.94140625 0.15 0.1171875
3 0.44140625 0.97109375 0.1484375 0.0578125