14 0.09453125 0.06171875 0.1890625 0.1234375
21 0.240625 0.0734375 0.2125 0.146875
1 0.0953125 0.4015625 0.171875 0.396875
30 0.23984375 0.4046875 0.2015625 0.390625
20 0.7578125 0.3 0.484375 0.6
25 0.4796875 1 0.4796875 0.63857618125 0.3524217015625 0.6693088609375 0.33144273750000003 0.6933380375 0.335528215625 0.7194415859375 0.40521295156250003 0.7080318484375 0.405029090625 0.7595474859375 0.2797060953125 1 0.4796875 1
2 0.8456915712921838 0.6532485962564449 0.01731476933481808 0.012239890871793247
2 0.8306472792807297 0.738689188787912 0.017351132001908985 0.015364890871793246
2 0.8070995965945489 0.8840967771701944 0.017351132001908985 0.015364890871793335
9 0.8644052086250928 0.6549528062144885 0.017351132001908985 0.015364890871793335
9 0.8501421666136387 0.7403341991608743 0.017351132001908985 0.015364890871793246
9 0.8258132339274578 0.8858009871282381 0.017351132001908985 0.015364890871793335
1 0.8608791246021849 0.8238212053846515 0.014226132001908986 0.015128092531467274
2 0.8788115119350939 0.8255846149277769 0.017351132001908985 0.015364890871793335
1 0.8153291725811858 0.9818238821492162 0.014226132001908986 0.015128092531467274
0 0.8332706505808677 0.9828060416923414 0.017351132001908985 0.015364890871793335