14 0.46015625 0.2 0.1796875 0.225
21 0.44140625 0.328125 0.2171875 0.18125
9 0.1609375 0.04921875 0.321875 0.0984375
8 0.1453125 0.14453125 0.290625 0.2421875
22 0.125 0.321875 0.25 0.19375
2 0.93125 0.11875 0.1375 0.2375
3 0.89296875 0.21328125 0.2140625 0.2421875
4 0.87421875 0.31328125 0.2515625 0.2109375
5 0.82109375 0.35390625 0.3578125 0.1296875
20 0.93125 0.50078125 0.1375 0.1640625
21 0.88984375 0.76484375 0.2203125 0.3734375
22 0.86640625 0.9703125 0.2671875 0.059375
26 0.68046875 0.72421875 0.2609375 0.3859375
25 0.7328125 0.46484375 0.315625 0.0921875