6 0.55 0.340625 0.059375 0.4
17 0.48046875 0.440625 0.1984375 0.384375
17 0.31171875 0.51171875 0.3078125 0.2765625
20 0.1640625 0.5546875 0.321875 0.190625
30 0.37265625 0.08125 0.3234375 0.1625
6 0.23203125 0.1265625 0.3359375 0.253125
5 0.12734375 0.1703125 0.2546875 0.340625
29 0.0578125 0.2265625 0.115625 0.390625
4 0.93203125 0.58203125 0.1359375 0.1359375
8 0.93125 0.2546875 0.1375 0.2875
9 0.8632317309323423 0.3184898830045366 0.25718753974053177 0.2967487767345796
9 0.28984375 0.825 0.5796875 0.35
31 0.85234375 0.7046875 0.2953125 0.109375