14 0.16796875 0.06015625 0.3234375 0.1203125
21 0.16484375 0.128125 0.3296875 0.25625
10 0.66484375 0.134375 0.6703125 0.26875
26 0.16484375 0.634375 0.3296875 0.73125
9 0.90234375 0.31015625 0.1734375 0.0828125
8 0.8639502205314986 0.39826676662059074 0.17796182448483525 0.14607883225631965
6 0.814693736503538 0.5215581430454865 0.17147502614450919 0.14280836189159735
9 0.7713795991562298 0.6387268060395143 0.17471842531467222 0.1444435970739585
0 0.7265029618089216 0.7558591014423615 0.17280072780418312 0.13971972948277803
0 0.6803006228019393 0.8698300292540282 0.162952131123531 0.1332515239356944
0 0.63515625 0.96171875 0.1578125 0.0765625