13 0.06171875 0.24765625 0.1234375 0.3234375
25 0.1328125 0.30703125 0.265625 0.2046875
3 0.24609375 0.05234375 0.3546875 0.1046875
12 0.39296875 0.13046875 0.2734375 0.2609375
21 0.4515625 0.1765625 0.15625 0.353125
16 0.853125 0.33671875 0.228125 0.1453125
12 0.6971257072724573 0.20841031087674197 0.2354124306969986 0.23156749164729754
19 0.73046875 0.0671875 0.2390625 0.134375
14 0.5765625 0.1734375 0.09375 0.240625
11 0.6234375 0.32421875 0.1875 0.1703125
20 0.26484375 0.7046875 0.5296875 0.590625
29 0.76484375 0.7046875 0.4703125 0.590625