25 0.10625 0.1859375 0.190625 0.371875
5 0.28515625 0.19140625 0.1984375 0.3828125
5 0.44140625 0.190625 0.1546875 0.38125
23 0.759375 0.21953125 0.48125 0.4390625
5 0.12890625 0.89609375 0.2578125 0.2078125
6 0.37109375 0.8953125 0.2859375 0.209375
8 0.1475829657808357 0.5673596815784576 0.2922629680559208 0.2563937186589692
9 0.39453125 0.56015625 0.2484375 0.2421875
2 0.65625 0.93125 0.2125 0.1375
3 0.76015625 0.9046875 0.2046875 0.190625
4 0.88359375 0.90078125 0.2203125 0.1984375
5 0.9359375 0.859375 0.128125 0.28125
0 0.56875 0.528125 0.1 0.178125