3 0.42578125 0.50078125 0.2609375 0.1765625
13 0.25703125 0.53125 0.2578125 0.115625
17 0.45 0.15546875 0.23125 0.3109375
3 0.303125 0.17578125 0.2625 0.3515625
17 0.12890625 0.19921875 0.2390625 0.3984375
9 0.84765625 0.29453125 0.3046875 0.5890625
15 0.01953125 0.84765625 0.0390625 0.1453125
34 0.07380149366528684 0.816498492873864 0.1395291644231918 0.12739287727617316
33 0.2322672115328332 0.7898858317493775 0.16015991316955053 0.13892141066226812
31 0.3475224870013693 0.7268893897460786 0.14426212852981452 0.12909176959604132
30 0.477309275402029 0.7072481426490724 0.15837009263643723 0.13106344655564542
25 0.5890625 0.67890625 0.121875 0.1265625
19 0.03515625 0.93671875 0.0703125 0.1265625
29 0.1231231952354972 0.9287771840192331 0.14881323620994644 0.12454066191590929
24 0.26151209382357143 0.882846221561963 0.1567621285298145 0.1294554824490227
22 0.3961311347315137 0.8414890988381363 0.1505121285298145 0.129273626022532
27 0.5201991205457487 0.8130949773679508 0.15837009263643723 0.13106344655564542
26 0.61484375 0.76484375 0.0703125 0.1328125
21 0.16171875 0.9765625 0.1578125 0.046875
16 0.28515625 0.95625 0.1390625 0.0875
28 0.41041860675569514 0.9301113296378064 0.14564277210332383 0.12288723370266404
23 0.5406002002500621 0.8972115645941117 0.16149509263643722 0.13115437476889086
32 0.62109375 0.8546875 0.0578125 0.134375
10 0.425 0.98203125 0.134375 0.0359375
13 0.56328125 0.96328125 0.1421875 0.0734375
35 0.825 0.79453125 0.35 0.4109375