27 0.35703125 0.35 0.2046875 0.359375
33 0.2984375 0.4078125 0.321875 0.24375
12 0.1890625 0.0796875 0.3625 0.159375
20 0.11640625 0.13671875 0.2328125 0.2734375
16 0.05234375 0.2078125 0.1046875 0.38125
30 0.59609375 0.10625 0.2734375 0.2125
22 0.575 0.39453125 0.23125 0.2703125
27 0.7412583151393745 0.24039280724859485 0.45431524234700493 0.4331794107256336
28 0.63984375 0.4953125 0.3609375 0.06875
23 0.85546875 0.36953125 0.2890625 0.3203125
32 0.98359375 0.1734375 0.0328125 0.346875
5 0.42109375 0.6046875 0.0765625 0.15
8 0.3828125 0.69453125 0.153125 0.1796875
0 0.3174376714256807 0.7974893339433663 0.18493157981717356 0.18174199069063518
5 0.22744191005314116 0.902386466621593 0.1832963052100677 0.18016130935708966
7 0.1375 0.95546875 0.19375 0.0890625
27 0.7296875 0.76484375 0.540625 0.4703125