29 0.0890625 0.63125 0.178125 0.275
17 0.13125 0.71171875 0.2625 0.1140625
8 0.21484375 0.128125 0.4203125 0.25625
33 0.2953125 0.2328125 0.3875 0.321875
11 0.33203125 0.39140625 0.3140625 0.3359375
21 0.36953125 0.5203125 0.2390625 0.334375
25 0.7975991765625 0 0.8090905234375001 0.028218634375000003 0.799539115625 0.0622250828125 0.75274764375 0.097815821875 0.4890625 0.2444815578125 0.4890625 0.76875 0.5968126796875 0.76875 0.6198630390625001 0.745604459375 0.675788365625 0.5901580953125001 0.6654018468749999 0.45246619218750006 0.5887034859375 0.3325287515625 0.8430815546874999 0.1910397546875 0.8916737046875 0.1927058609375 0.9502348203125 0.24621469375 0.9752224546875 0.222751584375 0.842703796875 0 0.7975991765625 0
30 0.24453125 0.884375 0.4890625 0.23125
6 0.8391270329903835 0.8269742832019278 0.049528638558944314 0.039191474772256554
2 0.8562774290711752 0.8557267657787326 0.04635817445232178 0.03751984736759484
2 0.8741181469387216 0.8876315302067029 0.04635817445232178 0.03751984736759484
0 0.8659563059516371 0.8724876798438832 0.04635817445232178 0.03751984736759484
1 0.883842487925806 0.9028299442718535 0.044704746239076346 0.03434028366526398
8 0.98671875 0.8109375 0.0265625 0.0375
5 0.990625 0.828125 0.01875 0.0375