3 0.271875 0.171875 0.25625 0.34375
13 0.1109375 0.19453125 0.221875 0.3890625
3 0.35703125 0.50078125 0.0859375 0.2578125
17 0.2625 0.534375 0.234375 0.190625
11 0.08671875 0.5640625 0.1734375 0.13125
35 0.7 0.31484375 0.6 0.6296875
15 0.2 0.81484375 0.4 0.3703125
9 0.94765625 0.71328125 0.1046875 0.1640625
9 0.8350433306015483 0.7368054746026205 0.14576812802354447 0.1784573606144388
8 0.7028666299331849 0.7539161074495778 0.14415108402290802 0.17371529691210785
0 0.5753410665977304 0.7739880491895426 0.14416926535645347 0.17527779691210785
5 0.45703125 0.7984375 0.1140625 0.171875