15 0.88828125 0.1921875 0.22109375 0.165625
13 0.7984375 0.28828125 0.2328125 0.15859375
17 0.6421875 0.13671875 0.23828125 0.1421875
24 0.4015625 0.21015625 0.21171875 0.15625
27 0.5515625 0.35546875 0.20703125 0.165625
11 0.78828125 0.4953125 0.24296875 0.18046875
34 0.259375 0.39296875 0.209375 0.17578125
29 0.12890625 0.4640625 0.2328125 0.15390625
22 0.28515625 0.709375 0.25 0.19453125
26 0.571875 0.6625 0.2671875 0.1828125
31 0.61875 0.89921875 0.2234375 0.196875
14 0.3 0.909375 0.26875 0.18125