24 0.39453125 0.49921875 0.2890625 0.3609375
17 0.50234375 0.25546875 0.0734375 0.3453125
27 0.3122488579836302 0.30153836972005127 0.33684706128367525 0.35087630194586933
11 0.24453125 0.09609375 0.3171875 0.1921875
26 0.06484375 0.2140625 0.1296875 0.375
34 0.1359375 0.5765625 0.271875 0.265625
33 0.87421875 0.46796875 0.2515625 0.4828125
15 0.725 0.34609375 0.371875 0.4203125
31 0.60390625 0.1640625 0.1296875 0.328125
29 0.26953125 0.8546875 0.5390625 0.290625
30 0.76953125 0.8546875 0.4609375 0.290625