24 0.0796875 0.40546875 0.159375 0.1890625
27 0.23046875 0.425 0.3296875 0.15
34 0.1234375 0.203125 0.246875 0.31875
29 0.12734375 0.10234375 0.2546875 0.2046875
22 0.3375 0.084375 0.2625 0.16875
0 0.53984375 0.10546875 0.1421875 0.2015625
0 0.5951002302655175 0.29893096236618777 0.20706703657757738 0.18625408235511315
4 0.69296875 0.45078125 0.2109375 0.0984375
0 0.11043872878264285 0.6032563193983032 0.19612953657757756 0.18555317550756795
0 0.16077560429552493 0.8059598172388348 0.1895612015966055 0.1773401573089707
6 0.2015625 0.95 0.20625 0.1
24 1 0.5 0.46875 0.5 0.46875 0.8722205375 0.48527522031250003 0.8864501203125 0.6135267234375 0.9442344687500001 0.777332771875 0.9489108078124999 0.9574774140625 0.8804800984375 1 0.8382780421875001 1 0.5