24 0.290625 0.10234375 0.15625 0.2046875
13 0.203125 0.5120115442654853 0.1828125 0.26519250816812523
15 0.290625 0.6203125 0.15625 0.196875
27 0.14453125 0.23915657893475634 0.2 0.26403005167111127
11 0.0453125 0.528125 0.090625 0.3
0 0.92890625 0.059375 0.1421875 0.11875
1 0.9 0.28280204863388847 0.19375 0.12325958130638907
5 0.82890625 0.5321130240326039 0.196875 0.14364481648875013
20 0.91484375 0.96640625 0.1703125 0.0671875
35 0.5734375 0.93359375 0.234375 0.1328125
28 0.7609375 0.83359375 0.209375 0.2296875