23 0.14140625 0.50703125 0.2828125 0.1046875
20 0.08359375 0.39375 0.1671875 0.3
15 0.03203125 0.14453125 0.0640625 0.2640625
35 0.178125 0.15555943973237768 0.3109375 0.3053580438708206
18 0.4171875 0.121875 0.325 0.24375
33 0.5421875 0.32109375 0.075 0.3015625
28 0.2828125 0.382920879126071 0.309375 0.291213656715691
12 0.45703125 0.4859375 0.2453125 0.146875
20 0.9296875 0.40234375 0.140625 0.3109375
25 0.8390625 0.13046875 0.321875 0.2609375
0 0.421875 0.8875 0.196875 0.225
6 0.23046875 0.7838958016727368 0.190625 0.22405273292582972
3 0.075 0.65625 0.15 0.19375
22 0.67890625 0.91328125 0.1984375 0.1734375
28 0.7375 0.77734375 0.315625 0.3421875