24 0.41640625 0.1265625 0.1671875 0.253125
26 0.1265625 0.26796875 0.253125 0.1015625
11 0.0859375 0.12109375 0.171875 0.2421875
34 0.42421875 0.2640625 0.1515625 0.109375
27 0.28499016188041554 0.1379140060868597 0.2718578610435351 0.268770370703362
13 0.13359375 0.0265625 0.2578125 0.053125
7 0.75 0.159375 0.5 0.31875
11 0.43671875 0.5703125 0.1265625 0.4
10 0.36171875 0.49296875 0.2765625 0.3484375
25 0.19453125 0.4046875 0.3515625 0.171875
25 0.30078125 0.89921875 0.3484375 0.2015625
16 0.16953125 0.840625 0.3390625 0.31875
23 0.103125 0.7703125 0.20625 0.39375
3 0.75 0.659375 0.5 0.68125