2 0.02221392903964974 0.13532425081407418 0.035298882573423465 0.033385244317957155
0 0.03081933443359013 0.14531685958037216 0.033736382573423464 0.03335797077900686
1 0.03954313899769346 0.15374696834667007 0.035298882573423465 0.033385244317957155
7 0.04977024397671537 0.16293105357401774 0.035298882573423465 0.033385244317957155
0 0.22393071700701359 0.10917698782843069 0.04370337842423862 0.04133411201270878
4 0.2107562107832363 0.09770369967898374 0.04886447510489074 0.04766593262955983
1 0.18314069626108917 0.07087814691904018 0.04718357593472753 0.04607615909060954
1 0.19403065206994805 0.08161109537691265 0.0471835759347277 0.04607615909060954
7 0.23482067281587246 0.11990993628630311 0.04538427759440165 0.04292388555165916
1 0.4336734925268228 0.05948313068698578 0.03709818091374952 0.03653751785690749
1 0.4431193475058447 0.06868085268380857 0.042140878424238616 0.04130683847375849
4 0.45623465414454045 0.08093539083325552 0.04034158008391255 0.0381545649348082
31 0.8487511828125001 0 0.72553674375 0.5722844140625 0.696185075 0.5790892578125 0.6408614484374999 0.5347658546875 0.615622665625 0.570334934375 0.6776254078124999 0.6296875 0.77706468125 0.6296875 0.7760715421875 0.599430196875 0.9142750390625001 0 0.8487511828125001 0
32 0.284375 0.81484375 0.56875 0.3703125
15 0.784375 0.81484375 0.43125 0.3703125