7 0.439720509271578 0.062189399299774184 0.03603749394987581 0.01886131596343472
2 0.4338926900879331 0.12416286042464468 0.03602840359079629 0.017298815963434723
0 0.43147167203575637 0.1375532723353035 0.032894313231716585 0.01559076674922295
1 0.43061315398357963 0.15087090963885644 0.03601931323171659 0.015736315963434677
7 0.4297546359314029 0.16418854694240936 0.03602840359079611 0.017298815963434678
0 0.5721506933093871 0.2559671703922234 0.04229658430895533 0.02071491439185813
4 0.5930091357350111 0.026932487803400164 0.04229658430895533 0.02071491439185813
4 0.5722552324388026 0.2379984203922234 0.045430674668035034 0.022422963606069858
1 0.5756074914157929 0.19879037117801168 0.045421584308955334 0.020860463606069857
1 0.5739540878249969 0.21448814578511755 0.045421584308955334 0.020860463606069857
7 0.5712785397185908 0.2716285576957763 0.045421584308955334 0.020860463606069857
2 0.5946625393258074 0.011234713196294311 0.04229658430895533 0.02071491439185815
0 0.5921278917851354 0.0441563751069531 0.045430674668035034 0.022422963606069858
1 0.72109375 0.37421875 0.0171875 0.0171875
1 0.71953125 0.3875 0.0203125 0.01875
4 0.71953125 0.40703125 0.0203125 0.0171875
21 0.86484375 0.23046875 0.2703125 0.4609375
30 0.390625 0.7359375 0.678125 0.39375
15 0.86484375 0.76953125 0.2703125 0.4609375