21 0.435269030414695 0.24591197762739583 0.01840916327441171 0.05421760643661742
27 0.45546875 0.2359375 0.0078125 0.040625
30 0.446875 0.23515625 0.025 0.0421875
14 0.4195211996820003 0.24247562119077842 0.025730340343633175 0.045388909654926125
28 0.40397808683713005 0.24294551475416098 0.025730340343633175 0.045388909654926125
21 0.2734375 0.48515625 0.015625 0.0078125
21 0.26796875 0.484375 0.0140625 0.009375
15 0.29375 0.48203125 0.021875 0.0140625
24 0.2828125 0.484375 0.01875 0.009375
24 0.25625 0.4859375 0.01875 0.00625
23 0.7296875 0.234375 0.540625 0.46875
8 0.17802201718571187 0.8616619358090535 0.03707727611928178 0.0539662341605581
5 0.4340418865893028 0.6226968968407027 0.023840291723114148 0.03902964901126431
1 0.41479724163225706 0.6267998887949311 0.02367651741285428 0.03590464901126431
7 0.4025429030976461 0.6306133036456372 0.02367651741285428 0.03590464901126431
2 0.3335815411572872 0.6514778246808591 0.023676517412854637 0.03590464901126431
5 0.3189425090451115 0.6543460985660726 0.023676517412854637 0.03590464901126431
2 0.25837017921692806 0.6719053031414342 0.023676517412854637 0.03590464901126431
0 0.2454574214150119 0.6780078376703094 0.023676517412854637 0.03590464901126431
0 0.33828125 0.5 0.0328125 0.021875
1 0.23242183288040116 0.6817666221991846 0.020469630257724702 0.03412362772394086
7 0.22016749434579044 0.6855800370498907 0.026965291723114147 0.03924817029858776
7 0.15358642469437225 0.5439281325907448 0.03181656603337366 0.04270095222957297
3 0.35625 0.49765625 0.03125 0.0171875
8 0.13750772331489128 0.5490308958322966 0.03198034034363317 0.045825952229573017
2 0.7296875 0.74453125 0.540625 0.5109375