28 0.709375 0.21953125 0.58125 0.4390625
2 0.5561654387781448 0.7971774530422991 0.02700259099298643 0.032268671939110226
2 0.6309244093207806 0.76140443771926 0.025339961443337167 0.03064250494291585
9 0.4564367466131392 0.8456560568063516 0.02866522054263574 0.03389483893530496
0 0.6422624275193779 0.7547087687458992 0.025339961443337167 0.03064250494291585
0 0.4755872648117365 0.8386420528520186 0.02866522054263574 0.03389483893530496
8 0.5682346422019176 0.7912312005708413 0.025339961443337077 0.03064250494291585
1 0.6559441957179752 0.747917599278247 0.02700259099298643 0.032268671939110226
7 0.6680133991417477 0.741971346806789 0.02377746144333708 0.03057883794672147
5 0.4878066625599831 0.8303520503805608 0.02700259099298643 0.03226867193911005
6 0.722622951116646 0.8503940004571107 0.032090609191583755 0.03870967292769336
1 0.7395298488648926 0.8419129969970693 0.03375323874123302 0.04033583992388756
2 0.5230153724621607 0.9496949579852151 0.0319904796419344 0.03714717292769336
0 0.5383597702104073 0.9412776215213684 0.0288654796419344 0.037019838935304604
0 0.7963632348929469 0.9642708166550022 0.027002590992986342 0.03226867193911005
1 0.9573693885012897 0.883685367035563 0.025540220542635696 0.033767504942915846
6 0.9445189350775169 0.8896634530051181 0.023877590992986343 0.03214133794672165
2 0.782781596243999 0.9694994861226544 0.02700259099298643 0.03226867193911005