2 0.5836448463740334 0.5257652984405755 0.032419016091543365 0.04027217292769336
0 0.595909899592342 0.5184303009120335 0.03587179802252853 0.04508700692008212
2 0.51328125 0.56171875 0.0265625 0.0359375
1 0.524264492535306 0.5570352030794803 0.032528276735205086 0.04183467292769336
1 0.6080656921669889 0.5126578033834914 0.032528276735205086 0.04183467292769336
7 0.6202761150634667 0.5061040558549493 0.032419016091543365 0.04027217292769336
5 0.5541098017056993 0.3655162065395213 0.04266810124083724 0.05315417490485981
8 0.5385558575218982 0.3750676200756747 0.047683383171822455 0.058032675893442943
0 0.5694998549240081 0.358308543003368 0.04077781930985207 0.04840300790866543
5 0.6413959063007313 0.1144431378701718 0.03587179802252862 0.045087006920082204
0 0.6536063291972092 0.10788939034162973 0.03576253737886681 0.04352450692008221
8 0.6308026137260845 0.12027930239490825 0.037543558666190344 0.046713173916276586
7 0.51015625 0.18984375 0.0203125 0.0421875
35 0.25 0.78984375 0.5 0.4203125
9 0.75 0.78984375 0.5 0.4203125