18 0.07491991886718026 0.36198834213050174 0.02724958423309758 0.03012387662320535
18 0.14391929521682645 0.3163116034945874 0.02724958423309758 0.03012387662320535
13 0.11449190434503312 0.3339900271956936 0.042140878424238616 0.04130683847375849
22 0.0496947759207945 0.375692331984232 0.046709979254075586 0.039826159090609534
27 0.2504429049697331 0.23877121023229053 0.02869368506293437 0.028588650162155817
30 0.01171875 0.4015625 0.0234375 0.03125
28 0.15586318816321212 0.30283943872193503 0.0319370842330974 0.030205697240056395
24 0.2045617199067987 0.2676598693229001 0.03697978174358667 0.034975017856907445
30 0.22822436285318437 0.25398315300812013 0.035298882573423465 0.033385244317957155
23 0.09082926139864744 0.34766674351047355 0.035298882573423465 0.033385244317957155
34 0.18101747613057598 0.27977408563767997 0.03877908008391255 0.03812729139585791
18 0.027121958909136535 0.34409745860743757 0.027249584233097403 0.03012387662320535
18 0.053483549366011296 0.32569233198423203 0.024006185062934372 0.028506829545304768
13 0.21225674335201541 0.2175916854755242 0.042140878424238616 0.04130683847375849
11 0.12848447198139112 0.2728888859619916 0.03877908008391273 0.03812729139585791
28 0.03822540227044069 0.3314201806042602 0.02869368506293455 0.028588650162155817
27 0.19285554791611884 0.22651271794292827 0.02545028589277152 0.026971603084255058
23 0.09341073235435324 0.2930065170494238 0.03193708423309758 0.030205697240056395
10 0.1731583545548146 0.23934000041033238 0.0319370842330974 0.030205697240056395
24 0.06794879106764151 0.3098355069031541 0.036979781743586494 0.034975017856907445
24 0.1501585624382659 0.2545655799556371 0.035298882573423465 0.033385244317957155
31 0.01171875 0.3515625 0.0234375 0.03125
18 0.0420617199067987 0.2704963173737355 0.02400618506293455 0.028506829545304768
18 0.13832233588348258 0.20483831534514058 0.02400618506293455 0.028506829545304768
29 0.05202871575761377 0.26252017614003337 0.0288120842330974 0.030151150162155815
17 0.07340680828908094 0.24810312013367897 0.0370981809137497 0.03653751785690744
17 0.12114649127742298 0.21528093750411914 0.03709818091374952 0.03653751785690744
29 0.10234894708628187 0.226532083202048 0.03217388257342364 0.0333306972400564
28 0.19632501264804728 0.16013374148187864 0.03193708423309758 0.030205697240056485
32 0.01796875 0.28046875 0.0359375 0.0390625
23 0.1527875775851129 0.18898149026406266 0.03193708423309758 0.030205697240056485
16 0.17295836762706918 0.16990420779665855 0.03877908008391255 0.03812729139585782
18 0.15405500227508515 0.1413661505724882 0.02400618506293455 0.028506829545304768
13 0.1705679960513078 0.12937466518298474 0.042140878424238616 0.04130683847375849
29 0.04470239044758602 0.21505484091268573 0.033973180913749526 0.03648297077900686
29 0.01918124957579277 0.23266508076641604 0.0370981809137497 0.03653751785690744
10 0.09261967219117251 0.17988890828312593 0.035298882573423465 0.033385244317957155
23 0.00625 0.24296875 0.0125 0.0296875
24 0.05988968256413472 0.1999656290621327 0.040223180913749525 0.0365920649348082
31 0.11333491389280273 0.16392298904624666 0.03193708423309758 0.030205697240056395
24 0.13393175642427 0.14951956980936743 0.038542281743586496 0.035002291395857824
18 0.03241680061541121 0.14036848661061468 0.02220688672260849 0.02535455600635448
14 0.05133274397671528 0.12755484091268574 0.02869368506293455 0.028588650162155817
11 0.016685056839188483 0.1523463352306429 0.02869368506293437 0.028588650162155817
29 0.13774476327274723 0.06831048011779291 0.035298882573423465 0.033385244317957155
10 0.11882881991144298 0.08112412581572181 0.03529888257342364 0.033385244317957155
23 0.09492937862473134 0.09792584213050178 0.03529888257342364 0.033385244317957155
27 0.07108913692310104 0.11394630844528168 0.0319370842330974 0.030205697240056485
25 1 0 0.5826739265625 0 0.7995312546875001 0.351819284375 0.8621404125 0.30915095312499996 0.8250150640625 0.250423034375 0.8389282109374999 0.24094118281250002 0.8804231234375 0.2593450265625 0.9636574750000001 0.2493033171875 1 0.2155149265625 1 0
28 0.24453125 0.71953125 0.4890625 0.5609375
19 0.74453125 0.7234375 0.5109375 0.553125