18 0.35532993295765447 0.183573647267926 0.026726126463433177 0.028897889812585474
18 0.2947015051663614 0.23492554710964147 0.026726126463433086 0.028897889812585474
13 0.3211458304983264 0.21538593692222693 0.039298849336070064 0.04176160266556685
22 0.36796875 0.1671875 0.0234375 0.040625
27 0.20225545081343946 0.32206418276559196 0.028288626463433175 0.028943353919208194
28 0.2846316135776178 0.249473780416594 0.0314318071815924 0.03215928213245363
24 0.24345716773414808 0.28811273159109285 0.03614657825883114 0.03698317445232178
30 0.22090545686356364 0.305422252045064 0.03300339754067192 0.03376724623907634
23 0.34214413172799035 0.19959345236163317 0.033003397540672094 0.03376724623907634
34 0.2644736496819713 0.2754452470304991 0.037718168617910844 0.03859113855894432
18 0.375 0.21875 0.009375 0.028125
13 0.24531964958377542 0.33972069569771557 0.039298849336070064 0.041761602665567034
11 0.31917024004105093 0.27859899076229294 0.037718168617910844 0.03859113855894432
27 0.26401510742929774 0.33089126497718785 0.026717036104353477 0.027335389812585476
23 0.351837294295777 0.2545537370013693 0.03143180718159222 0.03215928213245363
10 0.2803304538385015 0.3157436380967259 0.0314318071815924 0.03215928213245363
24 0.3671875 0.234375 0.025 0.0375
24 0.301319664709086 0.29838865353613214 0.03300339754067192 0.03376724623907634
18 0.32348101102009397 0.34824390102884967 0.025154536104353475 0.027289925705962937
17 0.37109375 0.2984375 0.0171875 0.0375
17 0.33902874296791713 0.3354172920950765 0.03458407825883114 0.03693771034569906
29 0.3553622700952802 0.32339466521461463 0.033003397540672094 0.03376724623907634
28 0.27377190251064165 0.39678904961692385 0.0314318071815924 0.03215928213245363
23 0.3118577097904299 0.3643091702291795 0.0314318071815924 0.03215928213245363
16 0.29480201999708433 0.3864653150563301 0.039289758976990455 0.04019910266556703
18 0.31995655610143786 0.413755240762293 0.025154536104353475 0.027289925705962937
13 0.3059713241536146 0.42662731380268887 0.039298849336070064 0.041761602665567034
10 0.36875 0.36953125 0.021875 0.0328125
31 0.35729747481754454 0.38750262932123725 0.0314318071815924 0.03215928213245363
24 0.33941962840834067 0.4026047920950765 0.036137487899751616 0.035420674452321596
29 0.3516201674395605 0.48575827289474666 0.033003397540672094 0.03376724623907634
10 0.36484375 0.47109375 0.0296875 0.0359375
23 0.37578125 0.4515625 0.0078125 0.034375
32 0.564573643631847 0.27453596489804555 0.028288626463433175 0.028943353919208194
32 0.38359375 0.440625 0.0078125 0.028125
18 0.4071782583878153 0.07311455423577744 0.020439765027114642 0.022466033386094965
18 0.6171077702916719 0.1745192445232167 0.018859084308955422 0.019295569279472246
18 0.7557521137740095 0.1066905500126353 0.01885908430895533 0.019295569279472246
18 0.6018509298343965 0.23734585345698989 0.018859084308955422 0.019295569279472246
18 0.860031589377121 0.3081286810497323 0.020439765027114733 0.022466033386094965
18 0.7499667638487642 0.45490072947952187 0.020439765027114733 0.022466033386094965
18 0.9748435231203423 0.30600154288649933 0.020439765027114733 0.022466033386094965
29 0.4747924843837102 0.014154742873864024 0.022002265027114644 0.022511497492717504
29 0.38671875 0.09453125 0.0140625 0.0234375
29 0.44555495715815124 0.09063467484803311 0.020439765027114642 0.022466033386094965
29 0.8234375 0.003125 0.021875 0.00625
29 0.8373379361791082 0.032514915610326066 0.02200226502711473 0.022511497492717504
29 0.7604168878763105 0.10292069233250327 0.02200226502711473 0.02251149749271768
29 0.6927890263417961 0.1595367536944167 0.02200226502711473 0.022511497492717504
29 0.45421338143340273 0.3705267633278352 0.020439765027114642 0.022466033386094965
29 0.7358259540348933 0.17250576662654044 0.02200226502711473 0.022511497492717504
29 0.8662543182998821 0.303623037476223 0.02200226502711473 0.02251149749271768
29 0.6385434505188519 0.5024312958560003 0.022002265027114644 0.022511497492717324
29 0.943479893631847 0.2855610107540457 0.02200226502711473 0.022511497492717504
29 0.8634338453290493 0.35587585926297755 0.02200226502711473 0.02251149749271768
29 0.7748394988216496 0.43375315518548474 0.02200226502711473 0.022511497492717504
29 0.9880747761454044 0.29779423779279207 0.02200226502711473 0.022511497492717504
29 0.7968917608237021 0.46485840267820216 0.02200226502711473 0.022511497492717324
17 0.7298072373105764 0.07781539225336101 0.026717036104353654 0.027335389812585476
17 0.43216566461089007 0.34020276583511766 0.02671703610435352 0.027335389812585476
17 0.5490122761454044 0.28501882383181876 0.026717036104353477 0.027335389812585476
30 0.484375 0.009375 0.021875 0.01875
30 0.553125 0.003125 0.021875 0.00625
30 0.7616975867448423 0.05452865643912599 0.023582945745273955 0.02568196159934022
30 0.7088498426967706 0.10063912681395486 0.023582945745273774 0.02568196159934022
30 0.5697333214231401 0.2215700892712249 0.023582945745273955 0.02568196159934022
30 0.7036856197259379 0.15282375244077545 0.023582945745273774 0.02568196159934022
30 0.44490655912649996 0.38197272868809906 0.023582945745273864 0.02568196159934022
30 0.93828125 0.00390625 0.0234375 0.0078125
30 0.7257333365484506 0.18314774993349303 0.023582945745273774 0.02568196159934022
30 0.8763742068635636 0.2976685541692704 0.023582945745273955 0.02568196159934022
30 0.9543764870159889 0.27884800950040445 0.023582945745273774 0.02568196159934022
30 0.9162952249157404 0.3121091388881488 0.023582945745273774 0.02568196159934022
30 0.7883570981577197 0.47476460009177757 0.02200226502711473 0.02251149749271768
28 0.42196292105379773 0.0633902132486929 0.022002265027114644 0.02251149749271768
28 0.743806104797019 0.06728706921296519 0.023582945745273955 0.02568196159934022
28 0.6407361678323439 0.20801370612255693 0.022002265027114644 0.02251149749271768
28 0.5840048996819712 0.257916766230829 0.022002265027114644 0.022511497492717504
28 0.8733936108471433 0.05387309006264766 0.023582945745273774 0.02568196159934022
28 0.8297446465587133 0.33849213097058994 0.026717036104353477 0.027335389812585653
28 0.776892357331102 0.38382135134541884 0.025145445745273776 0.025727425705962936
28 0.7660093994855796 0.3928781025990601 0.026717036104353477 0.027335389812585476
28 0.7442525741536146 0.4125541051063425 0.023582945745273774 0.02568196159934022
28 0.6315621974937897 0.5108204573761981 0.023582945745273955 0.025681961599340043
28 0.874330438713191 0.3491628580093364 0.026717036104353654 0.027335389812585476
28 0.7313303933372595 0.47388641020004985 0.023582945745273774 0.025681961599340043
13 0.46390952653818796 0.023211494127505273 0.026717036104353477 0.027335389812585653
13 0.6901725655694075 0.11259355753448261 0.026717036104353477 0.027335389812585476
13 0.6404407311622563 0.15723245612255693 0.026717036104353477 0.027335389812585476
13 0.4640105622497579 0.30910353002088264 0.026717036104353477 0.027335389812585476
13 0.6819060684962739 0.16859350494805786 0.026717036104353477 0.027335389812585476
13 0.8850396379745064 0.04171407086231778 0.026717036104353654 0.027335389812585476
13 0.7007025620533662 0.44565611012090756 0.026717036104353654 0.027335389812585476
13 0.61171875 0.51953125 0.0296875 0.0203125
14 0.3859375 0.00625 0.0125 0.0125
14 0.41778850546094903 0.017182802982136147 0.023582945745273864 0.02568196159934022
14 0.53671875 0.01171875 0.0234375 0.0234375
14 0.6598856227509999 0.14295700745534035 0.023582945745273774 0.025681961599340043
14 0.5246571707592101 0.26087663017916707 0.023582945745273955 0.02568196159934022
14 0.5137742129136879 0.2699333814328083 0.023582945745273955 0.02568196159934022
14 0.4928031827612627 0.2904133659934022 0.023582945745273955 0.02568196159934022
14 0.3995258814334028 0.3689355195960413 0.023582945745273864 0.02568196159934022
14 0.8622379422292324 0.016054841316288915 0.026717036104353654 0.027335389812585653
14 0.8124879271039219 0.057568739904363134 0.023582945745273955 0.02568196159934022
14 0.7891822373105765 0.07954302830502291 0.023582945745273774 0.02568196159934022
14 0.49308952907227066 0.3396321159934022 0.026717036104353477 0.027335389812585476
14 0.4262520078968359 0.3978334094086269 0.023582945745273864 0.02568196159934022
14 0.7964680173648058 0.12349761678482496 0.023582945745273774 0.02568196159934022
14 0.7078691256778662 0.20059366270733214 0.023582945745273774 0.02568196159934022
14 0.7566889416400573 0.40198031795932393 0.023582945745273774 0.02568196159934022
14 0.6844144867214013 0.4654912370013694 0.023582945745273774 0.025681961599340043
14 0.6618764113894363 0.4851445074553403 0.023582945745273774 0.025681961599340043
14 0.996875 0.23125 0.00625 0.028125
14 0.7429855108237022 0.46328989099971984 0.026717036104353477 0.027335389812585476
14 0.8567480289740746 0.4150462707831755 0.023573855386194255 0.024119461599340218
14 0.7697116372871353 0.4921877808123053 0.023582945745273774 0.025681961599340043
10 0.38984375 0.04375 0.0203125 0.028125
10 0.4680930324901162 0.07098140439406198 0.028288626463433175 0.028943353919208194
10 0.42129634230398716 0.35160326708875883 0.023582945745273864 0.02568196159934022
10 0.7705322312604522 0.09618495902555076 0.023582945745273774 0.02568196159934022
10 0.46510997481754457 0.3638137620741939 0.023582945745273864 0.02568196159934022
10 0.9099169181269314 0.02134774656828071 0.026717036104353477 0.027335389812585563
10 0.7459367522394953 0.16498878331958783 0.023582945745273774 0.02568196159934022
10 0.7893287248175446 0.3732475641984003 0.025145445745273776 0.02572742570596276
10 0.7263792729239507 0.4284375178801817 0.023582945745273774 0.025681961599340043
10 0.8548991826630669 0.3657820566765528 0.026717036104353654 0.027335389812585476
10 0.8245895139469601 0.39223925659741055 0.026717036104353477 0.027335389812585476
10 0.68203125 0.51640625 0.0265625 0.0265625
10 0.8085650590283041 0.45738688347787254 0.023582945745273774 0.025681961599340043
16 0.6016191256778662 0.19750210345698987 0.0314318071815924 0.03215928213245363
16 0.38515625 0.3921875 0.0109375 0.028125
16 0.828062930128984 0.049429630970589944 0.0298693071815924 0.03211381802583091
16 0.4107315470262515 0.4153475183424001 0.023582945745273864 0.02568196159934022
16 0.8421946495837755 0.3302620938235714 0.026717036104353477 0.027335389812585476
16 0.845592360356164 0.37722802203681677 0.028288626463433175 0.028943353919208194
23 0.401764050542293 0.08233042986259802 0.023582945745273864 0.02568196159934022
23 0.47958102009528025 0.30018317108710935 0.023582945745273955 0.02568196159934022
23 0.3890625 0.3796875 0.01875 0.025
23 0.87265625 0.0078125 0.0234375 0.015625
23 0.8000470144379396 0.06736127705138166 0.023582945745273955 0.02568196159934022
23 0.7339952884420445 0.1263665525199177 0.023582945745273955 0.02568196159934022
23 0.4744213423039872 0.35314904671393005 0.023582945745273955 0.02568196159934022
23 0.8982618006404888 0.031944265768610605 0.023582945745273774 0.02568196159934022
23 0.8522736315315986 0.3172763605166188 0.023582945745273955 0.02568196159934022
23 0.7147241554375079 0.4390340370805116 0.026717036104353477 0.027335389812585653
23 0.6509889083643742 0.49342000870898167 0.023582945745273864 0.025681961599340043
23 0.8867622610200939 0.33780782086231775 0.026717036104353654 0.027335389812585476
23 0.99296875 0.290625 0.0140625 0.025
23 0.9686571556338996 0.31675718646000856 0.023582945745273774 0.02568196159934022
2 0.4175754029034252 0.11481632092882484 0.023582945745273864 0.02568196159934022
7 0.38671875 0.14609375 0.0140625 0.0265625
0 0.40592028541698244 0.1254128401291547 0.026717036104353477 0.027335389812585476
0 0.9431890021412993 0.2355610107540457 0.026717036104353477 0.027335389812585476
0 0.9315338846548566 0.2461575299543755 0.026717036104353654 0.027335389812585476
0 0.919097517168414 0.25673131710139413 0.026717036104353477 0.027335389812585653
22 0.9921875 0.1109375 0.015625 0.028125
22 0.809823031999137 0.40508859758449506 0.03143180718159222 0.03215928213245363
27 0.3828125 0.05234375 0.00625 0.0203125
27 0.43051121925839964 0.05582776583511766 0.01886817466803503 0.020858069279472247
27 0.54453125 0.00703125 0.0203125 0.0140625
27 0.4269094962875668 0.10805785556856087 0.01886817466803503 0.020858069279472247
27 0.5596316135776178 0.23064957257817742 0.01886817466803503 0.020858069279472247
27 0.7782901891059745 0.08703727955866417 0.01886817466803503 0.020858069279472247
27 0.6492844660369459 0.20045125870898167 0.01886817466803503 0.020858069279472247
27 0.5987804719888741 0.24662992524374444 0.018859084308955422 0.019295569279472246
27 0.39825427292395055 0.4188900554894186 0.020439765027114642 0.022466033386094965
27 0.9296875 0.00703125 0.01875 0.0140625
27 0.8151089330558502 0.10529318606429712 0.01886817466803503 0.020858069279472247
27 0.7179753787029284 0.19229542940037964 0.01886817466803503 0.020858069279472247
27 0.9054122670702182 0.32116589014179003 0.01728749394987581 0.01768760517284953
27 0.833137812151562 0.3846768091838353 0.01885908430895533 0.019295569279472246
27 0.7569752879510652 0.45119906795932396 0.01886817466803503 0.020858069279472247
27 0.6963604956983916 0.5048947178010394 0.01886817466803503 0.020858069279472247
27 0.8777326946651194 0.39691003622258175 0.01728749394987581 0.01768760517284953
27 0.7790320951326576 0.48308556545204145 0.01728749394987581 0.01768760517284953
21 0.6987254089535494 0.10581236012090738 0.01885908430895533 0.019295569279472246
21 0.41117190856076585 0.35677650039571135 0.020439765027114642 0.022466033386094965
21 0.4065116796380048 0.36132760807584335 0.01729658430895542 0.01925010517284953
21 0.5902003575274936 0.24872362265731968 0.018859084308955422 0.019295569279472246
21 0.5225861315315987 0.3076834340192331 0.020439765027114642 0.022466033386094784
21 0.915326580792914 0.011350620941460087 0.01885908430895533 0.01929556927947216
21 0.7947429326630668 0.36403168857157964 0.01885908430895533 0.019295569279472246
15 0.766894146853301 0.14216504875899405 0.02200226502711473 0.022511497492717504
15 0.9828236738824682 0.20078284547292408 0.02200226502711473 0.02251149749271768
15 0.9750384449597069 0.20524302493981067 0.02200226502711473 0.02251149749271768
15 0.7157690258508168 0.484369269133823 0.020439765027114733 0.022466033386094608
15 0.8310849536421099 0.4346086130239013 0.02200226502711473 0.022511497492717504
24 0.49765625 0.0046875 0.0265625 0.009375
24 0.4385646137740095 0.09746133636823098 0.023582945745273864 0.02568196159934022
24 0.81484375 0.01015625 0.0265625 0.0203125
24 0.7725578186926656 0.04156565518548474 0.023582945745273774 0.02568196159934022
24 0.7189333698241338 0.08843464350700225 0.023582945745273774 0.02568196159934022
24 0.6272276588553535 0.1685647612162641 0.023582945745273955 0.02568196159934022
24 0.5813884389095827 0.210973570070895 0.025136355386194253 0.024164925705962938
24 0.7464316559284873 0.11579276537289918 0.023582945745273774 0.02568196159934022
24 0.7161174420328408 0.1414687152937569 0.023582945745273774 0.02568196159934022
24 0.6718225413689108 0.18079798825501053 0.026717036104353477 0.027335389812585476
24 0.6586094690620079 0.19213029334871773 0.028288626463433175 0.028943353919208194
24 0.5381429538385015 0.29641932508545993 0.023582945745273864 0.02568196159934022
24 0.5148372640451561 0.3183936134861197 0.023582945745273864 0.02568196159934022
27 0.43557701092189804 0.38951244404836294 0.01886817466803503 0.020858069279472247
24 0.3890625 0.4296875 0.01875 0.021875
24 0.8259873457218327 0.09545518481065596 0.026717036104353477 0.027335389812585476
24 0.990625 0.1921875 0.01875 0.025
24 0.8903639839909268 0.2855777311288746 0.026717036104353654 0.027335389812585476
24 0.9660316045024315 0.26825149030007456 0.023582945745273955 0.02568196159934022
24 0.9295037520431034 0.2999955837944416 0.026717036104353654 0.027335389812585476
24 0.7686394957965875 0.442165048758994 0.023582945745273774 0.025681961599340043
24 0.8878344025106417 0.3878305529156291 0.023582945745273955 0.02568196159934022
24 0.4538259994108248 0.03541597743445783 0.028288626463433088 0.02894335391920828
24 0.4421708819243822 0.04601249663478768 0.023582945745273864 0.02568196159934022
11 0.6699555143397437 0.12840877414838783 0.026717036104353654 0.027335389812585476
11 0.66015625 0.5234375 0.0265625 0.0125
23 0.6109123124461496 0.1837123880967259 0.023582945745273864 0.02568196159934022
31 0.5039543061996337 0.32745036473976086 0.026717036104353477 0.027335389812585476
31 0.6719735740554187 0.4752837741483876 0.023582945745273774 0.025681961599340043
12 0.4564424601832133 0.08235917359439186 0.023582945745273955 0.02568196159934022
12 0.8065560896717086 0.11207438347787244 0.023582945745273774 0.02568196159934022
12 0.8048719115858279 0.3596397052646271 0.023582945745273774 0.025681961599340043
12 0.990625 0.24140625 0.01875 0.0265625
12 0.8691843964605175 0.40447248363615695 0.026717036104353477 0.027335389812585653
32 0.43046875 0.01015625 0.0359375 0.0203125
25 0.4007100897699044 0.035432697809286665 0.02671703610435352 0.027335389812585653
33 0.5069555445903646 0.037743007059628964 0.026717036104353477 0.027335389812585563
33 0.4929657674630016 0.049833830100024824 0.0314318071815924 0.03215928213245363
15 0.4797481499765589 0.060384885193732085 0.0314318071815924 0.03215928213245363
1 0.3934702823919204 0.13364287727617324 0.022002265027114644 0.022511497492717504
34 0.7834316861791082 0.030946403931843492 0.0314318071815924 0.03215928213245363
32 0.538628767168414 0.24566080713877128 0.03614657825883123 0.03698317445232178
20 0.4989804598886257 0.2780952224198929 0.026717036104353477 0.027335389812585476
12 0.4438026013791735 0.32648124663478767 0.03144089754067201 0.03372178213245362
33 0.84901577956325 0.025824646409996134 0.023582945745273774 0.02568196159934022
16 0.6142963876799188 0.22833456630997126 0.0314318071815924 0.03215928213245363
15 0.8360708728491957 0.08325070150370335 0.026717036104353477 0.027335389812585653
24 0.7793396046988231 0.1331537616119755 0.03143180718159222 0.03215928213245363
23 0.7568015293668582 0.15280703206594665 0.03143180718159222 0.03215928213245363
1 0.9626202581914235 0.21894181208682922 0.02200226502711473 0.022511497492717504
20 0.9823424057320954 0.2523226134196127 0.028297716822512697 0.03050585391920819
18 0.8937389688656163 0.3286374093421198 0.020439765027114733 0.022466033386094965
28 0.785722456667172 0.4246964039318435 0.033003397540672094 0.03376724623907634
24 0.706462203543914 0.4958152344940867 0.023582945745273955 0.025681961599340043
21 0.9476543092246958 0.33176842102060233 0.028288626463433175 0.028943353919208194
10 0.9359991917382532 0.3423649402209323 0.03143180718159222 0.03215928213245363
15 0.8986991796380048 0.3756488016619879 0.023582945745273774 0.02568196159934022
24 0.8403963211285526 0.4239438976636373 0.0314318071815924 0.03215928213245363
23 0.8194252909761273 0.4444238822242312 0.03143180718159222 0.03215928213245363
24 0.1890625 0.6078125 0.378125 0.15625
17 0.18984375 0.76484375 0.3796875 0.4703125
0 0.68984375 0.76484375 0.6203125 0.4703125