25 0.3574143453125 0 0.3386996453125 0.1366921578125 0.36915461562499996 0.15140295937499998 0.3812759125 0.1221574875 0.4217309796875 0.12311607499999999 0.68476503125 0.277012125 0.6661288984375 0.47241888593750003 0.6696159421875001 0.4890625 1 0.4890625 1 0.3827499359375 0.4538524671875 0.066366175 0.40400322031249997 0.015445729687500001 0.3997910171875 0 0.3574143453125 0
35 0.16484375 0.7546875 0.3296875 0.490625
17 0.8412051838055788 0.5275415737653116 0.021495568401734035 0.020903533386094963
17 0.7786743627024217 0.5787570812871591 0.021495568401734035 0.020903533386094963
17 0.766765167879389 0.6688819761143096 0.021495568401734035 0.020903533386094963
17 0.7571409969456411 0.5438137799543755 0.021495568401734035 0.020903533386094963
17 0.46465663630935794 0.6507324035361322 0.013228042093374803 0.01286371285298138
17 0.3517702284592024 0.6006521840192331 0.013319047355046632 0.014426212852981379
27 0.9984375 0.8265625 0.003125 0.0125
27 0.9446332916698518 0.562527990695786 0.01488154735504672 0.014471676959604097
27 0.88359375 0.99609375 0.0171875 0.0078125
27 0.8222948310618035 0.6447601660060375 0.01488154735504672 0.014471676959604097
27 0.7269038202561111 0.9352367503292044 0.014790542093374803 0.012909176959604095
27 0.7261148649803217 0.9484725362225817 0.014790542093374803 0.012909176959604451
27 0.7182051124906602 0.799276518275893 0.014790542093374626 0.012909176959604095
27 0.7200736364505322 0.5099783375553653 0.009921031570031148 0.009647784639736123
27 0.7144907653614926 0.5480322670222518 0.010012036831702886 0.011210284639736123
27 0.5399821309770989 0.7254572703874642 0.011574536831702887 0.011255748746358662
27 0.5432682127447741 0.5274516794003796 0.011483531570031147 0.009693248746358662
27 0.4309696939759867 0.8891894982841404 0.009921031570031148 0.009647784639735946
27 0.3397777336502871 0.675956060899695 0.011483531570031059 0.009693248746358662
27 0.33359375 0.7328125 0.0078125 0.0125
14 0.9984375 0.8140625 0.003125 0.015625
14 0.98046875 0.49375 0.0171875 0.009375
14 0.9232404939618692 0.9183317098169737 0.016808068401734034 0.02076714106622681
14 0.9424183442865702 0.5780620624825407 0.018370568401734032 0.02081260517284953
14 0.8120923494070678 0.7240157569931219 0.016717063140062292 0.019204641066226814
14 0.7877279281909711 0.894890546647423 0.016717063140062292 0.019204641066226814
14 0.7718097126741869 0.6081945287007343 0.016808068401734034 0.02076714106622681
14 0.7455033598598243 0.79929089014179 0.018370568401734032 0.02081260517284953
14 0.7448376889966635 0.6003903888881488 0.018370568401734032 0.02081260517284953
14 0.7322382494353026 0.692055051661988 0.018370568401734032 0.02081260517284953
14 0.7203290546122699 0.7821799464891385 0.016808068401734034 0.02076714106622681
14 0.7115602703408157 0.8458787336361571 0.018461573663405773 0.02237510517284953
14 0.7022832518543771 0.9142422887298641 0.016808068401734034 0.02076714106622681
14 0.7217348469879934 0.49832778371529923 0.01019404735504672 0.014335284639736124
14 0.7035980389684287 0.628827625956025 0.01175654735504672 0.014380748746358663
14 0.66875 0.49375 0.0125 0.009375
14 0.6484401021084908 0.6459409181176085 0.01175654735504672 0.014380748746358663
14 0.5580279337349917 0.5933949281467383 0.01497255261671846 0.016034176959604095
14 0.5510568678935064 0.6477869114536909 0.01497255261671846 0.016034176959604095
14 0.541597838883724 0.7130254665473981 0.01175654735504672 0.014380748746358663
14 0.5449749259130711 0.5165823755603136 0.01341005261671846 0.01598871285298138
14 0.47587558639406247 0.5621472766556703 0.01175654735504672 0.014380748746358663
14 0.4364615598033546 0.8495730688172538 0.013501057878390376 0.01755121285298138
14 0.4201492311606255 0.5293287649771878 0.011756547355046632 0.014380748746358663
14 0.3552368627024217 0.5664363083924124 0.011756547355046632 0.014380748746358663
14 0.3485920205525772 0.6130385237526764 0.011756547355046632 0.01438074874635884
14 0.34706731790762385 0.6270328275927424 0.011756547355046632 0.014380748746358663
14 0.334375 0.7203125 0.009375 0.015625
10 0.9303025650650264 0.8655022265100211 0.018370568401734032 0.02081260517284953
10 0.9396496600574684 0.5974796522159839 0.018370568401734032 0.02081260517284953
10 0.9269592152344357 0.6875818149898231 0.018370568401734032 0.02081260517284953
10 0.9178187046405046 0.7582891200835302 0.018279563140062294 0.01925010517284953
10 0.8352204943148053 0.5453057352855095 0.018370568401734032 0.02081260517284953
10 0.803096051981434 0.7838082941401405 0.018370568401734032 0.02081260517284953
10 0.77265625 0.99453125 0.0171875 0.0109375
10 0.769086531075921 0.6283933684341776 0.016717063140062115 0.019204641066226814
10 0.7416727045699176 0.8272567657686107 0.018370568401734032 0.02081260517284953
10 0.7504205600857032 0.5623364594212622 0.016717063140062292 0.019204641066226814
10 0.7071303755742526 0.8769468772096662 0.016717063140062292 0.019204641066226814
10 0.48515625 0.490625 0.0109375 0.003125
10 0.46037095471109185 0.6708857791629528 0.01175654735504672 0.014380748746358663
10 0.4479535256730747 0.7656754419367919 0.011665542093374804 0.012818248746358663
10 0.42538682288694696 0.927243427751027 0.011756547355046632 0.014380748746358663
10 0.4188784886296103 0.9761893931112908 0.011756547355046632 0.014380748746359018
10 0.3364553125753648 0.699257168579827 0.011756547355046632 0.014380748746358663
13 0.9228155597327674 0.9378174957103509 0.021495568401734035 0.020903533386094963
13 0.7934851045275654 0.8732201351272251 0.021586573663405773 0.022466033386094965
13 0.7550456888554893 0.7488733529947714 0.021586573663405773 0.022466033386094965
13 0.7386155940042215 0.8685038913954312 0.021586573663405773 0.022466033386094965
13 0.7181441993082457 0.8250123041692703 0.023149073663405774 0.022511497492717504
13 0.703511822886947 0.9353360387298644 0.023149073663405774 0.022511497492717324
13 0.4796985364081799 0.5474399189755383 0.01497255261671846 0.016034176959604095
13 0.4230731649662044 0.9544735174844703 0.013319047355046632 0.014426212852981735
24 0.9652866968891713 0.6091445779219468 0.016899073663405772 0.022329641066226813
24 0.9408235651356136 0.7917153855229364 0.016899073663405772 0.022329641066226813
24 0.9143807044287431 0.980467996963992 0.018461573663405773 0.022375105172849175
24 0.9505423864505322 0.5166842932822107 0.018370568401734032 0.02081260517284953
24 0.9066984650932612 0.8351782290173034 0.016808068401734034 0.02076714106622681
24 0.889942146550353 0.9625985353646518 0.016899073663405772 0.022329641066226813
24 0.8270964521508433 0.6066835044858395 0.016808068401734034 0.02076714106622681
24 0.8156499889119588 0.6913623813663013 0.016899073663405772 0.022329641066226813
24 0.7554251204537552 0.7286063171013941 0.016899073663405772 0.022329641066226813
24 0.7394368284309676 0.6415693183550354 0.016808068401734034 0.02076714106622681
24 0.7161064732681177 0.5356004631821858 0.01019404735504672 0.014335284639736124
24 0.7073831916274995 0.6000805003292043 0.01019404735504672 0.014335284639735945
24 0.5668422206372818 0.5304773909997198 0.013501057878390376 0.01755121285298138
24 0.4506767072713407 0.7454766022033485 0.011756547355046632 0.014380748746358663
24 0.44370564142985536 0.7998685855103013 0.01019404735504672 0.014335284639735945
24 0.44135418615406613 0.8130589072970558 0.01175654735504672 0.014380748746358663
24 0.4325854018826119 0.8767576944440745 0.010194047355046632 0.014335284639735945
24 0.3617906995905944 0.5182715930321485 0.01175654735504672 0.014380748746358663
24 0.359530249576477 0.5330244148189032 0.011756547355046632 0.01438074874635884
24 0.34148444681858414 0.665086757059629 0.01341005261671846 0.01598871285298138
23 0.9283606334667605 0.8857237982967756 0.016808068401734034 0.02076714106622681
23 0.9341577942301005 0.6370960816828706 0.016717063140062292 0.019204641066226814
23 0.9040662887566672 0.8569395687507468 0.018370568401734032 0.02081260517284953
23 0.8992191650367916 0.8942349802709447 0.016808068401734034 0.02076714106622681
23 0.8093691678088017 0.7442145967265652 0.018370568401734032 0.02081260517284953
23 0.7857404939618693 0.9143308684341775 0.018370568401734032 0.020812605172849174
23 0.7389495229716516 0.8474556055020539 0.016717063140062292 0.019204641066226814
23 0.759375 0.49453125 0.01875 0.0109375
23 0.705903991613382 0.6148560541692704 0.01019404735504672 0.014335284639736124
23 0.5438127862670056 0.6974913947606435 0.01175654735504672 0.01438074874635884
23 0.54765625 0.49140625 0.0109375 0.0046875
23 0.525 0.49375 0.0125 0.009375
23 0.47352413111827324 0.5753375984424249 0.01341005261671846 0.01598871285298138
23 0.45594105994452894 0.701953922736462 0.011756547355046632 0.014380748746358663
23 0.4246433702419937 0.9412604636444044 0.010194047355046632 0.0143352846397363
30 0.9761339206513993 0.5275679689881736 0.018370568401734032 0.02081260517284953
30 0.9205873888696067 0.738871530350087 0.018370568401734032 0.02081260517284953
30 0.8864832175829228 0.9835558930447839 0.016717063140062292 0.019204641066226814
30 0.8251090179217414 0.6261238262725941 0.016717063140062115 0.019204641066226814
30 0.7938190334949953 0.8521718492338477 0.016717063140062292 0.019204641066226814
30 0.7500242598880591 0.7697852465682807 0.016717063140062292 0.019204641066226814
30 0.7298090123777208 0.9181629105957612 0.0166260578783902 0.017642141066226812
30 0.71875 0.990625 0.01875 0.01875
30 0.72568441254713 0.7402197670222519 0.016808068401734034 0.02076714106622681
30 0.47961523642229736 0.5326189010288497 0.011665542093374804 0.012818248746358663
30 0.42421875 0.49453125 0.0109375 0.0109375
27 0.4234261496047118 0.5052464072970558 0.009921031570031057 0.009647784639736123
30 0.3328125 0.75078125 0.00625 0.0140625
28 0.9896467439618692 0.9202639343484375 0.01175654735504672 0.014380748746359018
28 0.9741464864222973 0.5470082907749283 0.018370568401734032 0.02081260517284953
28 0.9436377519955513 0.7730790457894932 0.018370568401734032 0.02081260517284953
28 0.7982489282615584 0.8211037056603384 0.016717063140062292 0.019204641066226814
28 0.7805748518261422 0.9461575299543755 0.018370568401734032 0.02081260517284953
28 0.7300610994070678 0.7216288913954312 0.018279563140062294 0.01925010517284953
28 0.6664859048663837 0.5138785758768828 0.011665542093374804 0.012818248746358663
28 0.6468243942018657 0.6583727219576744 0.01331904735504672 0.014426212852981379
28 0.5487054126177171 0.6609772332404455 0.01331904735504672 0.014426212852981379
28 0.541515996945641 0.5375397332404456 0.011665542093374804 0.012818248746358663
28 0.48311966802056333 0.5124427933487177 0.010103042093374804 0.012772784639736124
28 0.4708919547816791 0.5970989381758682 0.011665542093374804 0.012818248746358663
28 0.4172172780921491 0.9878399469513568 0.011665542093374804 0.012818248746359017
28 0.4216739338055788 0.5153344611371218 0.011665542093374804 0.012818248746358663
28 0.35324942847331986 0.5858766301791671 0.013319047355046632 0.014426212852981379
28 0.33125 0.7640625 0.003125 0.0125
11 0.7389586862952404 0.6735323721951014 0.021586573663405773 0.022466033386094965
11 0.5720533654038448 0.4994319794795219 0.01653505261671846 0.016079641066226814
11 0.5565942363517102 0.6089517319868044 0.01331904735504672 0.014426212852981379
15 0.7194211890672507 0.5255578734487425 0.014699536831702886 0.011346676959604096
15 0.5712644101280555 0.5126677653728992 0.014699536831702886 0.011346676959604096
15 0.4351643703125808 0.8674736226573196 0.013046031570031058 0.00973871285298138
15 0.3447081573560453 0.6534816673261856 0.013046031570031147 0.00973871285298138
21 0.9179020046263873 0.773110138030219 0.017642526308359406 0.00831260517284953
21 0.904885336111714 0.8710020687507468 0.019296031570031145 0.009920569279472246
21 0.8039150993364806 0.7978707941401405 0.01764252630835923 0.00831260517284953
21 0.7508888098739417 0.7846289965682807 0.01608002630835923 0.008267141066226813
21 0.7084499518684945 0.8996031272096662 0.01608002630835923 0.008267141066226813
21 0.5701114338055788 0.5196535512662764 0.011301521046687312 0.006568248746358663
21 0.4860703627730089 0.4961502036152744 0.011210515785015574 0.005005748746358662
21 0.45976400995864636 0.6872465650563301 0.011301521046687312 0.006568248746358663
21 0.43890402034081577 0.8379452470304992 0.011301521046687402 0.006568248746358663
21 0.3578158311323906 0.5571522366056578 0.011301521046687402 0.006568248746358663
21 0.33986103363616965 0.6907770788463836 0.011301521046687312 0.006568248746358663
32 0.9337159914016204 0.843763618829889 0.01882559471009344 0.02862510517284953
32 0.83984375 0.50234375 0.0203125 0.0265625
32 0.776190459690415 0.9780069235278848 0.01891659997176518 0.03018760517284953
32 0.7830209574831022 0.5328679197669611 0.018825594710093263 0.02862510517284953
32 0.5647182785156721 0.5475739627864744 0.013683068401734033 0.02067621285298138
32 0.4675240310759209 0.6196187958560001 0.013501057878390376 0.01755121285298138
18 0.9380717495058899 0.6239512240027386 0.017642526308359406 0.00831260517284953
18 0.9168400335655825 0.7816584239235963 0.019296031570031145 0.009920569279472246
18 0.903823365050909 0.8795503546441241 0.019296031570031145 0.009920569279472246
18 0.8078367598880591 0.7714674185133199 0.017733531570031148 0.00987510517284953
18 0.7818147732540004 0.5523309736070271 0.019296031570031145 0.009920569279472246
18 0.7259706518120248 0.9593873041692703 0.019296031570031145 0.00992056927947189
18 0.7095574255601352 0.8918360913162889 0.019296031570031145 0.009920569279472246
18 0.7145285627165391 0.5620720349689405 0.011301521046687312 0.00656824874635884
18 0.6533250231834131 0.6226852745440992 0.011301521046687312 0.006568248746358663
18 0.5493424494494201 0.6719147332404456 0.012864021046687314 0.006613712852981379
18 0.46825207316929573 0.6321187958560002 0.011301521046687312 0.006568248746358663
18 0.46012803100533367 0.6934965650563301 0.011301521046687312 0.006568248746358663
16 0.9664018758566012 0.5881190240818809 0.021586573663405773 0.022466033386094965
16 0.9283096126318344 0.6572039932030684 0.02167757892507751 0.024028533386094963
16 0.5444652336502871 0.6819118588672662 0.01497255261671846 0.016034176959604095
16 0.4429320967056447 0.7865873355103012 0.01331904735504672 0.014426212852981379
16 0.4383579887707846 0.8285702470304992 0.013319047355046632 0.014426212852981379
16 0.36239764434304 0.5019108071387712 0.01331904735504672 0.014426212852981379
16 0.3571332916698518 0.5454334866056578 0.014881547355046631 0.014471676959604097
28 0.99453125 0.8703125 0.0109375 0.01875
24 0.99375 0.88671875 0.0125 0.0203125
25 0.9921875 0.9046875 0.015625 0.015625
34 0.9080943651214962 0.8055816572305489 0.021586573663405773 0.022466033386094965
34 0.8275213863799451 0.5871977185924623 0.019933068401734033 0.020858069279472247
12 0.9468027364222973 0.5462126689090313 0.016808068401734034 0.02076714106622681
12 0.8926653281486189 0.9423996956312086 0.018370568401734032 0.02081260517284953
12 0.7866696022496653 0.5017770441401405 0.016717063140062292 0.019204641066226814
12 0.7670080915851472 0.6462711902209323 0.016717063140062292 0.019204641066226814
12 0.7317964466068226 0.8987225888090065 0.016808068401734034 0.02076714106622681
12 0.7220566965362355 0.9725321618494023 0.016808068401734034 0.02076714106622681
19 0.9790846154038448 0.5112753792547303 0.024165542093374626 0.013181961599340219
29 0.9734485364081799 0.5618065766683056 0.019569047355046366 0.014608069279472247
29 0.9646342495058899 0.6247241138153241 0.018006547355046365 0.014562605172849529
29 0.927753688714315 0.9020845841901529 0.016444047355046364 0.014517141066226813
29 0.9181581518120246 0.9649793892838602 0.018006547355046365 0.014562605172849529
29 0.9550100785721419 0.4996559176553902 0.019478042093374625 0.013045569279472247
29 0.9389972126741869 0.6130591881093612 0.01800654735504672 0.014562605172849529
29 0.9150423151356136 0.7909652277636623 0.018006547355046365 0.014562605172849529
29 0.8346590521931955 0.5624477711788869 0.01800654735504672 0.014562605172849529
29 0.8150430441595133 0.7077231672596787 0.01800654735504672 0.014562605172849529
29 0.8079354704255204 0.7597714005666313 0.01800654735504672 0.014562605172849529
29 0.7975964808782768 0.8366832415537158 0.01800654735504672 0.014562605172849529
29 0.7843522992094237 0.9306689222742437 0.01800654735504672 0.014562605172849529
29 0.7800625574548674 0.562419027447093 0.01800654735504672 0.014562605172849529
29 0.7594091522355478 0.5158024402209322 0.01800654735504672 0.014562605172849529
29 0.7439500231834131 0.6253221927282148 0.01800654735504672 0.014562605172849529
29 0.71173457558837 0.8622622515828458 0.01800654735504672 0.014562605172849529
29 0.6697551180346808 0.5030547361434394 0.013046031570031147 0.00973871285298138
29 0.4828844495905944 0.5217950612954063 0.013046031570031147 0.00973871285298138
29 0.4725986679499762 0.5862296343358022 0.012955026308359407 0.008176212852981379
29 0.4663178468468191 0.6390818496960662 0.013046031570031147 0.00973871285298138
29 0.4531646704396377 0.734630030416594 0.013046031570031147 0.00973871285298138
29 0.3469686073701627 0.6387288455394311 0.013046031570031147 0.00973871285298138
29 0.3363566020379037 0.7109531865265156 0.013046031570031147 0.00973871285298138
20 0.950092878346263 0.7366103483759179 0.021495568401734035 0.020903533386094787
20 0.6515728073842801 0.6327733283841652 0.013228042093374803 0.01286371285298138
20 0.4559788572995756 0.7159936906831507 0.013228042093374803 0.01286371285298138
20 0.415625 0.99765625 0.0125 0.0046875
18 0.9391546493223633 0.8166244573096911 0.017642526308359406 0.00831260517284953
25 0.8167196652485531 0.6695555775262354 0.02002407366340577 0.022420569279472245
25 0.7213987309488641 0.7603731426490725 0.021495568401734035 0.020903533386094963
26 0.9200945652062007 0.7170192624033984 0.021586573663405773 0.022466033386094965
14 0.8964504808076896 0.9136525700043879 0.016808068401734034 0.02076714106622681
22 0.7593922836361697 0.7029841914745735 0.01900760523343692 0.03175010517284953
31 0.7475608705949295 0.5801915491547055 0.016717063140062292 0.019204641066226814
25 0.7128218495482421 0.5729413388090064 0.01497255261671846 0.016034176959604095
17 0.7112516442724528 0.5861543926490725 0.013228042093374803 0.01286371285298138
4 0.6600153679640937 0.5768643091838352 0.016626057878390377 0.017642141066226812
4 0.6578004205808121 0.5923983809705899 0.016626057878390377 0.017642141066226812
21 0.654386994244218 0.6141369886507219 0.013228042093374803 0.01286371285298138
32 0.5617143758566014 0.5763438204666065 0.017081084186749605 0.025454641066226812
13 0.5533173179076238 0.6330340896669362 0.015063557878390199 0.017596676959604096
28 0.5347177783039107 0.7689799498543507 0.01653505261671846 0.016079641066226814
10 0.5249325256024876 0.8420082728947467 0.015063557878390376 0.017596676959604096
30 0.5218453229575342 0.8559571126281899 0.010103042093374804 0.012772784639736124
16 0.5187581203125808 0.869905952361633 0.01331904735504672 0.014426212852981379
13 0.5473263811888603 0.503392053773559 0.01331904735504672 0.014426212852981379
22 0.42870924396186927 0.9039423200708949 0.013683068401734033 0.020676212852981733