12 0.215625 0.0125 0.0375 0.025
12 0.18887512800848985 0.029579120873928978 0.028364831893687815 0.029517081637205768
27 0.16922396206164594 0.04462426673548601 0.02856509099298634 0.032642081637205764
10 0.2296875 0.00546875 0.025 0.0109375
24 0.17904954503506793 0.03710169380470749 0.03012759099298634 0.03272396879233552
27 0.2359375 0.003125 0.021875 0.00625
24 0.20676353485603513 0.017740862167501703 0.028364831893687638 0.029517081637205768
27 0.19693795188261315 0.025263435098280218 0.023477072794389108 0.026146420171816544
10 0.16242324953857468 0.053545565356005034 0.026902461443337168 0.03099769448207601
23 0.1517663517903281 0.061890331864348405 0.03345285009228505 0.036012743102595036
20 0.28004394124215504 0.17429739936806002 0.046954145588778216 0.052292840343633
22 0.3169023935861935 0.1458924383776406 0.05849242288667415 0.06224105042954129
21 0.04823632942967766 0.3530719318189199 0.037178627390180984 0.04555151741285464
29 0.515625 0.01015625 0.040625 0.0203125
27 0.07491874537652157 0.337658293759279 0.03521560919158375 0.0392196302577247
14 0.26966764574566177 0.19041372229883852 0.04186612739018099 0.04579717887824382
24 0.1902817319582862 0.2506352493226315 0.04186612739018099 0.04579717887824382
24 0.46393568476375 0.03852259441596288 0.04352875693983034 0.04744156603337357
27 0.15679860348837105 0.2749701860027914 0.03521560919158375 0.03921963025772479
24 0.13704730799187786 0.2915778318643484 0.04352875693983034 0.04744156603337357
32 0.11817739204503397 0.30658203414834057 0.046653756939830336 0.04760534034363299
23 0.09774497609819006 0.32166812358746244 0.04186612739018099 0.04579717887824373
27 0.43201505629383485 0.06277564394099307 0.03345285009228505 0.036012743102595036
22 0.37779912322812786 0.10688417006027487 0.04997901603912887 0.0508941146538926
14 0.3557040777316346 0.12361464665452652 0.04352875693983034 0.04744156603337357
30 0.245960035474344 0.2080073360482199 0.0368782387412331 0.040864017412854545
30 0.062499088528976274 0.3492099474227521 0.03687823874123301 0.040864017412854635
30 0.4490220835917308 0.052540828812130666 0.0368782387412331 0.040864017412854545
10 0.39984410394979636 0.09093494346602322 0.04186612739018099 0.04579717887824377
10 0.30158827421557693 0.16616067277380836 0.04186612739018099 0.04579717887824382
30 0.1737055012366177 0.266297870873929 0.040203497840531635 0.04415279172311406
14 0.03806029303248311 0.3660632547496984 0.040203497840531635 0.04415279172311415
28 0.025640636184937816 0.3776149084131715 0.040203497840531635 0.04415279172311415
28 0.50078125 0.0171875 0.0390625 0.034375
16 0.418163307373569 0.08452449118203106 0.052042163787375625 0.05878850180902231
25 0.23220841610372744 0.22819368328925788 0.04871690468807692 0.05549972749876275
34 0.4867921938630486 0.034210230666581486 0.052042163787375625 0.05878850180902231
34 0.21074442628276024 0.2472269663059447 0.051942034237726274 0.057226001809022264
19 0.49064147979881784 0.19284824627041375 0.03365310919158375 0.03913774310259503
22 0.5462196537652263 0.15178283299600218 0.04010336829088246 0.04259029172311406
2 0.6076670959302319 0.10418081467863645 0.03521560919158375 0.03921963025772479
21 0.472552813851974 0.20781150497684103 0.027002590992986342 0.0325601944820761
1 0.578971597009966 0.12670758989340714 0.03521560919158375 0.03921963025772479
10 0.5625956253875961 0.13924521144470464 0.03687823874123293 0.040864017412854545
3 0.425037463759689 0.24456123247560382 0.03521560919158375 0.03921963025772479
30 0.48285925817644804 0.2049354884684976 0.03012759099298634 0.03272396879233552
2 0.496194165642302 0.3856565439864216 0.04362888648947951 0.049004066033373664
5 0.4813806940199322 0.3981122783825894 0.045391645588778215 0.05221095318850324
21 0.4403156030269457 0.43140945726083313 0.03521560919158375 0.0392196302577247
27 0.6227449760981901 0.2941540394638658 0.03521560919158375 0.03921963025772479
18 0.43527764960317317 0.4371238687262224 0.028765350092285046 0.035767081637205676
20 0.4278959461794005 0.44296111092430623 0.0319904796419344 0.03749335594746519
29 0.5597350339331845 0.34183794493636127 0.030227720542635693 0.034286468792335614
1 0.6646914466408258 0.25925341700805715 0.045291516039128864 0.05064845318850324
29 0.6030938101513461 0.30919918532542284 0.030327850092285048 0.03584896879233561
14 0.5709228578073077 0.337358484850453 0.03012759099298634 0.03272396879233561
32 0.5938992828534502 0.3190245646786364 0.031790220542635694 0.03436835594746519
28 0.4088257711332579 0.4610903132082985 0.02856509099298634 0.03264208163720568
28 0.5545468861849379 0.34989610640175056 0.026802331893687813 0.0294351944820761
14 0.5823610055555545 0.3289727747645447 0.03012759099298634 0.03272396879233561
14 0.4193825393318553 0.454308046699955 0.03012759099298634 0.03272396879233561
14 0.6135003840254696 0.3047606688170795 0.030227720542635693 0.034286468792335614
1 0.5862615538298247 0.5475623224805526 0.03521560919158375 0.0392196302577247
0 0.7220266779808032 0.43377538218234807 0.011778109191583752 0.03799132293077854
23 0.041429629088223986 0.058329319878560784 0.03687823874123301 0.040864017412854545
24 0.08723228485603504 0.02400522953492774 0.04352875693983034 0.04744156603337357
27 0.07090637800848984 0.03576160108622526 0.03521560919158375 0.03921963025772479
27 0.11328125 0.0109375 0.0359375 0.021875
12 0.10234375 0.0171875 0.0421875 0.034375
10 0.05936810071059391 0.045709811172133505 0.04186612739018099 0.04579717887824382
24 0.13046875 0.00625 0.0421875 0.0125
2 0.68203125 0.6328125 0.1359375 0.046875
3 0.5921875 0.67578125 0.15625 0.1328125
4 0.487124344545956 0.7672694713943273 0.15482480721668548 0.15605300542706696
5 0.38839814544111995 0.8619855071245477 0.15794980721668547 0.1562167797373263
7 0.71875 0.68359375 0.0625 0.1453125
8 0.6584789104005149 0.7785334407524898 0.14973678901808823 0.1495573439616777
9 0.5552154056201528 0.8711513879480993 0.15462454811738696 0.1529280054270668
0 0.4578125 0.9453125 0.15625 0.109375
2 0.875 0.8046875 0.25 0.390625