18 0.29730819170358036 0.15129288233864324 0.02473918414544123 0.021951409654926035
15 0.29019659855112556 0.13980907912033458 0.028064443244739935 0.025294930942249483
13 0.3103193314322624 0.16868247813159887 0.031489831893687634 0.030200952229572975
24 0.2723978292727941 0.12365420139639374 0.026501943244739756 0.02518567029858776
23 0.28044086674972285 0.1328488849365333 0.023176684145441228 0.02184214901126431
19 0.2536874020671833 0.0972338130287912 0.033052331893687635 0.0303102128732347
28 0.26596735657069 0.11378752849991594 0.02483931369509058 0.023513909654926037
27 0.29125845080287893 0.1477308397639963 0.021514054595791875 0.020170388367602588
10 0.2602680690937613 0.10475673592526898 0.02816457279438911 0.02685743094224948
14 0.299882479180509 0.16010515362596672 0.026501943244739933 0.02518567029858776
29 0.2711405081764481 0.36370004718934934 0.039602720542635694 0.03543475544788164
17 0.1038585803525283 0.1330570625245881 0.04302810919158375 0.040340776735205086
32 0.08719151449796944 0.11148806512247815 0.05486677513842757 0.05516810124083724
29 0.11934387800848985 0.16082142960486717 0.0413654796419344 0.038669016091543364
29 0.29413791718346155 0.3966982174879371 0.039702850092285046 0.03699725544788155
29 0.22123944016242084 0.2974305549830195 0.03804022054263569 0.03532549480421991
29 0.24852383097083716 0.33700650721259245 0.039702850092285046 0.03699725544788164
27 0.2758082217792534 0.37658245944216545 0.02982720234403846 0.028529191585911207
27 0.17464384485049775 0.24080921438584396 0.03138970234403846 0.02863845222957302
24 0.15383999151901015 0.21031868505274884 0.038140350092285044 0.03688799480421991
28 0.25909109114986995 0.35579471204005547 0.03804022054263569 0.03532549480421991
26 0.04838863278885182 0.06796765806544217 0.05965440468807692 0.057058383171822456
10 0.10978840530638578 0.1507362354210659 0.0398029796419344 0.038559755447881636
12 0.1869237993540045 0.25736292985696874 0.03804022054263569 0.03532549480421991
24 0.19779144818198535 0.27146363468443174 0.038140350092285044 0.03688799480421991
23 0.20934021746031678 0.2871814698337256 0.03647772054263569 0.03521623416055819
28 0.12917995296234733 0.1787737541104993 0.038140350092285044 0.03688799480421991
30 0.16377619602251697 0.226708509558381 0.03315246144333717 0.031872712873234656
23 0.2381871082687331 0.3268666827069603 0.03647772054263569 0.03521623416055819
10 0.28291981493170815 0.38806626266047406 0.039702850092285046 0.036997255447881724
14 0.2994867512366177 0.411197760062584 0.0413654796419344 0.03866901609154354
14 0.22653820944075226 0.31271134755766644 0.03647772054263569 0.03521623416055819
34 0.1364219540420814 0.20046843765063888 0.04791586829088246 0.04379355866619026
34 0.3146716602436312 0.44364962714286316 0.04801599784053181 0.04535605866619026
16 0.3039041409652998 0.4279864223154002 0.05124112739018098 0.047137079953513704
18 0.297435293032483 0.5044396616717384 0.03794009099298634 0.03376299480421992
15 0.3421179349206335 0.5664204916252522 0.04459060919158375 0.04045003737886681
21 0.0757149915190102 0.20485565286966206 0.03627746144333708 0.03209123416055819
18 0.2706818283499435 0.46882458976399627 0.03627746144333717 0.032091234160558105
20 0.2900233112310803 0.49764335845342966 0.04302810919158375 0.040340776735204996
10 0.0109375 0.09765625 0.021875 0.0453125
29 0.04379316548541858 0.16417066870910388 0.039702850092285046 0.03699725544788164
18 0.08658264034699097 0.2189563576971251 0.039602720542635785 0.03543475544788164
18 0.3514731485234389 0.5796306858090535 0.03794009099298634 0.03376299480421992
21 0.08078322332041292 0.21148806512247814 0.03794009099298643 0.03376299480421992
18 0.11830420728128396 0.2627663418576832 0.03637759099298634 0.03365373416055819
29 0.2385597432170532 0.43126460560343816 0.039702850092285046 0.036997255447881724
23 0.02265625 0.13125 0.0453125 0.04375
29 0.12249105953303738 0.2709066237886685 0.039602720542635694 0.03543475544788164
23 0.21790608421003962 0.3984303262703429 0.048015997840531635 0.045356058666190434
29 0.24922713294573534 0.4484903104309012 0.039702850092285046 0.036997255447881724
29 0.16571133097083718 0.3312156930985205 0.039702850092285046 0.036997255447881724
29 0.19528940700442873 0.3717367862935861 0.039602720542635694 0.03543475544788155
17 0.26190760564783944 0.4587940259020259 0.04302810919158375 0.040340776735204996
29 0.35545974167589367 0.5908959677400386 0.039702850092285046 0.036997255447881724
12 0.0534289813399774 0.18524799321473603 0.038140350092285044 0.03688799480421991
10 0.06288432449243216 0.19689568739853733 0.039702850092285046 0.03699725544788164
23 0.2736368476282749 0.4839414913731506 0.033152461443336986 0.03187271287323483
24 0.32777483266888013 0.5575700155104657 0.038140350092285044 0.03688799480421991
28 0.37578125 0.6125 0.0359375 0.0125
24 0.1422633389904016 0.3052487727999328 0.038140350092285044 0.03688799480421991
24 0.22744177051494913 0.4210701507759751 0.038140350092285044 0.03688799480421991
23 0.30029018276116515 0.5211190632808927 0.03647772054263569 0.0352162341605581
10 0.3640625 0.6046875 0.0375 0.028125
24 0.03184387800848985 0.15470283355981002 0.0398029796419344 0.038559755447881636
12 0.1322270049372455 0.2904214482943006 0.03647772054263569 0.0352162341605581
23 0.15449322871908375 0.3225837382710575 0.03804022054263569 0.03532549480421991
14 0.17101010024916857 0.3464964856731675 0.0398029796419344 0.038559755447881636
23 0.18339018430232468 0.3614877011442922 0.03804022054263569 0.03532549480421991
23 0.0903689744001471 0.23334663962811025 0.03647772054263569 0.0352162341605581
16 0.0962487345791799 0.25180706252458807 0.04967862739018099 0.04702781930985207
16 0.30622000771502267 0.5387982361773705 0.04967862739018099 0.04702781930985207
18 0.19054374537652147 0.47028354693724783 0.039602720542635694 0.03543475544788155
17 0.01484375 0.225 0.0296875 0.040625
17 0.07934303439460973 0.31968297737529416 0.04302810919158375 0.040340776735205176
17 0.18343215222406678 0.45879974371893917 0.04302810919158375 0.040340776735204996
17 0.25764280537098416 0.5620829168675184 0.04302810919158375 0.040340776735204996
29 0.17007055907161206 0.44687889792598356 0.039702850092285046 0.036997255447881724
29 0.2205025532115159 0.5171092704541442 0.0413654796419344 0.038669016091543364
28 0.11996923195828621 0.3837344057196536 0.038140350092285044 0.03688799480421991
32 0.00625 0.209375 0.0125 0.04375
31 0.09535925817644797 0.35140822477740413 0.03647772054263569 0.0352162341605581
22 0.14521026141565052 0.418458966983734 0.04489099784053181 0.04513753737886681
10 0.08688542412329188 0.33669016091543374 0.039702850092285046 0.03699725544788164
23 0.19433007942967767 0.48467382886823296 0.03647772054263569 0.0352162341605581
14 0.0171875 0.2421875 0.034375 0.0375
23 0.029922827731634617 0.25815561549079524 0.03804022054263569 0.03532549480421991
32 0.046389634486894815 0.28284961289290517 0.04322836829088237 0.04346577673520509
10 0.2635726303248417 0.5797620897639962 0.04146560919158375 0.04023151609154354
14 0.058569459440752245 0.3009658283640299 0.04146560919158375 0.040231516091543365
24 0.129274380786267 0.39772584990345494 0.0398029796419344 0.038559755447881726
14 0.1581212715946833 0.4374110627766896 0.0398029796419344 0.038559755447881726
24 0.22668270203949667 0.530882193350622 0.04146560919158375 0.040231516091543365
27 0.2728777791528225 0.5937535339477976 0.03471496144333699 0.03198197351689647
14 0.27890625 0.6015625 0.0390625 0.034375
14 0.10544565700442873 0.3654542992830363 0.038140350092285044 0.03688799480421991
28 0.2426686474437048 0.5508340604309011 0.03804022054263569 0.03532549480421991
16 0.2008909600590611 0.5047513820865417 0.05124112739018098 0.047137079953513704
13 0.38761301665743775 0.17487212999285473 0.046353368290882456 0.04368429802252858
19 0.2937604919804356 0.04745768815484196 0.04459060919158375 0.040450037378866835
15 0.3536978940476188 0.12855450486680398 0.04302810919158375 0.040340776735205086
18 0.3682214690014763 0.1468346113034213 0.04126535009228505 0.03710651609154336
28 0.3114393453119231 0.07772969620061364 0.03637759099298634 0.03365373416055817
24 0.32152574413990387 0.09177577070624579 0.0398029796419344 0.038559755447881636
10 0.30057169648394233 0.06362899137315063 0.0398029796419344 0.038559755447881636
23 0.3330244486434106 0.10827485585553967 0.03647772054263569 0.03521623416055819
14 0.371907673504983 0.16278739323440652 0.0413654796419344 0.038669016091543364
27 0.35753429287559957 0.14216353679778918 0.033052331893687815 0.0303102128732347
19 0.75 0.37421875 0.5 0.4890625
20 0.25 0.809375 0.5 0.38125
16 0.75 0.840625 0.5 0.31875