7 0.4515625 0.13125 0.015625 0.028125
1 0.45390625 0.11875 0.0109375 0.028125
17 0.5843550625 0 0.643724265625 0.013455928124999999 0.4989705328125 0.2823289234375 0.459375 0.274735084375 0.459375 0.3438311453125 0.6309460421875001 0.3744494765625 0.7643214390624999 0.4107184453125 0.7555636546875 0.46248651250000006 0.7776373453125001 0.474737071875 0.8754439203125 0.29306613125 0.8494579671875 0.2880824078125 0.81471423125 0.3348667515625 0.7809037515625 0.3444167046875 0.5284021187500001 0.298663003125 0.684892640625 0.0079894953125 0.9261241124999999 0.05692651562499999 0.9481978015625 0.069177075 0.9502435468750001 0.1363790203125 0.9845206546874999 0.10821187031249999 1 0.0757863890625 1 0 0.98006685625 0 0.972138009375 0.0069588546875 0.9242763953124999 0 0.5843550625 0
17 0.05625 0.6409413098392365 0.0265625 0.02874324905006951
17 0.01171875 0.725 0.0234375 0.028125
17 0.09609375 0.6262436834143406 0.0265625 0.02874324905006951
17 0.33515625 0.6482141748649658 0.0171875 0.01758754350298606
17 0.44296875 0.5843172886564243 0.0171875 0.017587543502986146
17 0.2609375 0.9222679642838895 0.0171875 0.017587543502986237
17 0.421875 0.7557013261754868 0.0171875 0.017587543502986237
17 0.3828125 0.9594796363959729 0.0171875 0.017587543502986237
27 0.14453125 0.6250273287409379 0.0125 0.012790940729444422
27 0.12578125 0.6605284176467713 0.0125 0.012790940729444422
27 0.3140625 0.6399107123840283 0.0125 0.012790940729444422
27 0.15625 0.9323313356747921 0.0125 0.012790940729444422
27 0.2734375 0.7624026550133338 0.0125 0.012790940729444599
27 0.3890625 0.5994688567606951 0.0125 0.012790940729444422
27 0.359375 0.6550278725282646 0.0125 0.012790940729444422
14 0.04296875 0.6711009353142017 0.0234375 0.027108013867708357
14 0.06875 0.6826385005686808 0.0234375 0.027108013867708357
14 0.021875 0.7690474728332642 0.0234375 0.02710801386770818
14 0.15078125 0.6134540491056601 0.0140625 0.015952308320625087
14 0.08515625 0.7361453602760767 0.0140625 0.015952308320624907
14 0.22890625 0.5832411786646879 0.0140625 0.015952308320624997
14 0.203125 0.6310786134102088 0.0140625 0.015952308320624997
14 0.19609375 0.6441962092498963 0.0140625 0.015952308320625087
14 0.11875 0.7884897634864586 0.0140625 0.015952308320624907
14 0.31953125 0.6291004989531602 0.015625 0.019113675911805572
14 0.278125 0.7062617577868755 0.015625 0.019113675911805572
14 0.22265625 0.8088769582999656 0.0140625 0.015952308320624907
14 0.1953125 0.859803025454306 0.0140625 0.015952308320624907
14 0.1625 0.9207580560395143 0.0140625 0.015952308320624907
14 0.28125 0.7524282429692366 0.015625 0.019113675911805572
14 0.38046875 0.6164563350092019 0.0140625 0.015952308320625087
14 0.35390625 0.6658380859591325 0.0140625 0.015952308320624907
14 0.36640625 0.730191526688577 0.0140625 0.015952308320625087
14 0.3078125 0.8389839920193062 0.0140625 0.015952308320624907
14 0.4515625 0.6157673104079173 0.0140625 0.015952308320624997
14 0.3953125 0.7199268271254173 0.0140625 0.015952308320624907
14 0.4390625 0.7279763696784729 0.0140625 0.015952308320624907
14 0.371875 0.8506313132577089 0.0140625 0.015952308320624907
14 0.4 0.928629679898959 0.0140625 0.015952308320624907
14 0.3765625 0.9718341660312506 0.0140625 0.015952308320624907
14 0.36953125 0.9849517618709381 0.0140625 0.015952308320624907
14 0.45078125 0.99609375 0.0171875 0.0078125
10 0.03046875 0.5765625 0.0234375 0.015625
10 0.03359375 0.6888514797671184 0.0234375 0.02710801386770818
10 0.08828125 0.6463743454584379 0.0234375 0.027108013867708357
10 0.34921875 0.57421875 0.0140625 0.0109375
10 0.309375 0.6999578596104866 0.0140625 0.015952308320625087
10 0.4046875 0.5734375 0.015625 0.009375
10 0.34765625 0.6774113655944103 0.0140625 0.015952308320624907
10 0.34609375 0.7679999980032297 0.0140625 0.015952308320624907
10 0.253125 0.9416173763279867 0.0140625 0.015952308320624907
10 0.4515625 0.7048298104079173 0.015625 0.019113675911805572
10 0.44296875 0.8499422886564243 0.0140625 0.015952308320625087
13 0.32578125 0.6136209693178825 0.01875 0.02074891109416672
13 0.32109375 0.6752306165443408 0.0171875 0.01758754350298606
13 0.33359375 0.7013028072737854 0.0171875 0.017587543502986237
13 0.42421875 0.6198183775622577 0.0171875 0.017587543502986146
13 0.3140625 0.8250669623840283 0.01875 0.020748911094166544
24 0.00546875 0.62890625 0.0109375 0.0265625
24 0.04765625 0.7212100380877434 0.0234375 0.027108013867708357
24 0.13203125 0.6481738880114933 0.0140625 0.015952308320624997
24 0.09921875 0.7083476685967017 0.0140625 0.015952308320625087
24 0.25546875 0.7487031777147575 0.015625 0.019113675911805572
24 0.36640625 0.590347776688577 0.0140625 0.015952308320624997
24 0.34296875 0.6343335128208686 0.0140625 0.015952308320624997
24 0.32734375 0.715219836909063 0.0140625 0.015952308320624907
24 0.4171875 0.635279723401945 0.0140625 0.015952308320624997
24 0.39609375 0.6754137609210076 0.0140625 0.015952308320624907
24 0.37890625 0.7078262174180214 0.0140625 0.015952308320624907
24 0.43125 0.6527945317225701 0.0140625 0.015952308320624997
24 0.39609375 0.8051012609210076 0.0140625 0.015952308320624907
24 0.425 0.8831178113578477 0.0140625 0.015952308320625087
24 0.41953125 0.896271774788716 0.0140625 0.015952308320624907
23 0.12421875 0.58046875 0.0234375 0.0234375
23 0.0921875 0.7230277644363893 0.0140625 0.015952308320624907
23 0.33515625 0.5997766748649658 0.0140625 0.015952308320624997
23 0.1703125 0.9060961439954172 0.0140625 0.015952308320624907
23 0.3296875 0.6621493882958338 0.015625 0.019113675911805572
23 0.29453125 0.7246123674942714 0.0140625 0.015952308320624907
23 0.3109375 0.7453067272016671 0.0140625 0.015952308320624907
23 0.36015625 0.7425460563238546 0.0140625 0.015952308320624907
23 0.30078125 0.8528828378589935 0.0140625 0.015952308320624907
23 0.23671875 0.9709230166205908 0.0140625 0.015952308320625087
23 0.4234375 0.6674564437666672 0.0140625 0.015952308320625087
23 0.45234375 0.8296875 0.0140625 0.015625
30 0.0046875 0.8125 0.009375 0.028125
30 0.3421875 0.5866590790252784 0.0140625 0.015952308320625087
30 0.30234375 0.7130754554501741 0.0140625 0.015952308320624907
30 0.321875 0.812748800339931 0.0140625 0.015952308320624907
30 0.45546875 0.6015625 0.0078125 0.015625
30 0.3890625 0.818218856760695 0.0140625 0.015952308320624907
27 0.38359375 0.829029070191563 0.0125 0.012790940729444422
28 0.13359375 0.571875 0.0234375 0.00625
28 0.009375 0.7953125 0.01875 0.025
28 0.184375 0.6657984523160421 0.0140625 0.015952308320625087
28 0.11171875 0.8000448593261462 0.0140625 0.015952308320624907
28 0.30859375 0.6499396758148963 0.0140625 0.015952308320624997
28 0.1890625 0.8713763050895837 0.0140625 0.015952308320624907
28 0.315625 0.6876033299752089 0.0140625 0.015952308320624907
28 0.2703125 0.7732674198309727 0.0140625 0.015952308320624907
28 0.434375 0.6036485169049313 0.0140625 0.015952308320625087
28 0.3328125 0.791909623478195 0.0125 0.012790940729444422
28 0.28984375 0.8729407647207296 0.0140625 0.015952308320625087
28 0.4453125 0.628121840043195 0.0140625 0.015952308320625087
28 0.4171875 0.6790297234019451 0.0140625 0.015952308320625087
28 0.41328125 0.7734700544239936 0.0140625 0.015952308320625087
28 0.3796875 0.8390944012136117 0.0140625 0.015952308320624907
28 0.390625 0.9463802243518756 0.0140625 0.015952308320624907
11 0.0296875 0.749698060789167 0.0265625 0.02874324905006951
11 0.26953125 0.7193429860353824 0.01875 0.020748911094166544
11 0.2140625 0.8227394365484727 0.0171875 0.017587543502986237
11 0.39453125 0.5878773933298269 0.0171875 0.017587543502986146
11 0.36484375 0.6434364090973964 0.0171875 0.01758754350298606
15 0.13515625 0.6380903731938545 0.015625 0.014426175911805571
15 0.2609375 0.7308617142838894 0.015625 0.014426175911805571
15 0.3734375 0.6272301808488894 0.015625 0.014426175911805571
21 0.2578125 0.7378202291015283 0.0125 0.009665940729444423
21 0.3390625 0.7772113438429172 0.0125 0.009665940729444423
21 0.24296875 0.9554434869853129 0.0125 0.009665940729444423
21 0.409375 0.6929103854460423 0.0125 0.009665940729444423
21 0.4046875 0.9193637826725005 0.0125 0.0096659407294446
32 0.08125 0.5993356912981254 0.0265625 0.03343074905006951
32 0.1703125 0.578125 0.01875 0.01875
32 0.2109375 0.6171979513661116 0.0171875 0.02071254350298606
32 0.24609375 0.7656724721676741 0.01875 0.02387391109416672
32 0.31875 0.73064481515757 0.01875 0.02387391109416672
32 0.278125 0.8937617577868755 0.0171875 0.02071254350298606
18 0.06953125 0.6162504343642712 0.0203125 0.017660278685347208
18 0.1625 0.5871643060395143 0.0125 0.009665940729444423
18 0.11796875 0.6720653296908685 0.0125 0.0096659407294446
18 0.128125 0.766832969033542 0.0125 0.0096659407294446
18 0.18125 0.8805694671336809 0.0125 0.009665940729444423
18 0.3828125 0.6063546363959728 0.0125 0.009665940729444423
18 0.43828125 0.5928019358828827 0.0125 0.009665940729444423
18 0.3484375 0.7602420493900006 0.0125 0.009665940729444423
18 0.27109375 0.904535603626563 0.0125 0.0096659407294446
18 0.23984375 0.9624020018029519 0.0125 0.0096659407294446
18 0.43515625 0.6442917007005214 0.0125 0.009665940729444423
18 0.40546875 0.6998507164680909 0.0125 0.009665940729444423
18 0.4171875 0.7634047234019451 0.0125 0.009665940729444423
18 0.4546875 0.82265625 0.009375 0.0078125
16 0.1796875 0.8930330995425004 0.0171875 0.01758754350298606
16 0.4546875 0.73515625 0.009375 0.0203125
16 0.434375 0.8700547669049312 0.0171875 0.017587543502986237
16 0.41171875 0.9101524368328132 0.0171875 0.017587543502986237
34 0.01171875 0.6125 0.0234375 0.025
12 0.096875 0.575 0.021875 0.0125
12 0.0234375 0.7065838404244447 0.0234375 0.027108013867708357
12 0.41015625 0.6491785692416325 0.0140625 0.015952308320624997
12 0.4046875 0.7920200326725005 0.0140625 0.015952308320624907
19 0.3484375 0.6266482993900006 0.015625 0.011301175911805572
29 0.02109375 0.5869980390376739 0.0203125 0.017660278685347208
29 0.065625 0.6247532653863198 0.021875 0.020821646276527873
29 0.1109375 0.6015891755305559 0.021875 0.020821646276527783
29 0.05546875 0.7034231260436462 0.0203125 0.017660278685347208
29 0.1609375 0.5925966884483337 0.0125 0.012790940729444422
29 0.15625 0.6018625856747921 0.015625 0.014426175911805571
29 0.2328125 0.5734375 0.0125 0.009375
29 0.18828125 0.6549518712939935 0.0125 0.012790940729444422
29 0.37265625 0.5787744970532992 0.015625 0.014426175911805571
29 0.4484375 0.57421875 0.0125 0.0109375
29 0.40078125 0.6630228636945492 0.0125 0.012790940729444422
29 0.37109375 0.7185818794621186 0.0125 0.012790940729444599
29 0.353125 0.7517574021635423 0.0125 0.012790940729444422
29 0.3265625 0.8019204031134727 0.0125 0.012790940729444422
29 0.29375 0.8620941836986811 0.0125 0.012790940729444422
29 0.2671875 0.9114759346486115 0.0125 0.012790940729444599
29 0.21875 0.996875 0.0125 0.00625
29 0.4390625 0.6373513696784728 0.0125 0.012790940729444422
29 0.453125 0.69296875 0.0125 0.0140625
29 0.42734375 0.7448911127446187 0.015625 0.014426175911805571
29 0.3640625 0.99375 0.015625 0.0125
20 0.1234375 0.7760988662600004 0.015625 0.014426175911805571
20 0.340625 0.6889664614340978 0.0171875 0.01758754350298606
20 0.228125 0.9832229948690976 0.0171875 0.017587543502986237
20 0.40078125 0.7083353636945493 0.015625 0.014426175911805571
20 0.44296875 0.7163485386564242 0.0171875 0.01758754350298606
25 0.3859375 0.695489871578334 0.0171875 0.01758754350298606
22 0.0046875 0.75859375 0.009375 0.0328125
31 0.07890625 0.6641248899113545 0.0234375 0.027108013867708357
25 0.1125 0.6820942931217365 0.01875 0.020748911094166544
17 0.10546875 0.6952118889614239 0.0171875 0.01758754350298606
2 0.16015625 0.7066410046527435 0.01875 0.02074891109416672
29 0.2171875 0.6017184217308338 0.0171875 0.017587543502986146
8 0.15234375 0.7228654166968407 0.01875 0.02074891109416672
8 0.14375 0.7382903949453476 0.01875 0.020748911094166544
21 0.1328125 0.7583483218070837 0.0171875 0.01758754350298606
32 0.2859375 0.6884748457427783 0.0234375 0.028670513867708358
32 0.23046875 0.7910900462558685 0.0234375 0.03023301386770836
13 0.2015625 0.8451047458190282 0.01875 0.02074891109416672
28 0.13359375 0.971647755602674 0.01875 0.020748911094166544
13 0.2859375 0.7392560957427783 0.0171875 0.01758754350298606
13 0.45234375 0.984375 0.0140625 0.021875
32 0.7296875 0.784375 0.540625 0.43125