7 0.5821428605585959 0.4200567604927999 0.041097714672181596 0.04322836829088246
2 0.5499757978994592 0.3666907310354356 0.03949885200509069 0.040003238741233106
0 0.5422905672342773 0.35625387878368214 0.03793635200509069 0.039903109191583755
1 0.5353865865690954 0.3457669617571041 0.03949885200509051 0.040003238741233106
7 0.528500787237459 0.33371754473052617 0.03949885200509069 0.040003238741233106
4 0.61796875 0.4640625 0.0390625 0.009375
0 0.6193723299252307 0.17254141040051482 0.05056362133990895 0.05164164558877822
4 0.73046875 0.36640625 0.0390625 0.0515625
4 0.6269939259230035 0.18844701265226815 0.05530566534054522 0.05662953423772628
1 0.646897345918231 0.22230157850682702 0.052144302673454136 0.05330427513842757
1 0.6384672279201401 0.20878979102989828 0.05214430267345431 0.05330427513842757
7 0.6109422119271397 0.15902962292358608 0.052144302673454136 0.05330427513842757
5 0.7421875 0.39921875 0.015625 0.0421875
2 0.73515625 0.38046875 0.0296875 0.0515625
0 0.72578125 0.35078125 0.0484375 0.0546875
11 0.15078125 0.61875 0.3015625 0.3
14 0.2625 0.74296875 0.525 0.5140625
12 0.50390625 0.6984375 0.4921875 0.459375
29 0.43203125 0.95859375 0.3796875 0.0828125
20 0.58125 0.8390625 0.3375 0.321875
10 0.4421875 0.5125 0.503125 0.0875
18 1 0.7575831828125 0.8338285109375001 0.8402900437499999 0.75 0.87841401875 0.75 0.9552416843749999 1 0.8319551234375 1 0.7575831828125