18 0.38046875 0.2203125 0.0171875 0.034375
18 0.31080549188562046 0.19109814288370447 0.022447744317957152 0.034726314514629576
13 0.3394253697266419 0.2049754237036582 0.038181838473758486 0.042343324882222165
27 0.19059813190150648 0.15091122323254683 0.027053423701106104 0.030448917624907423
28 0.2928912889635211 0.18954520480643589 0.030232970779006774 0.03384731969842587
24 0.23939414204777623 0.17082389057463027 0.034975017856907445 0.03738242280870363
30 0.2146259671288541 0.15972985716277838 0.033412517856907444 0.037245721771944316
23 0.36263104464556395 0.21620615815226935 0.03494774431795715 0.03581992280870363
34 0.26022879342774796 0.18382217657838024 0.0350295649348082 0.04050742280870363
18 0.384375 0.2734375 0.009375 0.034375
18 0.36181283847705376 0.26308115815226935 0.017705697240056394 0.031191211404351903
13 0.19212367573299627 0.19758117167740794 0.03661933847375849 0.04220662384546294
11 0.27965490341186194 0.23282631310050994 0.0350295649348082 0.04050742280870363
28 0.3749168104738766 0.27207544933981564 0.025545470779006863 0.03343721658814811
27 0.20831173742139358 0.20864581079143568 0.023928423701106104 0.0301755155513888
23 0.31523784740550753 0.24999468925504703 0.031795470779006775 0.03398402073518518
10 0.23000945941821635 0.2168882462768061 0.031795470779006865 0.03398402073518518
24 0.3415821590939048 0.2601707716301397 0.034975017856907445 0.03738242280870363
24 0.2540236578760888 0.22648813020703767 0.03494774431795715 0.03581992280870363
18 0.3196702029253946 0.30889123562638965 0.020857970779006862 0.03302711347787035
18 0.21582818263285514 0.26961270508925983 0.020830697240056484 0.03146461347787035
18 0.38515625 0.33671875 0.0078125 0.0328125
29 0.37578125 0.33203125 0.0265625 0.0359375
29 0.30803327354224563 0.3052289934020841 0.023982970779006862 0.0333005155513888
17 0.28555430154542283 0.29705490843509336 0.03343979139585782 0.03880822177194432
17 0.2344145413991531 0.2773472926481487 0.03343979139585782 0.03880822177194432
29 0.2529872633959759 0.2858631302070377 0.02869774431795715 0.03527311866166656
28 0.1498855827950109 0.2488599991515282 0.030232970779006774 0.03384731969842587
32 0.3420264439969409 0.3240965705933805 0.04281479139585773 0.03962842799249984
23 0.196365116480231 0.2674152180487505 0.03176819724005649 0.032421520735185186
16 0.1683628474055075 0.2628445867104171 0.0365920649348082 0.04064412384546294
18 0.1529327163180752 0.2977369965596301 0.020857970779006862 0.03302711347787017
13 0.1351003340128269 0.29149655848236156 0.03661933847375849 0.04220662384546294
29 0.270700868915863 0.3435977177659266 0.03031479139585782 0.03853481969842587
29 0.29782643060426023 0.3537054496226396 0.03185001785690744 0.03710902073518518
10 0.21642247200011805 0.3249447540525006 0.033412517856907444 0.037245721771944316
23 0.31792074229265754 0.36442833614476927 0.031795470779006865 0.03398402073518518
10 0.34114005398105485 0.3748778205933804 0.030232970779006864 0.03384731969842587
24 0.2504838263021892 0.33990608124379695 0.03656479139585782 0.039081623845462946
31 0.19236736323382014 0.31768862012226895 0.031795470779006865 0.03398402073518518
24 0.17145089123699733 0.30937783411851905 0.03651024431795715 0.03595662384546294
32 0.36796875 0.384375 0.0421875 0.040625
13 0.3459991034945874 0.4540185164463434 0.031795470779006865 0.03398402073518518
27 0.36923205195246 0.4636867508949546 0.027080697240056396 0.032011417624907425
18 0.21193379505260107 0.40334315612601906 0.020803423701106105 0.029902113477870352
14 0.1917849362863031 0.3957452696038894 0.027080697240056482 0.032011417624907425
24 0.38359375 0.47265625 0.0109375 0.0390625
10 0.32042240503671504 0.4445553335528711 0.033412517856907444 0.037245721771944316
11 0.23056106412732458 0.40873399368490804 0.027080697240056396 0.032011417624907425
29 0.09879859537691264 0.3601973318094448 0.031822744317957154 0.03554652073518518
10 0.2661712816599205 0.42433986983944505 0.03343979139585782 0.03880822177194432
10 0.11817984091268577 0.36708231884995407 0.033412517856907485 0.037245721771944316
23 0.2940780933483177 0.43437925117777854 0.033412517856907444 0.037245721771944316
23 0.14451051583160787 0.37803965122504674 0.033412517856907444 0.037245721771944316
27 0.17008721428948032 0.387502834118519 0.030232970779006864 0.03384731969842587
8 0.69453125 0.26953125 0.6109375 0.5390625
23 0.19453125 0.76953125 0.3890625 0.4609375
21 0.69453125 0.76953125 0.6109375 0.4609375