29 0.07968992924014247 0.12437587205649284 0.04299298340326043 0.03219555737069442
29 0.0990193470816374 0.15746047577996497 0.043111382573423465 0.033758057370694414
29 0.041327091482559995 0.054300414609548396 0.0413120842330974 0.03059668977951393
29 0.0664329126434029 0.0934895479682984 0.043111382573423465 0.033758057370694414
27 0.09003543338932732 0.1319337989182289 0.031463487552445366 0.02412848423243048
28 0.07841177177160966 0.11036792344326365 0.03986798340326052 0.03212282218833344
12 0.0203125 0.01171875 0.040625 0.0234375
24 0.029691774470902033 0.022596472930173396 0.03998638257342346 0.03368532218833327
23 0.0386048331841903 0.0387663335874997 0.036624584233097404 0.030487587005972115
23 0.06124850517487013 0.07957251833302052 0.03662458423309749 0.030487587005972115
10 0.0970191391981862 0.1426894609623261 0.043111382573423465 0.033758057370694414
14 0.1099685024755778 0.16734396884611086 0.04322978174358649 0.035320557370694415
14 0.053838746876500386 0.06414754008451365 0.03830548340326043 0.03208645459715278
34 0.13301491616788788 0.19254333738722185 0.051279080083912555 0.03862739532659738
16 0.12326140786951809 0.17717291052548578 0.05307837842423861 0.04178876291777787
18 0.19576336990215423 0.19810169994440932 0.04107528589277152 0.02747168977951393
15 0.23153400392547024 0.2612186425737148 0.046354781743586496 0.03539329255305575
18 0.17522664957114836 0.16036596381211776 0.0393943867226084 0.025872822188333443
20 0.19256751492313243 0.1888176189223607 0.044792281743586494 0.03535692496187508
32 0.33939035765509223 0.45367628666604104 0.05859467261537965 0.05283536569131968
18 0.23906216139400308 0.2750811208222218 0.04107528589277134 0.02747168977951393
29 0.1551635259207945 0.11638022767982611 0.043111382573423465 0.033758057370694414
29 0.3232451393986788 0.419737697760208 0.04299298340326043 0.03219555737069442
23 0.1355973097389735 0.08642062395635382 0.048390878424238615 0.041679660144236054
29 0.16636113504900124 0.13327678695038153 0.04299298340326043 0.03219555737069442
29 0.3014419169930805 0.3781320792190968 0.043111382573423465 0.033758057370694414
29 0.09765625 0.0140625 0.0421875 0.028125
29 0.12161824272731545 0.05477123366374972 0.04299298340326043 0.03219555737069442
17 0.16986464334737103 0.14879268417683988 0.044792281743586494 0.03535692496187508
29 0.24862641554318793 0.2826572314795482 0.043111382573423465 0.033758057370694414
23 0.18797510330541475 0.16708808928708302 0.03494368506293437 0.02888871941479181
24 0.2304926447972635 0.2440856939604857 0.03842388257342364 0.03364895459715278
28 0.268973881725009 0.31259865140743004 0.03818708423309758 0.03052395459715278
23 0.31974163110030906 0.4042218005337495 0.036624584233097404 0.030487587005972296
24 0.1516008180373433 0.10164558045336776 0.03998638257342346 0.03368532218833344
23 0.20923387405133917 0.20558689162378432 0.03830548340326043 0.03208645459715278
10 0.2622269742564762 0.2987179893633328 0.03998638257342346 0.03368532218833344
23 0.09375 0.00703125 0.040625 0.0140625
14 0.10920167571565749 0.02308547577996496 0.03998638257342346 0.03368532218833344
23 0.11805553484386425 0.040036586437291355 0.039867983403260435 0.03212282218833344
12 0.2798754929278081 0.33340146067798565 0.03986798340326061 0.03212282218833344
23 0.29703875952454767 0.3641968657882287 0.036624584233097404 0.030487587005972296
14 0.3553346663683805 0.469682493163055 0.03830548340326043 0.03208645459715278
24 0.2882440999814224 0.34646450513090227 0.04166728174358649 0.03528418977951393
14 0.31149142321685785 0.38959625608083287 0.03986798340326061 0.03212282218833344
16 0.22313043069003494 0.21774139950756907 0.05307837842423861 0.04178876291777769
18 0.21210061015389198 0.08541986198850662 0.04275618506293437 0.029070557370694416
17 0.20517610393011462 0.0738829499444094 0.04479228174358667 0.03535692496187508
17 0.2649753111888661 0.18011345972805515 0.04479228174358667 0.03535692496187508
29 0.20089134563174493 0.058385236513541286 0.043111382573423465 0.033758057370694414
29 0.2414795342191643 0.12996864257371482 0.043111382573423465 0.033758057370694414
22 0.18552737737533143 0.024428463812117673 0.04682837842423861 0.041643292553055565
23 0.2239494147179954 0.09372267125906211 0.03662458423309758 0.030487587005972296
10 0.2788718678275618 0.1922679676118398 0.04322978174358649 0.035320557370694415
24 0.17421875 0.01015625 0.0421875 0.0203125
14 0.19732863774829362 0.04365058928708301 0.04166728174358649 0.03528418977951375
24 0.25158824002802316 0.14065156943545096 0.0449106809137497 0.03691942496187508
27 0.28724047488117604 0.20533101206475646 0.03650618506293455 0.028925087005972117
14 0.29272088027511645 0.21534179170003434 0.043111382573423465 0.033758057370694414
28 0.26243065164574075 0.16223562870600644 0.03986798340326061 0.03212282218833344
16 0.23856802177160966 0.10664024534725654 0.05464087842423861 0.04182513050895835
15 0.08856064084857129 0.5219041822769789 0.03314438672260831 0.025727351823611144
21 0.09813655039169653 0.5396183591387149 0.02642079004195628 0.019331881458888846
21 0.09921875 0.54296875 0.0234375 0.0140625
24 0.09668079416791922 0.5279541605254858 0.02833848755244537 0.02405574905006951
24 0.1078125 0.54296875 0.028125 0.0140625
27 0.81953125 0.275 0.3609375 0.55
1 0.04453125 0.9234375 0.0890625 0.153125
5 0.19375 0.6390625 0.278125 0.178125
6 0.2632352124336215 0.7503707551309023 0.2779869805034753 0.23107338772715308
7 0.34578483545927535 0.8857068834556591 0.2715001821631494 0.2278029173624308
12 1 0.55 0.6390625 0.55 0.6390625 1 0.8347536312500001 1 0.8022706671875 0.9149641734374999 0.7347897328124999 0.9299651250000001 0.6760007234375001 0.8414703687499999 0.6749742203125 0.7885873703125 0.708851703125 0.696264884375 0.789062428125 0.6020285390625 0.8632504265625001 0.56503755625 0.9099258406249999 0.5807513578125001 0.9505785234375 0.6537105249999999 0.9516050249999999 0.706593525 0.9177275437500001 0.7989160078124999 1 0.91933623125 1 0.55