2 0.07843787054982072 0.6118305747135434 0.024601893713693722 0.02527272000318135
4 0.06054189515692658 0.6131839893777707 0.024601893713693722 0.025272720003181703
1 0.04420841976403245 0.6145555853755436 0.024601893713693722 0.02527272000318135
10 0.6828125 0.31484375 0.634375 0.6296875
32 0.16953125 0.81484375 0.3390625 0.3703125
17 0.4799125175732833 0.69956638470718 0.014644696856846818 0.012663632001908986
17 0.38649215735803566 0.7390823233609078 0.014644696856846906 0.012663632001908986
17 0.5988615707164364 0.6884572567234064 0.014644696856846906 0.012663632001908986
17 0.6352400264646235 0.7654015647278609 0.014644696856846906 0.012663632001909165
17 0.817523833536718 0.7394128714194506 0.014644696856846906 0.012663632001908986
17 0.9094009644301302 0.7170571607654045 0.014644696856846906 0.012663632001909165
17 0.9875516972666224 0.8358713427752675 0.014644696856846906 0.01266363200190881
17 0.7405954222452318 0.9821356260741329 0.014644696856846906 0.01266363200190881
27 0.4159056755550007 0.716780609365044 0.00981164764263518 0.009484088001272716
27 0.5625965849844601 0.6810078360518613 0.00981164764263518 0.00948408800127254
27 0.6521663531814251 0.6594061033974971 0.00981164764263518 0.009484088001272716
27 0.6776565047530017 0.6534560954009969 0.00981164764263518 0.009484088001272716
27 0.4692126120727654 0.7213050247055891 0.00981164764263518 0.009484088001272716
27 0.6970486676971179 0.7512850680696787 0.00981164764263518 0.009484088001272716
27 0.9055482183590715 0.7013957980983136 0.00981164764263518 0.00948408800127254
27 0.4059570949092576 0.8384737960295896 0.00824914764263518 0.009465906667727352
27 0.7851115938758003 0.7476248134149962 0.00981164764263518 0.009484088001272716
27 0.7403277868037057 0.7752134640754056 0.00981164764263518 0.00948408800127254
27 0.517966943337681 0.8460237613780889 0.00981164764263518 0.00948408800127254
27 0.6409185998716562 0.9208521333943154 0.00981164764263518 0.00948408800127254
27 0.6787632022290211 0.9119225760661788 0.00981164764263518 0.00948408800127254
27 0.9212011052483398 0.8530582954328135 0.00981164764263518 0.00948408800127254
27 0.5964493542148824 0.7540186220559975 0.00981164764263518 0.009484088001272716
27 0.6353021466046687 0.8840879300604516 0.00981164764263518 0.00948408800127254
27 0.6640329222452317 0.9812447407304061 0.011374147642635179 0.00950226933481808
27 0.9568710856036325 0.9315560127704952 0.009811647642634824 0.00948408800127254
14 0.4220636302697304 0.6981124253659985 0.014571922249741043 0.011101132001908987
14 0.493101722288013 0.6809800167090889 0.014571922249741043 0.011101132001908987
14 0.70625 0.63203125 0.01875 0.0046875
14 0.3626180097154005 0.7294346033577261 0.017696922249741044 0.011137494668999891
14 0.689266092842343 0.6512487054025877 0.014571922249740864 0.011101132001908987
14 0.730944170592602 0.6408021014083147 0.014571922249741043 0.011101132001909163
14 0.4004818827509298 0.7376834553628168 0.017696922249741044 0.011137494668999891
14 0.4290606470189534 0.7309885600334075 0.017696922249741044 0.011137494668999891
14 0.5495165421803891 0.7019379540499522 0.014571922249741043 0.011101132001908987
14 0.5633971056626246 0.6981953360518612 0.017696922249740864 0.011137494668999891
14 0.6143774088057776 0.6862953200588608 0.017696922249741044 0.011137494668999891
14 0.8931937675732833 0.7043753474299501 0.014571922249740864 0.011101132001908987
14 0.4175666829985988 0.8362664060311804 0.014571922249741043 0.01110113200190881
14 0.6306809590534467 0.7848691800604517 0.014571922249741043 0.011101132001908987
14 0.6453427725356821 0.7811356527291335 0.014571922249741043 0.011101132001908987
14 0.728735315339753 0.7610236947405875 0.014571922249741043 0.011101132001908987
14 0.7511368542148824 0.7558185740769965 0.014571922249741043 0.011101132001908987
14 0.8314407843225062 0.7364515034213597 0.014571922249741043 0.011101132001909163
14 0.4283779044625515 0.8504470846992259 0.014571922249741043 0.01110113200190881
14 0.7287545860179174 0.7782021040738147 0.014571922249740864 0.011101132001909163
14 0.8669609073580358 0.7446730834261321 0.014571922249741043 0.011101132001908987
14 0.5990521234453048 0.8266657813892249 0.014571922249741043 0.01110113200190881
14 0.4903021697640324 0.9394010440404074 0.014571922249741043 0.01110113200190881
14 0.5204434340320561 0.9327243300445435 0.014571922249741043 0.01110113200190881
14 0.5891741633538917 0.9163458993873157 0.017696922249740864 0.011137494668999891
14 0.7860641259265042 0.86866401941436 0.014571922249740864 0.01110113200190881
14 0.9381873980524107 0.8321736307685862 0.014571922249741043 0.011101132001909163
14 0.9953125 0.8171875 0.009375 0.0125
14 0.5667918951569266 0.938729429384134 0.014571922249740864 0.01110113200190881
14 0.629345399085868 0.9238407733927246 0.014571922249741043 0.01110113200190881
14 0.7659892204259862 0.8902935714114963 0.014644696856846906 0.01266363200190881
14 0.7891720093011158 0.8850975414146781 0.014571922249741043 0.01110113200190881
14 0.8208757735691392 0.8784390087523597 0.014571922249741043 0.01110113200190881
14 0.7823826619061496 0.97403277207986 0.017696922249741044 0.011137494668999891
14 0.8263681023528557 0.9628321900859053 0.014571922249740864 0.01110113200190881
14 0.9692255363894209 0.9285764634388588 0.01457192224974122 0.01110113200190881
10 0.40641935959156594 0.6807522026973167 0.014571922249741043 0.011101132001909163
10 0.5006402404849781 0.6584237640435889 0.014571922249741043 0.011101132001908987
10 0.46917407071643646 0.6869482060391345 0.014571922249741043 0.011101132001908987
10 0.5293838246453779 0.6720322780474068 0.014571922249741043 0.011101132001908987
10 0.6506209698068137 0.6429907627307243 0.014571922249741043 0.011101132001908987
10 0.6799809840748373 0.6363049580680877 0.014571922249741043 0.011101132001908987
10 0.4923397429661775 0.6981493353755435 0.014571922249741043 0.011101132001908987
10 0.78671875 0.63125 0.0140625 0.003125
10 0.4397477439996348 0.7927982167011348 0.017696922249741044 0.011137494668999891
10 0.5331873748930469 0.7704606873806342 0.014571922249741043 0.011101132001908987
10 0.5665456844463408 0.7825612453850885 0.014571922249741043 0.011101132001908987
10 0.7156167311793531 0.747596994072224 0.014571922249740864 0.011101132001908987
10 0.837598739037236 0.717783319422314 0.014571922249741043 0.011101132001909163
10 0.8630888906088126 0.711833311425814 0.014571922249741043 0.011101132001908987
10 0.9719715849844601 0.6857713454407678 0.01457192224974122 0.011101132001908987
10 0.39516514412346926 0.8414715266947713 0.014571922249741043 0.01110113200190881
10 0.43066599648083415 0.8325146973663167 0.014571922249741043 0.01110113200190881
10 0.5472884162493757 0.8049811380489977 0.014571922249741043 0.011101132001908987
10 0.7959399319651415 0.7454083327498143 0.014571922249740864 0.011101132001909163
10 0.9294951406088126 0.7126060181014953 0.017696922249741044 0.011137494668999891
10 0.9789129437519659 0.7006878207749495 0.01457192224974122 0.011101132001908987
10 0.6337888424280582 0.8013027020607699 0.014571922249740864 0.011101132001908987
10 0.667763582088976 0.7931089413987698 0.014571922249740864 0.011101132001908987
10 0.7897455899468588 0.76329526674886 0.014571922249741043 0.011101132001909163
10 0.40446952356913934 0.8735936833624987 0.014571922249741043 0.011101132001909163
10 0.4777465117823151 0.9212959340388164 0.017696922249741044 0.011137494668999891
10 0.5711861426757272 0.8989584047183158 0.014571922249741043 0.01110113200190881
10 0.5359228848178443 0.9297811433799978 0.014571922249741043 0.01110113200190881
10 0.6038723641396799 0.9133936220559974 0.014571922249740864 0.01110113200190881
10 0.7513445235691394 0.8776299394095874 0.014571922249741043 0.011101132001909163
10 0.7992362140158453 0.8664748107494962 0.014571922249740864 0.01110113200190881
10 0.8802850068199163 0.846335580760632 0.014571922249740864 0.01110113200190881
10 0.90964502108794 0.8396497760979955 0.014571922249741043 0.01110113200190881
10 0.9575367115346459 0.8284946474379045 0.01457192224974122 0.01110113200190881
10 0.4332002992097025 0.970750494032453 0.014644696856846906 0.01266363200190881
10 0.49884241583509104 0.9551169507081344 0.014571922249741043 0.01110113200190881
10 0.6965136284077036 0.9074441614019513 0.014571922249741043 0.01110113200190881
10 0.59921875 0.99453125 0.0140625 0.0109375
10 0.755330010334573 0.9799645987428146 0.014571922249741043 0.01110113200190881
13 0.38320018341288353 0.6851669826941351 0.017769696856846907 0.012699994668999893
13 0.4782023143062957 0.66284763470718 0.014644696856846906 0.012663632001908986
13 0.40576654218038916 0.7002652713637714 0.014644696856846906 0.012663632001909165
13 0.43512655644841286 0.6935794667011348 0.014644696856846906 0.012663632001908986
13 0.5069095111631425 0.675674898710998 0.017769696856846817 0.012699994668999893
13 0.5779861445377541 0.692899308720543 0.017769696856846907 0.012699994668999893
13 0.4165285678209523 0.7972129966979531 0.017769696856846907 0.012699994668999893
13 0.5114943114108115 0.7741123987109979 0.014644696856846906 0.012663632001908986
13 0.5248504900706934 0.8094050087125888 0.014644696856846906 0.012663632001908986
13 0.6592233360179174 0.7773930347310425 0.017769696856846907 0.012699994668999893
13 0.9572562675732833 0.7051207821053134 0.014644696856846906 0.012663632001908986
13 0.6121321662493757 0.8057356633911337 0.014644696856846906 0.012663632001908986
13 0.4545637229071856 0.9264919640356346 0.017769696856846907 0.012699994668999893
13 0.5495294664970448 0.9033913660486796 0.017769696856846907 0.012699994668999893
13 0.5512396697640324 0.9401101160486796 0.014644696856846906 0.01266363200190881
13 0.57734375 0.996875 0.0140625 0.00625
24 0.346875 0.63203125 0.015625 0.0046875
24 0.3677935072342011 0.6896726693586807 0.017696922249741044 0.011137494668999891
24 0.4635041135205074 0.6657999120384982 0.014571922249741043 0.011101132001908987
24 0.5710982896991899 0.6623669240531339 0.014571922249741043 0.011101132001908987
24 0.5363615707164364 0.6877300033815887 0.017696922249741044 0.011137494668999891
24 0.6390670396991898 0.6631578120623607 0.017696922249741044 0.011137494668999891
24 0.5008436017336831 0.7130839920432708 0.017696922249741044 0.011137494668999891
24 0.40115827894582284 0.8024999333624987 0.017696922249741044 0.011137494668999891
24 0.49690527253568206 0.7794084260423162 0.014571922249741043 0.011101132001909163
24 0.49707009242805816 0.7997118353755435 0.014571922249741043 0.011101132001908987
24 0.5117319059102935 0.7959783080442253 0.014571922249741043 0.011101132001908987
24 0.6692511534290941 0.7579890540658607 0.014571922249741043 0.011101132001909163
24 0.7557686962331651 0.7379134587444055 0.014571922249741043 0.011101132001908987
24 0.9333457326270953 0.6946918121021317 0.014571922249741043 0.011101132001908987
24 0.4662032361417519 0.824339118037862 0.017696922249741044 0.011137494668999891
24 0.511751176588458 0.8131567173774524 0.017696922249741044 0.011137494668999891
24 0.5812631559102936 0.7967873773869976 0.017696922249740864 0.011137494668999891
24 0.6947605756788352 0.7692174554025877 0.014571922249740864 0.011101132001908987
24 0.47161848221281055 0.8400186620384982 0.014571922249741043 0.01110113200190881
24 0.5519224123204343 0.8206515913828614 0.017696922249741044 0.011137494668999891
24 0.7681253010717294 0.7685094780792237 0.014571922249740864 0.011101132001908987
24 0.9094566224118475 0.7350168200986318 0.014571922249741043 0.011101132001908987
24 0.99765625 0.71171875 0.0046875 0.0109375
24 0.433048287837163 0.8668987880330894 0.017696922249741044 0.011137494668999891
24 0.49095067906965734 0.8527368380410436 0.014571922249741043 0.01110113200190881
24 0.4391570467285032 0.9309976507001803 0.017696922249741044 0.011137494668999891
24 0.5349040403183624 0.9079061433799979 0.014571922249741043 0.01110113200190881
24 0.6664258680686214 0.898504966064588 0.014571922249741043 0.011101132001909163
24 0.7004006077295392 0.8903112054025877 0.014571922249740864 0.011101132001909163
24 0.6656275014432328 0.9148930347310426 0.014571922249740864 0.01110113200190881
24 0.7382280934615155 0.8977788074076785 0.014571922249741043 0.01110113200190881
24 0.8540328759265042 0.8694549074235868 0.014571922249740864 0.011101132001909163
24 0.9088466544625515 0.8560378447644499 0.014571922249741043 0.01110113200190881
24 0.684375 0.9953125 0.01875 0.009375
24 0.8472435285315381 0.9583901380887685 0.014571922249741043 0.01110113200190881
24 0.892791468978244 0.9472077374283593 0.014571922249741043 0.01110113200190881
24 0.9375581594249504 0.9360162461011772 0.014571922249741043 0.01110113200190881
24 0.99765625 0.91953125 0.0046875 0.0109375
18 0.3947369968951189 0.6813970926957259 0.006759422249741043 0.011010225334181811
18 0.48977551509208395 0.6598589947087709 0.006759422249741043 0.011010225334181811
18 0.44669975723420113 0.6905908267027255 0.006759422249741043 0.011010225334181811
18 0.422010126340789 0.7137283346992257 0.005124147642635179 0.00942954400063627
18 0.4280653813031877 0.793443106699544 0.006759422249741043 0.011010225334181811
18 0.5223226495001527 0.771895918045816 0.006759422249741043 0.011010225334181811
18 0.6144009875894939 0.7706248667249973 0.006759422249740865 0.011010225334181811
18 0.5364236908564817 0.8064163687141797 0.006759422249741043 0.011010225334181811
18 0.8900880382514478 0.7215173940960865 0.006759422249741043 0.011010225334181811
18 0.46000889412346924 0.8422260520369074 0.006759422249741043 0.011010225334181811
18 0.5874232646777993 0.8116947620544066 0.006759422249741043 0.011010225334181811
18 0.8993731470189534 0.7364611414305864 0.006759422249741043 0.011010225334181811
18 0.5750880845701754 0.8318527207192703 0.006759422249741043 0.011010225334181811
18 0.4661369236929739 0.9235033240372255 0.006759422249741043 0.011010225334181811
18 0.561883917282833 0.9004118167170432 0.00668664764263518 0.009447725334181456
18 0.46786424358535 0.9438249147039983 0.006759422249741043 0.011010225334181811
18 0.8214922036767632 0.8581446900859051 0.006759422249741043 0.011010225334181811
18 0.4687011515670673 0.9617936647039983 0.006759422249741043 0.011010225334181811
18 0.5891570467285032 0.9327430587205431 0.006759422249740865 0.011010225334181455
18 0.96745752108794 0.840322485439177 0.006759422249740865 0.011010225334181811
18 0.5890625 0.99609375 0.00625 0.0078125
18 0.881890356281797 0.9478617180935413 0.005051373035529316 0.007867044000636269
25 0.44973271194893083 0.6718862800365892 0.017769696856846907 0.012699994668999893
25 0.6097434127347191 0.6706248667249973 0.014644696856846906 0.012663632001908986
25 0.6244416135205074 0.667672589393679 0.014644696856846906 0.012663632001908986
25 0.6352528349844601 0.6818532680617244 0.014644696856846906 0.012663632001908986
25 0.4830247090534467 0.7831510440404073 0.014571922249741043 0.011101132001908987
25 0.5508756809316842 0.6472959073838158 0.014571922249741043 0.011101132001909163
25 0.584204065339753 0.7593419213876339 0.014644696856846906 0.012663632001908986
25 0.8523525978047417 0.7327907014242231 0.014644696856846906 0.012663632001908986
25 0.5210962514432328 0.9132112613780888 0.017769696856846817 0.012699994668999893
25 0.6222392204259861 0.8886208887253154 0.014644696856846906 0.01266363200190881
25 0.6509699960665494 0.9857776993952697 0.014644696856846906 0.01266363200190881
25 0.8627593666208793 0.9562282014242232 0.014644696856846906 0.01266363200190881
30 0.5857601031814251 0.6586333967218156 0.014571922249740864 0.011101132001909163
30 0.40355122476921246 0.7197601586966804 0.014571922249741043 0.011101132001908987
30 0.5502421341986719 0.6839873853834977 0.014571922249741043 0.011101132001908987
30 0.5950452119489308 0.6735771440563155 0.014571922249740864 0.011101132001909163
30 0.7185897198068136 0.6437816507399512 0.014571922249741043 0.011101132001908987
30 0.5139793025194714 0.710113533378407 0.014571922249741043 0.011101132001908987
30 0.6854754669113297 0.7542737080680878 0.017696922249740864 0.011137494668999891
30 0.7704305097154005 0.7341799314130872 0.014571922249741043 0.011101132001908987
30 0.5959249693925288 0.7930538500556793 0.014571922249740864 0.011101132001908987
30 0.41524220367676323 0.8534175433640894 0.014571922249741043 0.01110113200190881
30 0.8522990938758003 0.7484066107574503 0.014571922249740864 0.011101132001908987
30 0.44845496401584545 0.862393101368544 0.014571922249741043 0.01110113200190881
30 0.5071749925518927 0.8490214920432706 0.014571922249741043 0.01110113200190881
30 0.5519416829985987 0.8378300007160886 0.017696922249740864 0.011137494668999891
30 0.7142447839082215 0.8857873374044967 0.014571922249741043 0.01110113200190881
30 0.8694759394087395 0.8657304707590413 0.014571922249740864 0.01110113200190881
30 0.7005162317985257 0.9933816614019513 0.014571922249741043 0.01110113200190881
16 0.69375 0.634375 0.01875 0.009375
16 0.4491355525194714 0.709359008036271 0.014644696856846906 0.012663632001909165
16 0.8794223660017068 0.710461715428041 0.014644696856846906 0.012663632001908986
16 0.9227807218737283 0.8366793174331317 0.014644696856846906 0.01266363200190881
16 0.6008030221213974 0.9313169187221337 0.017769696856846907 0.012699994668999893
21 0.6235704722880131 0.6824981580601336 0.006759422249740865 0.011010225334181811
21 0.5765563852321292 0.7795544240531339 0.006759422249741043 0.011010225334181811
21 0.5827336106250233 0.7780646493873157 0.006759422249741043 0.011010225334181811
21 0.9827271484666955 0.6819923647755859 0.00675942224974122 0.011010225334181811
21 0.8422327351082946 0.7334537727561777 0.005124147642635179 0.00942954400063627
21 0.8276694290696573 0.8566549154200869 0.005124147642635179 0.00942954400063627
21 0.797583822783351 0.8812912887491781 0.005051373035529316 0.007867044000636269
21 0.7181938833701024 0.9873407467377241 0.005124147642635179 0.00942954400063627
21 0.7228449960665493 0.9866140407383603 0.00668664764263518 0.009447725334181811
29 0.4806744968951189 0.6823970660407254 0.00981164764263518 0.00948408800127254
29 0.6103962301458958 0.6511117980585428 0.011374147642635179 0.00950226933481808
29 0.466776816787495 0.7025368433720437 0.009884422249741042 0.011046588001272718
29 0.5030953064484128 0.6943703547103617 0.009884422249741042 0.011046588001272539
29 0.6598333039672134 0.6563720100652242 0.009884422249740865 0.011046588001272539
29 0.7546875 0.63359375 0.009375 0.0078125
29 0.6228855756788352 0.7683811140594973 0.009884422249740865 0.011046588001272718
29 0.7974103866798712 0.7266856047501326 0.009884422249740865 0.011046588001272718
29 0.9209548945377541 0.6968901114337681 0.009884422249741042 0.011046588001272539
29 0.773502005786459 0.7498322034134054 0.009884422249740865 0.011046588001272539
29 0.8954840136443419 0.7200185287634955 0.009884422249741042 0.011046588001272539
29 0.45457653142702215 0.8429436673694983 0.009884422249741042 0.011046588001272539
29 0.7557344629823881 0.7707077774108602 0.009884422249740865 0.011046588001272539
29 0.8901073089296123 0.7386958034293137 0.009884422249741042 0.011046588001272539
29 0.5080889832462678 0.9357038793761798 0.009884422249741042 0.011046588001272539
29 0.6146279276219152 0.9096146413908155 0.009884422249740865 0.011046588001272539
29 0.5250774301031147 0.9483947833784072 0.00981164764263518 0.00948408800127254
29 0.48879532774574985 0.9573425220400891 0.009884422249741042 0.011046588001272539
29 0.9775773837843872 0.8396594141072224 0.009884422249741221 0.011046588001272539
29 0.7992790634777261 0.9679827667488599 0.00981164764263518 0.00948408800127254
29 0.8741870181924558 0.9501145614258139 0.00981164764263518 0.00948408800127254
29 0.9251673213356091 0.9382145454328136 0.00981164764263518 0.00948408800127254
28 0.39041552398342405 0.7227306173615442 0.014571922249741043 0.011101132001908987
28 0.5811282611631425 0.6765385120544065 0.014571922249740864 0.011101132001908987
28 0.7448611213783902 0.6378407334102237 0.014571922249741043 0.011101132001908987
28 0.765625 0.63359375 0.015625 0.0078125
28 0.4453641972666224 0.8295624200349984 0.014571922249741043 0.011101132001909163
28 0.4422948552483398 0.8474857167011347 0.014571922249741043 0.01110113200190881
28 0.4994159964808341 0.8333146760423162 0.017696922249741044 0.011137494668999891
28 0.6970872090534467 0.7856418867361332 0.014571922249741043 0.011101132001908987
28 0.880877858143824 0.741711715428041 0.014571922249741043 0.011101132001908987
28 0.9364728866798713 0.7283037434356772 0.017696922249740864 0.011137494668999891
28 0.5650773837843871 0.834859542051225 0.014571922249741043 0.01110113200190881
28 0.6121514369275403 0.822914072724361 0.014571922249740864 0.01110113200190881
28 0.6260683877133285 0.81995270472627 0.014571922249740864 0.01110113200190881
28 0.5744759625681034 0.9192981767186339 0.014644696856846906 0.01266363200190881
28 0.6254562657112566 0.9073981607256336 0.014571922249741043 0.01110113200190881
28 0.6532901672828331 0.9014754247294515 0.014571922249741043 0.01110113200190881
28 0.8131167774980808 0.8627321927514053 0.014571922249741043 0.01110113200190881
28 0.4471172499954908 0.9677891260343621 0.014571922249741043 0.01110113200190881
28 0.45943531347772615 0.9640283267027258 0.014644696856846906 0.01266363200190881
28 0.47722212695996147 0.9603311620384982 0.014644696856846906 0.01266363200190881
28 0.5791827332462678 0.9365311300524976 0.014571922249740864 0.01110113200190881
28 0.8077036854797981 0.8806282174172235 0.014571922249741043 0.01110113200190881
11 0.5379883449092576 0.8400101187141796 0.017769696856846907 0.012699994668999893
11 0.41831369974782173 0.8690698153644076 0.017769696856846907 0.012699994668999893
34 0.5217361445377541 0.692244780712907 0.014644696856846906 0.012663632001908986
34 0.4862181755550007 0.717598769374589 0.014644696856846906 0.012663632001908986
34 0.6577871145539647 0.7633214440642698 0.014644696856846906 0.012663632001908986
34 0.5674189797316112 0.8013112453850886 0.014644696856846906 0.012663632001908986
34 0.8183971288219883 0.7581628714194506 0.014644696856846906 0.012663632001908986
34 0.9890520771265774 0.7172031587762222 0.014644696856846906 0.012663632001908986
34 0.47788775289097496 0.8572697967059074 0.014644696856846906 0.01266363200190881
34 0.6888637942473037 0.8940810954009969 0.014644696856846906 0.01266363200190881
34 0.8386797036767633 0.8583446847549052 0.014644696856846906 0.01266363200190881
34 0.7243475299792801 0.9015214254057693 0.014644696856846906 0.01266363200190881
34 0.8417875870513747 0.8747782067552233 0.014644696856846906 0.01266363200190881
15 0.47774004962398725 0.8205692280394528 0.011446922249741042 0.011064769334818082
15 0.5796835392849051 0.8131663553866794 0.009884422249741042 0.011046588001272539
22 0.6343966563245783 0.6467061087284971 0.024019696856846906 0.012772720003181703
22 0.5295187193925289 0.7922811433799979 0.024019696856846906 0.012772720003181703
22 0.8182858128585536 0.722243552752996 0.024019696856846906 0.012772720003181703
22 0.7125110018575176 0.7647390407383604 0.024019696856846906 0.012772720003181703
22 0.5521471983000797 0.9260657973822249 0.024019696856846906 0.012772720003181703
22 0.8624981933376811 0.8500327454248595 0.024019696856846906 0.012772720003181703
22 0.9877572125681034 0.9241071394414041 0.024019696856846906 0.012772720003181703
12 0.4568196199306482 0.689927755370771 0.014571922249741043 0.011101132001909163
12 0.5433007754311662 0.6690709100493158 0.014571922249741043 0.011101132001909163
12 0.5564364762169545 0.6661004513844522 0.014571922249741043 0.011101132001908987
12 0.5534463709641055 0.7863129540499523 0.017696922249741044 0.011137494668999891
12 0.7279347946615886 0.7438361947405875 0.017696922249741044 0.011137494668999891
12 0.7426329954473768 0.7408839174092693 0.014571922249741043 0.011101132001908987
12 0.737463960086904 0.8813725574076784 0.014571922249741043 0.01110113200190881
12 0.9714172750168814 0.8247520294398132 0.01457192224974122 0.01110113200190881
12 0.9852978384991168 0.8210094114417222 0.01769692224974122 0.011137494668999891
31 0.44294121050118873 0.7272459420353166 0.014571922249741043 0.011101132001909163
31 0.47802049358535 0.9439430933720437 0.017696922249741044 0.011137494668999891
31 0.7684657111203613 0.976994140077951 0.017769696856846907 0.012699994668999893
20 0.9919929865560366 0.6797577027768587 0.014644696856846906 0.012663632001909165
20 0.9319566687305751 0.8492793147676316 0.011446922249740865 0.011064769334818435
23 0.5988958039672134 0.6556629380569519 0.014571922249740864 0.011101132001908987
23 0.6660640332890491 0.6392663260661788 0.014571922249741043 0.011101132001908987
23 0.3757537105011887 0.7264641446928624 0.014571922249741043 0.011101132001908987
23 0.43365610173368313 0.7123021947008166 0.017696922249741044 0.011137494668999891
23 0.4143624462331651 0.7339408373647258 0.014571922249741043 0.011101132001908987
23 0.5348183413946008 0.7048902313812706 0.014571922249741043 0.011101132001909163
23 0.7850923231976358 0.730446404081769 0.014571922249740864 0.011101132001908987
23 0.8515156898230243 0.7148219514242231 0.014571922249741043 0.011101132001908987
23 0.6167640082676584 0.7878305480585428 0.014571922249741043 0.011101132001908987
23 0.9441933413946011 0.7096537407701771 0.014571922249741043 0.011101132001908987
23 0.99296875 0.696875 0.0140625 0.0125
23 0.4862802956950459 0.83628513470718 0.017696922249741044 0.011137494668999891
23 0.5982516027671404 0.8094782813892248 0.014571922249741043 0.011101132001908987
23 0.6476694059102936 0.797560084062679 0.017696922249740864 0.011137494668999891
23 0.6832066455712114 0.7893845047342242 0.014571922249741043 0.011101132001908987
23 0.8028812907326472 0.7603248080839962 0.014571922249741043 0.011101132001908987
23 0.923337185894083 0.7312742021005408 0.017696922249740864 0.011137494668999891
23 0.5851351726595165 0.8296271493873156 0.014571922249741043 0.01110113200190881
23 0.7636625870513747 0.8738691400779508 0.014571922249740864 0.01110113200190881
23 0.8941655703021517 0.8425929627625411 0.014571922249740864 0.01110113200190881
23 0.5135042293173264 0.9513834233768161 0.014571922249741043 0.01110113200190881
23 0.6154284483000797 0.9268021413908155 0.014571922249741043 0.01110113200190881
23 0.7112118291934919 0.9044918840706331 0.014571922249741043 0.01110113200190881
23 0.7505461569437509 0.894018008076042 0.014571922249740864 0.01110113200190881
23 0.9074532824604795 0.943474210097041 0.014571922249740864 0.01110113200190881
1 0.38684956823523714 0.6461681173615441 0.00824914764263518 0.009465906667727175
1 0.35478623903723605 0.7121652873567716 0.011446922249740954 0.011064769334818082
25 0.35309530644841286 0.692624946689999 0.017696922249741044 0.011137494668999891
10 0.5345422055387901 0.6486675033815887 0.017769696856846907 0.012699994668999893
27 0.5639386071103666 0.6427629487189521 0.011374147642635179 0.00950226933481808
1 0.579345283289049 0.6382572620544066 0.00981164764263518 0.00948408800127254
5 0.59375 0.63515625 0.01875 0.0109375
10 0.3833650033052597 0.7054703920273624 0.02096747146395277 0.014298857336090797
26 0.7031830436281312 0.6482873374044967 0.017769696856846907 0.012699994668999893
32 0.368814505786459 0.7451232380251352 0.024019696856846816 0.012772720003181703
14 0.456076911286977 0.7242754833704528 0.014571922249741043 0.011101132001908987
1 0.4202507272504118 0.7597766313653622 0.011446922249741042 0.011064769334818082
2 0.858016092842343 0.6532122894254957 0.014571922249740864 0.011101132001908987
25 0.38642369085648165 0.8046709606938169 0.017769696856846817 0.012699994668999893
10 0.5678705899468588 0.7607135173854067 0.02096747146395277 0.014298857336090797
1 0.6126736676971178 0.7503032760582246 0.011446922249740865 0.011064769334818082
5 0.6273354811793531 0.7465697487269063 0.017769696856846907 0.012699994668999893
2 0.38971351074885774 0.825010732694135 0.017769696856846907 0.012699994668999893
10 0.4213445004097755 0.8167897000318167 0.02096747146395268 0.014298857336090797
1 0.44143867658845803 0.8123385573679075 0.011446922249741042 0.011064769334818082
1 0.46075160276714044 0.8078783240372255 0.011446922249741042 0.011064769334818082
35 0.4823718916422699 0.8026641127068619 0.017769696856846907 0.012699994668999893
32 0.6043902868037057 0.7736316880569519 0.024019696856846906 0.012772720003181703
32 0.9572733841986718 0.6887236227720861 0.024019696856846906 0.012772720003181703
25 0.4978342258026697 0.8161180853755436 0.014644696856846906 0.012663632001908986
28 0.6808800121965998 0.7729600734006787 0.014571922249740864 0.011101132001908987
33 0.7642725550006707 0.7528481154121327 0.014571922249740864 0.011101132001908987
32 0.8762074747692123 0.7252600120941775 0.024019696856846906 0.012772720003181703
26 0.4006531648016337 0.8587135706954078 0.017769696856846907 0.012699994668999893
27 0.5642768631062227 0.817672042051225 0.00981164764263518 0.009484088001272716
32 0.712530272535682 0.7819174500715876 0.020894696856846907 0.012736357336090798
26 0.8384913050006707 0.7537117287555414 0.014644696856846906 0.012663632001908986
29 0.4600281648016337 0.8594044613701346 0.009884422249741042 0.011046588001272539
1 0.458285882336645 0.8890555987030438 0.00824914764263518 0.009465906667727352
3 0.8976501352321291 0.7832906880967229 0.014644696856846906 0.012663632001908986
25 0.4244952332462678 0.9347311780314985 0.017769696856846907 0.012699994668999893
10 0.605905745033092 0.8899924847230883 0.017769696856846907 0.012699994668999893
1 0.6507088227833511 0.8795822433959062 0.011374147642635179 0.00950226933481808
5 0.6661882735691393 0.8766390567313607 0.014644696856846906 0.01266363200190881
3 0.42931116583509105 0.9543078813653623 0.014644696856846906 0.01266363200190881
1 0.48846999606654934 0.9838868407065438 0.009884422249741042 0.011046588001272539
15 0.4571086801031147 0.9476038953691802 0.014644696856846818 0.01266363200190881
32 0.892622340980316 0.8597531907622228 0.024019696856846906 0.012772720003181703
32 0.9551758449092576 0.8448645347708134 0.024019696856846906 0.012772720003181703
2 0.9240007735691392 0.879638976766359 0.014644696856846906 0.01266363200190881
10 0.6346365206736552 0.9871492953930427 0.017769696856846907 0.012699994668999893
1 0.6794395984239142 0.9767390540658607 0.009884422249741042 0.011046588001272539
5 0.6941014119061496 0.9730055267345424 0.017769696856846907 0.012699994668999893
34 0.67109375 0.99609375 0.0171875 0.0078125
17 0.8131960142635144 0.9650213987507688 0.014571922249740864 0.01110113200190881
2 0.9534764119061496 0.9760236281030862 0.014571922249740864 0.011101132001909163