25 0.40658104531249994 0 0.402709903125 0.02791813125 0.43906690625 0.1609724453125 0.47743667500000003 0.20975994375 0.5470054296875 0.25054801718749997 0.6668951125 0.261683640625 0.838489534375 0.21768678593750002 0.9090648921875001 0.4759686921875 0.9086418921875001 0.4796875 1 0.4796875 1 0.411684659375 0.8875074406250001 0 0.40658104531249994 0
0 0.23598261495099884 0.969523129687419 0.02268048340326061 0.03243306840173403
3 0.310402274494124 0.9471406244963344 0.02447978174358667 0.03564907366340595
2 0.2483050161957543 0.9664513375940444 0.02268048340326061 0.03243306840173403
7 0.21067496163165078 0.9772747165050045 0.02268048340326061 0.03243306840173403
3 0.38359375 0.92265625 0.0109375 0.0390625
9 0.37734375 0.92734375 0.0234375 0.0359375
1 0.22299736287640642 0.9742029244116299 0.024716580083912733 0.038774073663405774
12 0.53828125 0.90078125 0.2984375 0.1984375
14 0.553125 0.765625 0.328125 0.334375
29 0.809375 0.61015625 0.38125 0.2609375
20 0.771875 0.81953125 0.45625 0.3609375