8 0.06467833313603277 0.15719950983808104 0.046721887305303154 0.050812227498762755
2 0.01171875 0.4140625 0.0234375 0.034375
5 0.01845523634296047 0.40534043871632475 0.029034282132453626 0.03272396879233561
2 0.0635236954350182 0.3577350983726918 0.03220474623907634 0.034450243102595125
0 0.07163171212806567 0.347169412597043 0.03220474623907634 0.034450243102595125
0 0.05859375 0.5453125 0.0390625 0.028125
0 0.3184432129859955 0.49726683062115296 0.033858174452321775 0.0376571302577247
1 0.0812794967678017 0.33730308966626443 0.029034282132453626 0.03272396879233561
7 0.09014603140753782 0.3274777103130509 0.0338581744523216 0.0376571302577247
7 0.19373638117011094 0.41331563376422764 0.03868206677218975 0.04259029172311415
7 0.42711718250289454 0.3815831976498947 0.033858174452321775 0.0376571302577247
3 0.04609375 0.55234375 0.0390625 0.0140625
3 0.3080369103995707 0.5063928471294965 0.033858174452321775 0.0376571302577247
8 0.20581884402309242 0.4002014801007546 0.040290030878812465 0.04423467887824391
8 0.43678769919594185 0.3709356247191161 0.03220474623907634 0.034450243102595125
35 0.81484375 0.2796875 0.3703125 0.559375
10 0.003125 0.85625 0.00625 0.028125
10 0.15102998792580608 0.7293588721171245 0.027335389812585563 0.027954581637205766
10 0.05185538737181013 0.9475124078473446 0.02572742570596289 0.0263101944820761
10 0.25396711982083287 0.7840286827234311 0.027335389812585563 0.027954581637205766
10 0.28431384936686177 0.7598165767759657 0.027380853919208192 0.029517081637205768
10 0.4017945175509773 0.6631728708739291 0.027335389812585476 0.027954581637205766
10 0.46798650422314214 0.8547185617379605 0.03215928213245363 0.032887743102595124
10 0.39274716033306367 0.974110370873929 0.03215928213245363 0.032887743102595124
10 0.503653568092338 0.9425560764372815 0.030551318025830908 0.03124335594746519
10 0.5427986361181689 0.9108623411366026 0.030551318025830908 0.03124335594746528
27 0.009301826009896746 0.8818774417685425 0.01290917695960413 0.01471759724103805
27 0.44417824584336485 0.6274091112629906 0.019295569279472246 0.01973264586155703
27 0.03046875 0.99765625 0.0203125 0.0046875
27 0.20713993243638748 0.865268716644629 0.019295569279472246 0.019732645861557076
27 0.3022682275009648 0.7861776809144088 0.019341033386094785 0.021295145861556987
27 0.48919522915031755 0.6351906337642277 0.019341033386094962 0.02129514586155703
27 0.5182221849436699 0.8708072291962434 0.025772889812585475 0.02787269448207601
17 0.009375 0.84140625 0.01875 0.0296875
17 0.23816026339434213 0.7910975542747286 0.02898881802583091 0.03116146879233552
17 0.3851836790711752 0.6710639360027914 0.02898881802583091 0.03116146879233552
17 0.42722746041220605 0.9418810470386394 0.035420674452321776 0.03773901741285464
10 0.18059546747183494 0.7051877097472239 0.024119461599340218 0.024665807326946253
27 0.03131923000824729 0.8222191587518559 0.030551318025830932 0.03124335594746528
24 0.04799826464798338 0.8119843436229933 0.027335389812585563 0.027954581637205766
24 0.10540393619731117 0.903362938150498 0.027335389812585563 0.027954581637205766
24 0.20687315947513385 0.8208193537997588 0.025727425705962936 0.02631019448207601
24 0.15761129387744313 0.9053072184536513 0.02572742570596289 0.0263101944820761
24 0.32140467240725756 0.7719137850528517 0.027335389812585653 0.027954581637205766
24 0.5163487625364123 0.613486052127022 0.027335389812585476 0.027954581637205787
24 0.5315562253893937 0.6002081241532894 0.027335389812585653 0.027954581637205766
24 0.084375 0.996875 0.025 0.00625
24 0.4072475810244617 0.904705273632891 0.035329746239076344 0.034614017412854546
24 0.4280147220906885 0.8880157406162041 0.03693771034569906 0.036258404567984306
24 0.5438874261681813 0.7930164218692972 0.03376724623907634 0.034532130257724794
24 0.47746915281121627 0.9041453516520521 0.03376724623907634 0.034532130257724794
11 0.06485915571421018 0.795499528494131 0.030551318025830932 0.03124335594746528
11 0.08006661856719163 0.7822216005203984 0.030596782132453627 0.03280585594746528
11 0.230364483769171 0.8445501028952476 0.030551318025830908 0.03124335594746528
24 0.10561218784666382 0.7621614060383223 0.035375210345698974 0.03617651741285455
17 0.13198447123275867 0.7404977679786814 0.030596782132453627 0.03280585594746528
16 0.16851300461885352 0.7183018634106972 0.03376724623907625 0.034532130257724794
16 0.06799721291948846 0.9825491491409174 0.030596782132453627 0.03280585594746519
16 0.13670776049134828 0.9266842514703381 0.030551318025830953 0.03124335594746528
23 0.19582566237812776 0.6911285317734913 0.025727425705962936 0.02631019448207601
23 0.1828900901956617 0.840797661126705 0.024119461599340218 0.024665807326946343
23 0.2987627942731545 0.745798342379798 0.025727425705962936 0.02631019448207601
23 0.11927020790492353 0.9361787601767653 0.02572742570596289 0.0263101944820761
23 0.43249894827150503 0.6802851277713339 0.025727425705962936 0.02631019448207601
23 0.290625 0.990625 0.03125 0.01875
23 0.45970733979995027 0.9784017232033497 0.03215928213245363 0.032887743102595124
23 0.564369759237707 0.8933506145423509 0.03376724623907634 0.034532130257724794
33 0.31394752507282464 0.7333016644060654 0.027335389812585653 0.027954581637205766
29 0.0046875 0.88515625 0.009375 0.0171875
29 0.00625 0.9859375 0.0125 0.025
29 0.09189536566419776 0.9118714789691008 0.02255696159934022 0.024583920171816587
29 0.1933645889420205 0.8293278946183615 0.02255696159934022 0.024583920171816587
29 0.22534201464798337 0.8026901515157665 0.024164925705962938 0.026228307326946344
29 0.264464350620503 0.7717776662150876 0.024164925705962938 0.026228307326946344
29 0.34597041488541025 0.7051014213034703 0.02255696159934022 0.024583920171816497
29 0.37390519827150503 0.6833558960886996 0.024164925705962938 0.026228307326946254
29 0.4130729983506473 0.6508809107880207 0.02255696159934022 0.024583920171816497
29 0.08972746041220599 0.9595686725466657 0.02255696159934022 0.024583920171816587
29 0.10013376299863072 0.9504426560383223 0.02099446159934022 0.02450203301668665
29 0.2583674633151999 0.820460827680477 0.02255696159934022 0.024583920171816587
29 0.3965698084589195 0.7086900887617533 0.02255696159934022 0.024583920171816497
29 0.503621442003299 0.62195364936806 0.024164925705962938 0.026228307326946275
29 0.57109375 0.56875 0.0203125 0.01875
29 0.3889605822781029 0.9165844759168831 0.030596782132453627 0.03280585594746528
29 0.4840206811827462 0.8398371901866628 0.029034282132453626 0.03272396879233561
29 0.5247737133151998 0.8064990677308541 0.03220474623907634 0.034450243102595035
29 0.42265625 0.99453125 0.0296875 0.0109375
29 0.47656823086617706 0.9619169080744874 0.030596782132453627 0.03280585594746519
14 0.01727345038307613 0.875999255992894 0.016079641066226814 0.016443871551297562
14 0.043623001715859644 0.855116867933253 0.016125105172849485 0.018006371551297563
14 0.03749737067876269 0.9584056422435123 0.024119461599340218 0.024665807326946166
14 0.33471466613905143 0.7166121313893786 0.024119461599340218 0.024665807326946253
14 0.4545618163764783 0.6190643447546471 0.024119461599340218 0.024665807326946277
14 0.46896529717614843 0.6066086103584795 0.024164925705962938 0.026228307326946275
14 0.04453125 0.9921875 0.0234375 0.015625
14 0.08007967577246991 0.9694349954774442 0.02572742570596289 0.0263101944820761
14 0.19436714779665137 0.8752988138856669 0.024119461599340218 0.024665807326946343
14 0.29023122875460605 0.7977293345778819 0.024119461599340218 0.024665807326946343
14 0.45000469701786383 0.6684468690649067 0.024119461599340218 0.024665807326946253
14 0.4763769804039587 0.6467832310052658 0.024164925705962938 0.026228307326946254
14 0.58359375 0.56484375 0.0234375 0.0109375
14 0.31296873211981835 0.9814116157855464 0.03215928213245363 0.032887743102595124
14 0.3497245860390266 0.951403211217562 0.03215928213245363 0.032887743102595124
14 0.5007451799291049 0.8280398750578005 0.030596782132453627 0.032805855947465365
14 0.371875 0.98671875 0.03125 0.0265625
14 0.43828125 0.98828125 0.0328125 0.0234375
14 0.5291249295333935 0.9786639948000756 0.03215928213245363 0.032887743102595124
22 0.030068967076123564 0.8651879087518559 0.022511497492717546 0.023021420171816586
22 0.50234375 0.990625 0.0421875 0.01875
28 0.050927036355595735 0.845373375735169 0.01934103338609485 0.021295145861557074
27 0.06209185688870914 0.8369876656492607 0.01934103338609485 0.021295145861557074
24 0.07486464152844521 0.8269575684082227 0.022511497492717504 0.0230214201718165
21 0.13425636190327409 0.8768889693581624 0.016170569279472156 0.01956887155129756
21 0.16650056057049056 0.8947005891004377 0.017778533386094874 0.021213258706427318
21 0.35827418659302257 0.7379991304848674 0.017778533386094874 0.021213258706427318
21 0.5484398485089319 0.582942059024427 0.019341033386094962 0.02129514586155703
21 0.4505944157433401 0.8626505704443875 0.024210389812585477 0.027790807326946342
21 0.3546875 0.99296875 0.021875 0.0140625
21 0.5165854771052534 0.9270572291962434 0.022647889812585652 0.027708920171816587
18 0.13986150422314209 0.8719148643152084 0.0193864974927175 0.022857645861557075
18 0.170208233769171 0.847702758367743 0.0193864974927175 0.022857645861556985
18 0.3228595238191834 0.7219137850528516 0.019341033386094875 0.021295145861556987
18 0.10732413737181012 0.9446054138402384 0.0193864974927175 0.022857645861557075
18 0.3087228159807669 0.7788188822938897 0.0193864974927175 0.022857645861557075
18 0.3886436481923628 0.7130057745374021 0.0193864974927175 0.02285764586155703
18 0.4862387475592246 0.9512693351437088 0.02742631802583091 0.03107958163720568
28 0.016707497559224536 0.9758764252601992 0.024119461599340218 0.024665807326946166
28 0.0646281720115462 0.9374823106063065 0.022511497492717546 0.023021420171816586
28 0.12614834521022664 0.8874546551338112 0.024164925705962893 0.026228307326946344
28 0.49772679466886594 0.5832596415661438 0.022511497492717504 0.02302142017181652
28 0.2774357120615586 0.8085406818189199 0.022511497492717504 0.023021420171816586
28 0.3517286698999752 0.7484829291053864 0.020948997492717503 0.02293953301668683
28 0.4132715751519669 0.697674023632891 0.02251149749271768 0.0230214201718165
28 0.41112508729266783 0.9591061685899369 0.030551318025830908 0.03124335594746519
34 0.07809127843803694 0.9305362697877037 0.02898881802583091 0.03116146879233552
34 0.36012384309865564 0.7012394369073025 0.030551318025830908 0.03124335594746528
34 0.3707969186463339 0.7365627832438294 0.02898881802583091 0.03116146879233552
10 0.5603177228821112 0.5768591553609538 0.024119461599340218 0.024665807326946277
34 0.45969061942512146 0.9253586103584794 0.035420674452321776 0.03773901741285455
25 0.15635868243638748 0.8679300491863458 0.027380853919208283 0.029517081637205768
25 0.48794261770926184 0.5978134644969224 0.030596782132453627 0.03280585594746528
25 0.53671875 0.56484375 0.0296875 0.0109375
12 0.43220944325694016 0.6366170149264636 0.024119461599340218 0.024665807326946253
30 0.51796875 0.56875 0.0234375 0.01875
30 0.24787023251552975 0.8327118441888203 0.024119461599340218 0.024665807326946343
30 0.3373479211536164 0.7601574135015541 0.024119461599340218 0.024665807326946253
30 0.09921875 0.99140625 0.0234375 0.0171875
30 0.5005573118241318 0.8881142379026707 0.03215928213245363 0.032887743102595034
13 0.17844663110360398 0.8862739354369644 0.02898881802583091 0.03116146879233561
13 0.5821028285171792 0.8736998558359236 0.03859113855894432 0.03946529172311406
31 0.46282294576422256 0.6568542718238687 0.02572742570596276 0.02631019448207601
31 0.3305426770261112 0.9672296070791191 0.03215928213245363 0.032887743102595124
27 0.3681025129986307 0.9363990089335699 0.025772889812585565 0.027872694482076098
24 0.56484375 0.990625 0.0453125 0.01875
30 0.59140625 0.98046875 0.0421875 0.0390625
6 0.81484375 0.7796875 0.3703125 0.440625