8 0.3671875 0.48359375 0.0234375 0.04375
5 0.071875 0.66640625 0.0171875 0.03125
1 0.090625 0.66484375 0.0140625 0.028125
7 0.103125 0.66328125 0.015625 0.028125
2 0.17265625 0.653125 0.015625 0.0296875
5 0.1859375 0.65234375 0.0140625 0.028125
2 0.24765625 0.64375 0.015625 0.0296875
0 0.26015625 0.640625 0.015625 0.0296875
0 0.128125 0.79921875 0.0203125 0.0375
0 0.35703125 0.92265625 0.0171875 0.03125
1 0.2734375 0.6390625 0.0125 0.0296875
7 0.2859375 0.63671875 0.0171875 0.03125
7 0.31328125 0.7734375 0.0203125 0.0359375
7 0.50703125 0.90078125 0.0171875 0.03125
3 0.1109375 0.8015625 0.01875 0.0375
3 0.34375 0.9234375 0.0171875 0.03125
8 0.3296875 0.77109375 0.0203125 0.0375
4 0.17890625 0.946875 0.0171875 0.03125
8 0.52109375 0.8984375 0.015625 0.0296875