7 0.3609375 0.2 0.0109375 0.025
2 0.22734375 0.5328125 0.015625 0.034375
0 0.240625 0.53515625 0.01875 0.0375
2 0.15078125 0.525 0.015625 0.0328125
1 0.16484375 0.52734375 0.0140625 0.0359375
1 0.253125 0.5359375 0.015625 0.0359375
7 0.26640625 0.5375 0.015625 0.034375
3 0.0703125 0.51484375 0.015625 0.0328125
2 0.05234375 0.51171875 0.015625 0.03125
4 0.0828125 0.51640625 0.015625 0.034375
7 0.08515625 0.66484375 0.0203125 0.040625
5 0.25625 0.68671875 0.0203125 0.04375
7 0.0703125 0.66171875 0.01875 0.0390625
8 0.2390625 0.68359375 0.0234375 0.0484375
3 0.05390625 0.66171875 0.01875 0.0421875
0 0.271875 0.6875 0.0203125 0.040625
5 0.41953125 0.87890625 0.0171875 0.0375
0 0.43203125 0.88046875 0.0171875 0.0359375
7 0.25703125 0.85859375 0.015625 0.034375
8 0.40703125 0.87734375 0.01875 0.0390625
1 0.078125 0.8375 0.01875 0.0375
6 0.0921875 0.83984375 0.015625 0.0328125
3 0.24375 0.8578125 0.015625 0.034375
7 0.27109375 0.8609375 0.0171875 0.034375