35 0.86953125 0.31796875 0.2609375 0.4828125
6 0.13671875 0.58203125 0.0984375 0.0453125
7 0.1125 0.7136868043847967 0.0984375 0.07828073295387128
1 0.29375 0.57109375 0.096875 0.0234375
0 0.2828125 0.6122764886392096 0.0984375 0.07359323295387146
0 0.26328125 0.7368361578760888 0.1015625 0.07677278003177204
3 0.43984375 0.6056292479747004 0.09375 0.06882391233702041
4 0.4140625 0.758423011367381 0.1 0.08924550649282174
7 0.584375 0.6226376956217939 0.09375 0.08913641233702041
8 0.565625 0.7729649780891981 0.1 0.08299550649282175
27 0.86953125 0.76015625 0.2609375 0.4015625