0 0.42649835055371044 0.19132526733738658 0.03840116594684382 0.01559050790866543
2 0.4263283698320418 0.17651335083548378 0.03683866594684382 0.015526840912471052
2 0.421992520819491 0.1210127673373866 0.03683866594684382 0.015526840912471007
1 0.42906214605020365 0.20701393433358098 0.03683866594684382 0.015526840912471052
5 0.4146225069398303 0.030324100341192217 0.041526165946843815 0.015717841901054186
1 0.41294009099298634 0.016229766843095007 0.03830103639719447 0.014028007908665385
1 0.42031010487264703 0.10691843383928941 0.03840116594684382 0.015590507908665386
7 0.43069449722222275 0.22032701783167816 0.03840116594684382 0.01559050790866543
2 0.2636059292081957 0.27585548174839236 0.05276405459579188 0.020851010874414832
6 0.26291551434108595 0.24076289874458673 0.049639054595791876 0.020723676882026077
2 0.24317830351605768 0.01788381425790634 0.04485142504614252 0.018970175893442964
9 0.26328575416205313 0.25869981524648955 0.05276405459579188 0.020851010874414922
3 0.2462124683831674 0.05307189775600354 0.049639054595791876 0.020723676882026122
5 0.24344841378737553 0.03425823075980914 0.049639054595791876 0.020723676882026122
6 0.07830638417312778 0.4241471072240934 0.041626295496493215 0.017280341901054187
2 0.0636164211886312 0.24355102323170463 0.03840116594684391 0.01559050790866543
5 0.06524877236065044 0.25686410672980176 0.041526165946843906 0.015717841901054186
9 0.07925761489479632 0.43899085722409337 0.03830103639719455 0.01402800790866543
2 0.04877626387966063 0.06061118923931581 0.041626295496493215 0.017280341901054187
4 0.048846115051679864 0.07386060574121862 0.041526165946843906 0.015717841901054186
2 0.08094003084164023 0.45308519072219056 0.041526165946843906 0.015717841901054186
3 0.06541875308231897 0.27167602323170464 0.03840116594684391 0.01559050790866543
14 1 0 0.4890625 0 0.4890625 0.103880490625 0.49340726406249996 0.0992511921875 0.8291869421874999 0.10708086875 0.8225095687499999 0.23606195312499997 0.696877571875 0.27617807499999997 0.7003916046875001 0.3193056109375 0.736236159375 0.3373596671875 1 0.33636608125 1 0.2746371328125 0.9802960296875 0.274177678125 0.907201309375 0.22081854843749998 0.8894550875 0.10848619531249999 1 0.11421472031249999 1 0
27 0.24453125 0.77421875 0.4890625 0.4515625
32 0.7671875 0.753125 0.465625 0.4875