6 0.12721646211827325 0.04357403145994907 0.04512105242559432 0.038640997840531675
7 0.14854971499321118 0.14782024290328616 0.04174096091032524 0.03531573874123302
1 0.12530314681580132 0.028530022360650432 0.04837359818322886 0.040403756939830296
2 0.14158210893407458 0.1081069008305656 0.04174096091032524 0.03531573874123302
0 0.14440421999418102 0.12163847470468889 0.04512105242559432 0.038640997840531634
1 0.1472901039331047 0.1343887985788122 0.04512105242559432 0.038640997840531634
9 0.02578125 0.3046875 0.0515625 0.05
2 0.02421875 0.2890625 0.0484375 0.05
22 0.5984375 0.3484375 0.51875 0.38125
27 0.7171875 0.23828125 0.540625 0.4765625
21 0.86875 0.14609375 0.2625 0.2921875