0 0.3958383558899333 0.29201360978923707 0.016934528855940555 0.03841005261671846
2 0.4099554195922641 0.2943951571442838 0.01687996515360979 0.03684755261671846
6 0.5914236744015877 0.31120176749821826 0.017043656260602093 0.04153505261671846
2 0.46628726514576047 0.30001509656447034 0.01687996515360979 0.03684755261671846
1 0.3802133558899333 0.2911035571725186 0.01687996515360979 0.03684755261671846
5 0.5562401425504223 0.3083728991106017 0.017043656260602093 0.04153505261671846
1 0.5710838925504221 0.30923744909648415 0.015372028855940556 0.03831904735504672
1 0.4795412332945951 0.30000739128868104 0.016934528855940555 0.03841005261671846
7 0.36617813774109875 0.291065759817472 0.016934528855940555 0.03841005261671846
2 0.30699656678237375 0.11453408092062914 0.023730165879249122 0.054399073663405864
6 0.3422619441870355 0.11970669930824576 0.022058538474587407 0.05118306840173403
2 0.5643551989963589 0.1388794464656483 0.02033234736759475 0.04640456314006212
9 0.3242659123358701 0.11787888879901946 0.023730165879248942 0.054399073663405864
3 0.5299256352940279 0.13531483070886763 0.022058538474587407 0.05118306840173403
5 0.5478943852940279 0.13636139121809387 0.022058538474587407 0.05118306840173403
7 0.9726364688666248 0.49237690181202476 0.01844246515360979 0.03693855787839038
2 0.904558591461963 0.4852931729292994 0.01687996515360979 0.03684755261671846
0 0.8897148414619631 0.4844286229434168 0.015262901451278666 0.03519404735504672
1 0.8756250596107977 0.4828283255883701 0.015317465153609789 0.03675654735504672
7 0.8615079959084667 0.48044677823332355 0.01687996515360979 0.03684755261671846
0 0.7720486479078998 0.3076092467338795 0.02033234736759475 0.04640456314006212
4 0.790880493461396 0.3110450598739417 0.023621038474587408 0.05127407366340595
1 0.8339583708660576 0.3166727045699176 0.022058538474587407 0.05118306840173403
1 0.8167435890148923 0.31489039669152724 0.022058538474587407 0.05118306840173403
7 0.7556151160567344 0.30587244148632514 0.02200397477225664 0.04962056840173403
0 0.99453125 0.33125 0.0109375 0.05
1 0.6536458443723699 0.10969612052434234 0.015481156260602268 0.04144404735504663
1 0.6387475306700391 0.10726907053845977 0.018715283665263982 0.04475105787839033
4 0.996875 0.14453125 0.00625 0.0421875
5 0.8327703491816933 0.12636622298576908 0.01704365626060227 0.04153505261671846
4 0.6183804669677082 0.10452350213672575 0.01715278366526398 0.0446600526167185
2 0.8116765991816933 0.1251376519531991 0.01844246515360961 0.03693855787839033
7 0.9885391995445131 0.14401499652211805 0.018497028855940557 0.03850105787839033
10 0.30703125 0.834375 0.5859375 0.33125
30 0.8 0.834375 0.4 0.33125