18 0.3584917083301482 0.2123268388131369 0.05125866311182729 0.05125866311182729
18 0.4158800031249461 0.27681354401833913 0.04960515785015538 0.04960515785015538
18 0.3902745164203001 0.42034373613994874 0.04960515785015538 0.04960515785015538
18 0.0140625 0.1640625 0.028125 0.046875
21 0.10563128981547472 0.09882796800644589 0.05456567363517095 0.05456567363517104
21 0.42734375 0.4515625 0.0546875 0.034375
21 0.0125 0.15625 0.025 0.05
21 0.12385212684482169 0.29743206797821103 0.05621917889684287 0.05621917889684287
30 0.27265625 0.459375 0.0578125 0.01875
29 0.33688201883937446 0.1930385125188951 0.05291216837349921 0.05291216837349921
29 0.03046875 0.025 0.0546875 0.05
29 0.18013148990017935 0.19253173635171023 0.05291216837349921 0.05291216837349921
29 0.19199445306847637 0.20419727844508495 0.05621917889684287 0.05621917889684287
29 0.2472665110174539 0.2646412257577794 0.05456567363517095 0.05456567363517095
24 0.24464058190884952 0.09438193366440455 0.061179694681858444 0.061179694681858444
24 0.13282530844308765 0.31833610217907804 0.059526189420186525 0.059526189420186525
11 0.1474778845961552 0.14751536796409362 0.06614021046687384 0.06614021046687384
10 0.0203125 0.01796875 0.040625 0.0359375
10 0.27835761632147804 0.30956658888372407 0.057872684158514785 0.057872684158514785
10 0.336436155854604 0.3756612967197621 0.057872684158514785 0.057872684158514785
10 0.07599075049411019 0.2578011496047118 0.05456567363517104 0.05456567363517095
10 0.17393615585460404 0.36619674950588976 0.05456567363517095 0.05456567363517095
27 0.22262282678835196 0.2436083889401938 0.04299113680346807 0.04299113680346807
13 0.04365566360593749 0.2073160312170952 0.0711007262518895 0.07110072625188942
23 0.3173430635635851 0.17857419411716108 0.057872684158514785 0.057872684158514785
23 0.42641568472321206 0.29780858348087785 0.05621917889684287 0.05621917889684287
23 0.30043003739640034 0.33436916780880177 0.05456567363517095 0.05456567363517095
23 0.02109375 0.18828125 0.0421875 0.0546875
23 0.1952728295603622 0.3901725758001316 0.05456567363517095 0.05456567363517095
22 0.2173269239881069 0.06535458632347532 0.06944722099021768 0.06944722099021768
22 0.27190873719875625 0.12419053100533377 0.06944722099021768 0.06944722099021768
22 0.45390625 0.35078125 0.0296875 0.0703125
22 0.3647130742986905 0.4016091466915272 0.06614021046687384 0.06614021046687384
14 0.298395642488663 0.15395362571542703 0.059526189420186525 0.059526189420186525
14 0.4421875 0.31953125 0.053125 0.0609375
14 0.06296564767974759 0.06420306804879816 0.05456567363517095 0.05456567363517095
14 0.08283082664717764 0.08652538908136816 0.057872684158514695 0.057872684158514785
14 0.1622915425168978 0.17581467321164795 0.057872684158514785 0.057872684158514785
14 0.3953125 0.43984375 0.0625 0.0578125
14 0.43515625 0.4609375 0.0578125 0.015625
21 0.16640625 0.01484375 0.0671875 0.0296875
14 0.1875 0.02734375 0.06875 0.0546875
23 0.36824613992841415 0.23327637564483988 0.05456567363517095 0.05456567363517095
12 0.3968492820641412 0.26708222824744093 0.05456567363517095 0.05456567363517095
17 0.26519746366240715 0.27979578889784146 0.07110072625188942 0.07110072625188942
17 0.16142074530302555 0.3388152021508432 0.06614021046687384 0.06614021046687384
28 0.11078922667541251 0.11794198905313333 0.05125866311182729 0.05125866311182729
28 0.056861318895844226 0.2363055812029778 0.05456567363517104 0.05456567363517095
28 0.2231402243269253 0.4231516757718968 0.05456567363517095 0.05456567363517095
34 0.09011416367652467 0.2844924522214304 0.06944722099021768 0.06944722099021768
14 0.20643638466674236 0.2254198310618035 0.057872684158514785 0.057872684158514785
15 0.05477371608148163 0.043344536478767105 0.05456567363517095 0.05456567363517104
19 0.3225024584713226 0.35917174673387964 0.06614021046687402 0.06614021046687384
16 0.24609375 0.4484375 0.0671875 0.040625
15 0.734375 0.234375 0.53125 0.46875
14 0.19786575049411023 0.6238334862105358 0.03307010523343692 0.03307010523343692
14 0.2721762347796819 0.7073355019249643 0.028109589448421346 0.028109589448421346
14 0.32376955588283896 0.7636456860834789 0.029763094710093262 0.02976309471009344
12 0.1537209083442656 0.5742283283603804 0.028109589448421346 0.028109589448421346
12 0.32091830069175425 0.8395179413451508 0.029763094710093262 0.02976309471009344
10 0.45546875 0.56328125 0.0265625 0.0421875
10 0.4640625 0.6703125 0.009375 0.040625
10 0.16700986362005493 0.588328625715427 0.029763094710093262 0.029763094710093262
10 0.2405390979056266 0.6717851387990195 0.02976309471009344 0.029763094710093262
10 0.1656756057981344 0.6650731362387707 0.028109589448421346 0.028109589448421346
10 0.2017272268871741 0.705584015149731 0.028109589448421346 0.028109589448421346
10 0.3356332480750358 0.8560529939618693 0.029763094710093262 0.02976309471009344
22 0.21552368735404795 0.6436755493505981 0.03637711575678075 0.03637711575678075
22 0.29663863750933983 0.8122351045275653 0.03637711575678075 0.03637711575678075
28 0.4066554635212329 0.4980276623353685 0.03803062101845249 0.03803062101845249
28 0.37897851357770274 0.5559920807794547 0.03803062101845249 0.03803062101845249
28 0.09118238196531916 0.5039543547393268 0.028109589448421346 0.028109589448421346
28 0.2854196874246352 0.7222170492800108 0.026456084186749607 0.026456084186749607
28 0.09210086888172686 0.5823978731551783 0.028109589448421346 0.028109589448421346
28 0.21570642690129152 0.7212923151356135 0.02976309471009344 0.029763094710093262
18 0.4059204451759687 0.577942675489548 0.03307010523343692 0.03307010523343692
18 0.06640625 0.4765625 0.0265625 0.015625
18 0.23198314526067323 0.6571766072289884 0.026456084186749607 0.026456084186749607
18 0.1130658162650083 0.5992969468185841 0.021495568401734035 0.021495568401734035
18 0.31383384278512905 0.8265629150367916 0.018188557878390375 0.0181885578783902
27 0.38515625 0.478125 0.0296875 0.01875
27 0.2370431006070497 0.7452681414298554 0.024802578925077867 0.02480257892507769
21 0.39609375 0.48125 0.0296875 0.025
21 0.3477509003811708 0.5134104676535101 0.03141659997176518 0.03141659997176518
21 0.06956571622265599 0.5520810415992645 0.028109589448421346 0.028109589448421346
21 0.3484139691358406 0.8654202886860801 0.02314907366340595 0.02314907366340595
13 0.18650331626500832 0.6035741941171611 0.03803062101845249 0.03803062101845249
24 0.32894769247454547 0.4997729018826119 0.04299113680346807 0.04299113680346807
24 0.4484375 0.6359375 0.040625 0.04375
24 0.057520742531015225 0.5435404995058899 0.029763094710093262 0.029763094710093262
24 0.14507467946154023 0.6419240625753648 0.029763094710093262 0.029763094710093262
24 0.24881505851367489 0.7584961835232302 0.029763094710093262 0.029763094710093262
24 0.27898070064940195 0.7923930413875031 0.029763094710093262 0.02976309471009344
23 0.2953125 0.475 0.0375 0.0125
23 0.41797312414339877 0.5998099702137588 0.03968412628012459 0.03968412628012441
23 0.0332410793486007 0.5162576626883043 0.02976309471009344 0.029763094710093262
23 0.12005926890996169 0.6138144731269435 0.028109589448421346 0.028109589448421346
23 0.18039055318141592 0.6816081888554892 0.028109589448421346 0.028109589448421346
23 0.2634845032661205 0.7758124861399487 0.029763094710093262 0.02976309471009344
29 0.4350773241575162 0.6157002807229851 0.04133763154179633 0.04133763154179633
29 0.05859375 0.4734375 0.0296875 0.009375
29 0.29967190322376813 0.7332378492658934 0.029763094710093262 0.029763094710093262
29 0.00703125 0.47890625 0.0140625 0.0203125
29 0.2306488874387526 0.7339211177523322 0.029763094710093262 0.029763094710093262
32 0.4381560925027802 0.5359217754613133 0.04629814732681155 0.04629814732681172
17 0.3121796084995575 0.7472926439901041 0.03307010523343692 0.03307010523343692
30 0.017790384596155208 0.49889585744074993 0.028109589448421346 0.028109589448421346
15 0.31484375 0.4828125 0.0421875 0.028125
13 0.36159359250278034 0.5314625176393927 0.04629814732681172 0.0462981473268119
13 0.08216442676011707 0.5645733363234753 0.03307010523343692 0.03307010523343692
13 0.37913261909348817 0.8225271333961732 0.03472361049510866 0.03472361049510884
12 0.07651293721287367 0.4866380521226083 0.03307010523343692 0.03307010523343692
10 0.14001472411516377 0.5538325283744978 0.03803062101845249 0.03803062101845249
10 0.2592968031814159 0.6862039545699176 0.04133763154179633 0.04133763154179633
1 0.3378397611586282 0.7777914860693615 0.026456084186749607 0.026456084186749607
1 0.3658891664485349 0.8076455860411267 0.02976309471009344 0.02976309471009344
15 0.047493295147733684 0.5272784626741869 0.03141659997176518 0.03141659997176518
29 0.13431148470909465 0.6248352731128259 0.026456084186749607 0.026456084186749607