19 0.22734375 0.0125 0.0484375 0.025
18 0.21983439681580133 0.020329653450739747 0.039413186364518 0.02605975544788164
18 0.14579150574987587 0.16610632919720916 0.04553564060688351 0.024934298022528577
18 0.26626311560203436 0.06058331285356422 0.037468049091614476 0.021262994804219913
18 0.24518675937371986 0.4900687170606086 0.05711086939505616 0.03351162252816078
18 0.20794210876489666 0.5656914299338434 0.05385832363742162 0.03173060124083733
21 0.21516287226999414 0.029977805059894093 0.037468049091614476 0.021262994804219913
21 0.2104913477241869 0.039625956669048425 0.039285640606883464 0.024497255447881637
21 0.2616553639350444 0.06945021446271857 0.0340879575763454 0.017919473516896444
21 0.2578926351468717 0.07748123575004202 0.037468049091614476 0.021262994804219913
21 0.4476893613499705 0.3026840594993695 0.06167082363742153 0.03227690445914586
21 0.46640625 0.47734375 0.0453125 0.0359375
16 0.19823059272321703 0.0661174008528497 0.0500636439408634 0.04234031930985207
30 0.19065733772224722 0.09228106310566578 0.036925915152690704 0.03365373416055819
29 0.17922563014590187 0.10861625728946707 0.04123077787978709 0.029294016091543362
29 0.14555238968879958 0.17855169887537828 0.03772314060688346 0.024387994804219916
29 0.2596637186170551 0.4649758819113147 0.055803460910325245 0.03652736188449897
29 0.47890625 0.209375 0.0203125 0.0375
29 0.4017713413460912 0.40843131494725116 0.055803460910325245 0.03652736188449897
29 0.39359217952738035 0.422985487843729 0.05931109818322895 0.041433383171822415
29 0.3566663933126436 0.4947019507169637 0.057493506667959694 0.03819912252816078
24 0.1741076954483738 0.12373315889862138 0.036925915152690704 0.03365373416055819
24 0.24630155984246013 0.11480091929018157 0.040178460910325245 0.03543475544788164
24 0.3204732860455589 0.3480890306704775 0.05851387272903601 0.05069912252816069
24 0.465625 0.4984375 0.046875 0.046875
32 0.16197448620503846 0.14866210308242267 0.04394118969849794 0.04346577673520509
35 0.1386806363548197 0.19612161112819435 0.040178460910325245 0.03543475544788164
19 0.27692954863257246 0.05362311866976295 0.05229582363742162 0.031621340597175515
11 0.2504309504493436 0.09276202832468898 0.04655600666795978 0.03743429802252858
11 0.42056900983276185 0.35895583883246474 0.06476387272903601 0.051136165102807676
10 0.2346147607508457 0.13426111347398284 0.04330346091032524 0.03565327673520509
10 0.4499207674188055 0.08502666593598689 0.04824605242559432 0.039106058666190345
10 0.3385862019471557 0.5449040465099193 0.05669628121376693 0.047464861884498964
10 0.44643065285554134 0.5560058014535978 0.05306109818322895 0.04099634059717552
27 0.22715307605331764 0.14954190604862977 0.036288186364518006 0.02584123416055819
27 0.3743321254347961 0.4686093442803463 0.04448332363742171 0.03107503737886681
13 0.21650261847697228 0.1658224699106002 0.04655600666795978 0.03743429802252853
23 0.27447551770866957 0.44529716644019 0.05487868969849794 0.04423060124083733
23 0.20234375 0.58203125 0.0578125 0.0359375
23 0.32463540118855133 0.5730672513373823 0.05487868969849794 0.04423060124083733
23 0.43125 0.58125 0.053125 0.0375
22 0.47109375 0.021875 0.0359375 0.04375
22 0.3396217698347015 0.31334804391202925 0.062404147274843245 0.06029264381548423
22 0.3036685522564165 0.3826661264634331 0.0622766015172088 0.05873014381548423
14 0.465625 0.04765625 0.046875 0.0453125
14 0.28601879558845666 0.4180791025782195 0.05669628121376693 0.047464861884499145
14 0.1890625 0.59453125 0.059375 0.0109375
14 0.4703125 0.25625 0.0375 0.046875
14 0.4625 0.2828125 0.053125 0.046875
14 0.41430316331652295 0.38813524044161907 0.05669628121376693 0.047464861884499145
28 0.42498466923557665 0.1240563149472512 0.06814396424430509 0.05447968639013112
18 0.4146690515075104 0.14575099848739073 0.055420823637421714 0.031839861884498964
23 0.4026633880218096 0.16911744267119203 0.06839905575957417 0.057604686390131124
16 0.3835786771114844 0.2030771794296402 0.06996155575957426 0.057713947033792845
21 0.3691814662011591 0.23670913425710322 0.06463632697140156 0.049573665102807675
14 0.3551668925637375 0.26565358908456627 0.06645391848667064 0.0528079257464694
23 0.2403398916456536 0.5113809883479321 0.05487868969849794 0.04423060124083733
12 0.2232162934624248 0.5498643341408876 0.0500636439408634 0.04234031930985207
17 0.34419834422102913 0.5142167752225959 0.071013872729036 0.05157320767745457
17 0.45113399937178017 0.5269356604881053 0.06619882697140156 0.049682925746469306
28 0.4478488580159906 0.3197622988557078 0.0500636439408634 0.04234031930985207
34 0.47890625 0.4546875 0.0203125 0.053125
14 0.38549276604167965 0.44607878041837595 0.05669628121376702 0.047464861884498964
15 0.47109375 0.234375 0.0359375 0.0375
19 0.30859375 0.590625 0.0734375 0.01875
27 0.74453125 0.3 0.5109375 0.6
25 0.4890625 0.6 0.14642004375 0.6 0.16409912499999998 0.6035344593749999 0.152828046875 0.6264657687499999 0.1019689015625 0.643881040625 0.050414065625000004 0.6971353171875 0.008391084375 0.8170557828125 0.06022449375 0.9353527421875001 0.16020355625 0.9901196953125 0.258283603125 1 0.350987865625 1 0.471133246875 0.9599380156249999 0.4890625 0.9437401078125 0.4890625 0.6
26 0.74453125 0.8 0.5109375 0.4