14 0.035524588012111315 0.011460800455486897 0.02053564060688349 0.022529764427970278
18 0.038394625434796124 0.05264879564616347 0.020822683030538136 0.006959328130301046
29 0.036289991495872406 0.040257923050825185 0.021460411818710813 0.014771828130301045
29 0.03659288043576596 0.027003954901990656 0.02302291181871081 0.01482639183263199
32 0.0339303949796335 0.06916417305082519 0.017793277879787107 0.027108137023308387
0 0.02943498724380862 0.29601684972984754 0.02535068636451805 0.024255955534962938
0 0.033532298004352645 0.2171924452833438 0.025350686364518028 0.024255955534962757
0 0.035190263915647724 0.1587078226880055 0.025350686364518028 0.024255955534962757
22 0.02937147224089911 0.3731423449205241 0.025733323637421646 0.028943455534962935
2 0.03077434663692512 0.31778272232518584 0.025223140606883486 0.022693455534962936
2 0.030503150729509376 0.27338788158101296 0.025223140606883486 0.02269345553496276
2 0.030598745578758337 0.2531299452833438 0.025223140606883486 0.02269345553496276
5 0.034600461490053414 0.19456347713450928 0.025350686364518028 0.024255955534962938
1 0.03431329012844488 0.14082091824150175 0.02302291181871081 0.014826391832631814
29 0.03598723149393275 0.09168401379499809 0.025350686364518028 0.024255955534962757
22 0.71484375 0.159375 0.5703125 0.31875
14 0.28671875 0.69296875 0.2859375 0.4578125
15 0.09375 0.5296875 0.1875 0.28125
31 0.71484375 0.69453125 0.5703125 0.6109375