17 0.29609375 0.315625 0.2953125 0.0875
26 0.39375 0.12421875 0.190625 0.2484375
28 0.1109375 0.31015625 0.221875 0.0984375
20 0.1359375 0.08125 0.271875 0.1625
4 0.9421875 0.221875 0.115625 0.228125
5 0.90703125 0.3015625 0.1859375 0.115625
8 0.78125 0.05234375 0.271875 0.1046875
9 0.6859375 0.10859375 0.259375 0.2171875
0 0.6260160366935287 0.24736483762860512 0.22145788524403187 0.19815674063022612
3 0.24453125 0.6796875 0.4890625 0.640625
1 0.7875 0.9609375 0.184375 0.078125
3 0.67265625 0.38515625 0.2296875 0.0515625
4 0.6122944251590143 0.47874963037225804 0.24019879488495235 0.19670332493918147
5 0.57734375 0.6375 0.1765625 0.190625
6 0.56328125 0.81015625 0.1484375 0.1890625