27 0.240625 0.53125 0.26875 0.096875
16 0.38203125 0.4609375 0.0953125 0.2
10 0.09375 0.46875 0.1875 0.221875
30 0.2745958168671917 0.4164857293141154 0.24045141832631992 0.2282363824329643
21 0.3796875 0.3 0.1 0.24375
23 0.26489589073632375 0.2280771453217266 0.313745074586922 0.2717900642579064
11 0.1203125 0.18671875 0.240625 0.2921875
32 0.15859375 0.0421875 0.3171875 0.084375
6 0.71484375 0.28984375 0.5703125 0.5796875
26 0.21484375 0.78984375 0.4296875 0.4203125
2 0.434375 0.72890625 0.009375 0.0515625
3 0.4484375 0.71796875 0.0375 0.0515625
5 0.4668576617028979 0.7101801077183849 0.040917665879249124 0.054716674904859805