17 0.1796875 0.090625 0.328125 0.18125
26 0.50546875 0.090625 0.1671875 0.18125
28 0.13671875 0.26171875 0.2734375 0.2359375
20 0.4921875 0.32109375 0.19375 0.1171875
29 0.7046875 0.18984375 0.23125 0.3796875
1 0.4998196997976013 0.689554902444991 0.12165807326946272 0.2433032030344176
2 0.373011538332212 0.6839111960765936 0.17000704206179834 0.2752545757634536
3 0.2284836103584794 0.6870207363742163 0.15619684757972233 0.24923420970237728
4 0.09460325531552527 0.6815843240964636 0.16113000904511154 0.2543043469752808
7 0.4609375 0.95234375 0.15 0.0953125
8 0.32421875 0.95078125 0.1578125 0.0984375
9 0.18046875 0.95 0.1578125 0.1
0 0.059375 0.94921875 0.11875 0.1015625
30 0.79453125 0.68984375 0.4109375 0.6203125