27 0.634375 0.10234375 0.2546875 0.14921875
24 0.37890625 0.1890625 0.23046875 0.1390625
33 0.14765625 0.22578125 0.22109375 0.15625
14 0.89921875 0.23671875 0.2015625 0.15390625
25 0.6578125 0.28828125 0.21875 0.14921875
28 0.46875 0.34609375 0.21171875 0.14921875
13 0.13359375 0.41015625 0.2359375 0.1609375
18 0.365625 0.484375 0.25 0.1734375
15 0.646875 0.47578125 0.26953125 0.165625
19 0.87734375 0.3796875 0.2328125 0.1421875
21 0.88671875 0.525 0.22109375 0.1734375
22 0.62109375 0.79296875 0.24765625 0.18984375
17 0.35 0.66328125 0.35546875 0.2015625