25 0.19296875 0.37890625 0.2453125 0.1015625
28 0.3953125 0.3515625 0.240625 0.15625
13 0.6890625 0.3 0.140625 0.190625
18 0.5191793083725005 0.21818196017465025 0.2816881577089811 0.2047520205032381
15 0.2258388320500239 0.22140868621285117 0.30154563140062185 0.19764884863353913
19 0.053125 0.31953125 0.10625 0.1671875
21 0.053125 0.16640625 0.10625 0.1984375
17 0.55546875 0.07578125 0.3953125 0.1515625
33 0.8796875 0.21484375 0.240625 0.4296875
9 0.3796875 0.71484375 0.759375 0.5703125
29 0.8796875 0.71484375 0.240625 0.5703125