18 0.26171875 0.2484375 0.18984375 0.13671875
17 0.525 0.3015625 0.20703125 0.12734375
11 0.71875 0.27421875 0.196875 0.1390625
22 0.5921875 0.45546875 0.28828125 0.1515625
31 0.91953125 0.5296875 0.15625 0.1734375
26 0.35 0.40390625 0.21171875 0.15859375
29 0.0921875 0.4078125 0.184375 0.146875
34 0.228125 0.54921875 0.228125 0.1609375
30 0.115625 0.68359375 0.23046875 0.16796875
16 0.40625 0.81640625 0.28125 0.21171875
15 0.584375 0.64921875 0.196875 0.1734375
21 0.7828125 0.5921875 0.2140625 0.18515625