18 0.18125 0.4140625 0.275 0.209375
17 0.40019338164371393 0.2407725131044683 0.28226959243335303 0.2590092643410859
11 0.578125 0.15703125 0.24375 0.2609375
22 0.37890625 0.1140625 0.3765625 0.228125
26 0.1799766054309168 0.24472312615356326 0.3081304618284092 0.29019870758582583
29 0.03671875 0.3828125 0.0734375 0.25625
34 0.07421875 0.17890625 0.1484375 0.3046875
23 0.89375 0.45625 0.2125 0.125
24 0.94296875 0.38984375 0.1140625 0.2109375
25 0.965625 0.27109375 0.06875 0.2078125
33 0.94453125 0.06953125 0.1109375 0.0953125
32 0.89921875 0.1421875 0.2015625 0.246875
31 0.89375 0.246875 0.2125 0.225
30 0.8340732715016914 0.37816548426541285 0.24521613152302776 0.22399391424880086
29 0.7890625 0.4671875 0.178125 0.103125
35 0.75546875 0.31015625 0.1109375 0.2515625
8 0.2890625 0.9671875 0.184375 0.065625
9 0.403125 0.93203125 0.178125 0.1359375
0 0.5200428513480309 0.8905431731912159 0.18456567394668238 0.20456399136212672
11 0.7 0.51875 0.7 1 0.8115585046874999 1 0.7390618046874999 0.9378170484374999 0.8602304703125 0.9239303921875 0.9629729921875001 0.862107009375 0.9941230515624999 0.8138508906249999 1 0.7417316125 1 0.7065326093750001 0.9050369281249999 0.5624978390625001 0.8391790390624999 0.51875 0.7 0.51875