8 0.425 0.48125 0.165625 0.115625
0 0.3519514389264925 0.3868918927302034 0.17227765634451409 0.16336264951546742
0 0.2795335379003121 0.2707098818344401 0.15309124525034737 0.14330152179152655
1 0.20224629891822885 0.16201258900769164 0.1658458183886112 0.15511310694082042
9 0.121875 0.06015625 0.15625 0.1203125
15 0.834375 0.26953125 0.33125 0.5390625
33 0.334375 0.76953125 0.66875 0.4609375
4 0.78671875 0.95625 0.1671875 0.0875
8 0.746875 0.87109375 0.15625 0.1734375
7 0.71796875 0.74296875 0.0984375 0.1671875
5 0.6953125 0.62890625 0.053125 0.1484375