6 0.6484375 0.52265625 0.1625 0.0546875
5 0.5765625 0.46484375 0.1875 0.1703125
8 0.4950876956596112 0.35072180724854485 0.1757840178461393 0.16041668874473985
0 0.41408430416311803 0.23802834509016008 0.1808267153566284 0.1652678798517325
4 0.33458421308154335 0.12460819663410616 0.16245522365499826 0.14904267912609298
7 0.24921875 0.0484375 0.1734375 0.096875
22 0.86484375 0.275 0.2703125 0.55
34 0.5920163595524139 0.650997114960426 0.17528711037760658 0.17442462504240908
21 0.67890625 0.859375 0.1015625 0.221875
15 0.46328125 0.62578125 0.1890625 0.1515625
20 0.29609375 0.60234375 0.2015625 0.1046875
11 0.35629326972023917 0.7175670229503088 0.20781619046151914 0.21296133538669526
12 0.5602731425454004 0.8696181401881695 0.18572770290907387 0.18881450725639404
27 0.56171875 0.9734375 0.1859375 0.053125
29 0.28000622470390535 0.8933358600662846 0.1905336020792369 0.1905406983633867
23 0.16508792926336438 0.6929687831171097 0.20914189212119316 0.2098908990890262
31 0.0359375 0.71640625 0.071875 0.1859375
19 0.09296875 0.87890625 0.1859375 0.2234375
3 0.86484375 0.775 0.2703125 0.45