7 0.296875 0.0671875 0.16875 0.134375
0 0.2548258911456255 0.19455883525878273 0.17500261284152785 0.14739890871793265
3 0.21015178362243114 0.3262950099487549 0.17485714247680573 0.14114890871793265
9 0.16771232332569513 0.4531660858834826 0.16537303970326392 0.13575101369695447
9 0.1234375 0.54453125 0.15625 0.0484375
2 0.71484375 0.1859375 0.5703125 0.371875
21 0.21484375 0.8828125 0.4296875 0.23125
8 0.60390625 0.6 0.1484375 0.0625
7 0.5915991925323963 0.7098402931422341 0.1555252610179167 0.11472811867597628
2 0.5744324891695145 0.8465357323543532 0.1553797906531944 0.10847811867597627
5 0.5578125 0.96171875 0.146875 0.0765625