5 0.01171875 0.23984375 0.0234375 0.1859375
4 0.09185516020004969 0.2434332845319033 0.15697272868809903 0.1929966368892682
8 0.2338153396669363 0.24224327377853633 0.14245558762187222 0.17671666542531544
0 0.3734999652937569 0.24328785111451054 0.14884197994174037 0.18169526385373888
3 0.5123351447606435 0.24195229114693184 0.13276233887551356 0.16534251778268044
9 0.59296875 0.24765625 0.0328125 0.1765625
35 0.8046875 0.23984375 0.390625 0.4796875
13 0.16796875 0.60390625 0.2421875 0.2484375
14 0.340625 0.58984375 0.2375 0.2203125
27 0.49765625 0.571875 0.2234375 0.184375
5 0.11171875 0.915625 0.2234375 0.16875
15 0.26875 0.90234375 0.228125 0.1953125
0 0.43203125 0.88359375 0.2328125 0.2328125
30 0.79375 0.73984375 0.36875 0.5203125