9 0.1546875 0.02578125 0.16875 0.0515625
9 0.19375 0.09296875 0.20625 0.1859375
7 0.2382214729301734 0.21844349379830086 0.21043227298576409 0.1856887620741939
5 0.29377852906659685 0.3472073397999503 0.20098453780340292 0.18229097743445788
2 0.340625 0.4140625 0.20625 0.071875
19 0.734375 0.225 0.53125 0.45
0 0.234375 0.7 0.46875 0.5
11 0.7950689253431247 0.74303535068701 0.20879834422416685 0.24966033386094857
17 0.7296875 0.96484375 0.184375 0.0703125
20 0.54140625 0.9171875 0.1453125 0.165625
25 0.5879837771667358 0.7178320768678266 0.16831750816812524 0.18758623119538154
21 0.65703125 0.46015625 0.1796875 0.0203125
29 0.52734375 0.496875 0.1171875 0.09375