3 0.421875 0.17265625 0.09375 0.2078125
0 0.35893347886378973 0.24255196987349487 0.17184526206571746 0.19164485030926065
6 0.24763882559841247 0.31103128971789457 0.17664188947037934 0.19515248758216436
8 0.1395237360353659 0.37820320107756344 0.16047125244707078 0.17825203000581896
6 0.05703125 0.4375 0.1140625 0.190625
3 0.734375 0.29453125 0.53125 0.5890625
24 0.28515625 0.70625 0.3671875 0.234375
31 0.1109375 0.77421875 0.221875 0.3703125
15 0.24296875 0.88359375 0.4515625 0.2328125
33 0.4875 0.84296875 0.0375 0.2578125
31 0.56953125 0.7125 0.2015625 0.246875
30 0.7484375 0.6609375 0.271875 0.14375
24 0.5375 0.9296875 0.1375 0.140625
22 0.6625 0.87578125 0.28125 0.2484375
27 0.8514830774125108 0.7848355804745593 0.2646528101589517 0.26154250425206377
26 0.95703125 0.6921875 0.0859375 0.20625
28 0.734375 0.9546875 0.259375 0.090625
23 0.9015625 0.89765625 0.196875 0.2046875