3 0.10078125 0.09140625 0.2015625 0.1828125
4 0.1390625 0.1703125 0.234375 0.11875
0 0.75 0.11484375 0.5 0.2296875
32 0.25 0.61484375 0.5 0.7703125
16 0.8703125 0.88515625 0.20625 0.2296875
12 0.7356264948251299 0.6721234419098481 0.20923698050347542 0.23619364718563746
19 0.5863359672307282 0.6214269499435303 0.13733866971559477 0.25222889988706054
14 0.7544553147365729 0.4484353129283007 0.2231577705454318 0.25567168927901224
11 0.903125 0.6015625 0.19375 0.2875
30 0.8953125 0.35390625 0.209375 0.2484375
28 0.971875 0.34296875 0.05625 0.2265625