4 0.59765625 0.153125 0.0421875 0.159375
6 0.5213236998543508 0.20356367372740589 0.13584187476889084 0.1616314849563052
8 0.39759669483978577 0.25095080225722033 0.14714308762187223 0.17444973370266403
2 0.2756367783050229 0.3053237166804122 0.14535326708875881 0.16659176959604133
5 0.1559296835570147 0.3565034349436699 0.14388169530200426 0.1696713054894186
0 0.04921875 0.39375 0.0984375 0.15
21 0.7854664193712497 0.26070050461885347 0.2981265775927424 0.2662688238318186
20 0.86484375 0.409375 0.2703125 0.11875
29 0.309375 0.734375 0.61875 0.53125
2 0.85625 0.5171875 0.1625 0.096875
4 0.75234375 0.5625 0.1765625 0.1875
1 0.67734375 0.64453125 0.1171875 0.1890625