0 0.5453125 0.23984375 0.109375 0.1390625
7 0.41484375 0.21456342466118858 0.128125 0.17458437278026223
5 0.28203125 0.17480751994994118 0.13125 0.1826153940675857
2 0.14921875 0.13114536523869366 0.125 0.1774908514929388
2 0.03984375 0.08828125 0.0796875 0.1640625
32 0.83671875 0.1612027499231254 0.3171875 0.25655491066333214
2 0.3078125 0.6546875 0.584375 0.690625
8 0.97578125 0.56796875 0.0484375 0.1640625
0 0.8828125 0.5929715559914257 0.1078125 0.15910148441265975
4 0.75 0.6188406512801782 0.1109375 0.1593200056999832
3 0.6390625 0.640625 0.078125 0.175