2 0.15546875 0.55859375 0.1796875 0.0421875
6 0.26875 0.5203125 0.184375 0.11875
3 0.3828125 0.4796875 0.196875 0.2
8 0.44921875 0.396875 0.1015625 0.19375
16 0.921875 0.27578125 0.15625 0.2390625
13 0.7078125 0.0640625 0.240625 0.128125
12 0.821875 0.4703125 0.240625 0.21875
19 0.84375 0.55703125 0.225 0.0453125
14 0.615625 0.50078125 0.23125 0.1578125
11 0.668760427884041 0.34559336401484514 0.2845187186589692 0.2814846468722145
30 0.53359375 0.45703125 0.0671875 0.2453125
21 0.57421875 0.196875 0.1484375 0.2125
5 0.75 0.78984375 0.5 0.4203125