2 0.1978524289335546 0.4704345862273144 0.1861815336118279 0.16774407981717374
2 0.2779935736866276 0.3704581650110307 0.1961295365775774 0.18224322745980875
6 0.36103688395302014 0.2651585430089587 0.17993153361182798 0.16745298138875012
4 0.44258136121560715 0.16134864639978092 0.1848737015966055 0.1739213052100677
8 0.509375 0.06875 0.140625 0.1375
13 0.78984375 0.3046875 0.4203125 0.609375
29 0.33046875 0.7078125 0.3953125 0.196875
24 0.15546875 0.85390625 0.3109375 0.2921875
21 0.478125 0.79375 0.203125 0.36875
16 0.3328125 0.94609375 0.35 0.1078125
3 0.659375 0.95625 0.159375 0.0875
0 0.7265982169568257 0.902512993794747 0.18162136760421674 0.17065075599585597
6 0.8104864442194127 0.7988122590962279 0.18649986859279988 0.17555657981717374
8 0.8937207554743886 0.698200137094156 0.16854836463846717 0.15600605913900906
6 0.9390625 0.64375 0.121875 0.06875