8 0.05 0.0265625 0.1 0.053125
1 0.0578125 0.121875 0.115625 0.103125
0 0.0625 0.240625 0.125 0.1
0 0.06953125 0.3546875 0.1359375 0.06875
20 0.64765625 0.19453125 0.6578125 0.3890625
25 0.059375 0.6546875 0.11875 0.178125
20 0.17666000226330753 0.8379018595181303 0.13959584577069997 0.19359128729346117
31 0.25625 0.46015625 0.125 0.1421875
28 0.2875 0.74765625 0.0625 0.1578125
4 0.7431203997067442 0.4612475902808367 0.16239153663473155 0.12264387023308557
9 0.7237418786758452 0.5920610806621898 0.15614153663473135 0.12242561542376222
2 0.7117630998430299 0.7160888577040319 0.15926653663473136 0.12253474282842394
2 0.6950968210102146 0.8399529436388813 0.15910276232447185 0.11940974282842376
9 0.6796875 0.95078125 0.15 0.0984375