9 0.48193175769037444 0.25716348086932683 0.13968437697836436 0.16934838217054313
7 0.3736589122583588 0.2141668476190497 0.13310682835784532 0.16269786397194572
7 0.2577782847141675 0.16676331662052596 0.13623182835784534 0.16289812307124443
0 0.14354204432510587 0.1178974151716515 0.15119508706427265 0.18098678901808823
5 0.04921875 0.08046875 0.0984375 0.1609375
7 0.7796875 0.209375 0.440625 0.41875
6 0.465625 0.81875 0.1875 0.3625
27 0.25101595036342816 0.7537500678571436 0.23585112731704871 0.3997553778516062
9 0.1078125 0.69765625 0.215625 0.4046875
20 0.4890625 0.4875 0.140625 0.1375
22 0.665625 0.94140625 0.2125 0.1171875
26 0.909375 0.8734375 0.18125 0.253125
27 0.70625 0.8046875 0.29375 0.2625
31 0.9546875 0.678125 0.090625 0.271875
32 0.8187588868164454 0.6070147702011821 0.284403734734852 0.25648504163898184