2 0.05078125 0.0875 0.1015625 0.175
3 0.13171430293826533 0.12846726232010863 0.18573210049533806 0.20406937056996624
0 0.2507510932611369 0.18443873661694613 0.2054281703877141 0.22514587452429885
9 0.37480286931598483 0.23318795992520042 0.1987415227450791 0.21551620653952136
5 0.494802846156621 0.28522135072394067 0.19881429735218498 0.21707870653952135
5 0.58828125 0.31796875 0.1421875 0.1640625
8 0.3296875 0.7 0.659375 0.6
5 0.78828125 0.47890625 0.2578125 0.1578125
31 0.93828125 0.521875 0.1234375 0.24375
23 0.74375 0.8171875 0.16875 0.365625
1 0.8828125 0.8546875 0.234375 0.290625
28 0.9546875 0.87421875 0.090625 0.2515625