8 0.04453125 0.39453125 0.0890625 0.1796875
0 0.12031041647661152 0.3350142589344296 0.17604539129415606 0.18681820357377177
3 0.23398255191703504 0.272442616158523 0.15875789734428025 0.16893036661563343
9 0.3499393500234412 0.22012272387690796 0.1697590298578376 0.18031353558899427
2 0.47060182884800633 0.16486883258387613 0.15875789734428025 0.1689303666156336
4 0.56875 0.1078125 0.140625 0.175
5 0.81953125 0.3046875 0.3609375 0.609375
34 0.0296875 0.92265625 0.059375 0.1546875
26 0.23046875 0.640625 0.1921875 0.0625
13 0.2202887323406067 0.7615011630790427 0.19484993344863372 0.19695720752810458
35 0.37578125 0.66015625 0.2203125 0.1015625
17 0.42045235880403986 0.7415255385919248 0.2058419756031114 0.2067778765014653
15 0.10390625 0.91484375 0.2046875 0.1703125
11 0.21640625 0.97890625 0.2046875 0.0421875
20 0.2875 0.909375 0.184375 0.18125
22 0.4853774011549092 0.8645120524320893 0.19485902380771342 0.1985197075281045
25 0.5703125 0.92734375 0.1375 0.1453125
13 0.81953125 0.8046875 0.3609375 0.390625