7 0.44375 0.52421875 0.165625 0.1296875
4 0.4431629380569519 0.39982285168638654 0.17187609468490822 0.14827748758216436
8 0.4447243433720437 0.26570294320165566 0.17180336935072643 0.14202748758216438
0 0.4463493833545445 0.13705178471692475 0.16239200668363551 0.13813721303635712
6 0.44609375 0.03125 0.1546875 0.0625
0 0.95 0.43828125 0.1 0.1515625
8 0.92890625 0.3 0.1421875 0.146875
8 0.8917004353914517 0.17356336956423402 0.17191245735199914 0.15140248758216437
1 0.8453125 0.05703125 0.175 0.1140625
5 0.31484375 0.78984375 0.6296875 0.4015625
11 1 1 1 0.8793270640624999 0.6956536640625 0.7618294109375 0.7010766046875 0.948507303125 0.826001059375 1 1 1