8 0.26953125 0.43359375 0.1203125 0.0890625
1 0.2625 0.3125 0.134375 0.134375
0 0.25234375 0.18046875 0.1546875 0.1359375
5 0.2515625 0.053125 0.15625 0.10625
14 0.52734375 0.446875 0.3953125 0.084375
21 0.53359375 0.33203125 0.4078125 0.1984375
25 0.54140625 0.14375 0.4234375 0.190625
33 0.90625 0.40546875 0.1875 0.1671875
17 0.91328125 0.225 0.1734375 0.18125
34 0.925 0.0765625 0.15 0.153125
24 0 0.4890625 0 1 0.3296875 1 0.3296875 0.5023416078125 0.29338095468750003 0.4890625 0 0.4890625
2 0.5645088008340051 0.9338848405707758 0.16281251324684387 0.10678998982323477
0 0.6110341151693082 0.8074551373822724 0.1700446598887993 0.1352425384437538
0 0.6476214343139346 0.6753077007021124 0.1778571598887993 0.1356519742194024
2 0.69609375 0.5453125 0.1671875 0.1125