6 0.45078125 0.15546875 0.0359375 0.1796875
0 0.38984375 0.21171875 0.1578125 0.1859375
7 0.2618000455884566 0.28291631370475956 0.15621753333979882 0.18015647881213823
5 0.140625 0.32578125 0.159375 0.1484375
2 0.046875 0.359375 0.09375 0.08125
7 0.9015625 0.36171875 0.13125 0.0765625
0 0.76796875 0.37890625 0.1296875 0.0421875
8 0.41484375 0.453125 0.0859375 0.10625
0 0.3109375 0.46640625 0.11875 0.1328125
4 0.18102827771060923 0.48944078753757464 0.12136430121764637 0.1532453683170294
3 0.0578125 0.52265625 0.115625 0.1640625
0 0.73203125 0.7 0.5265625 0.6