7 0.5375 0.2875 0.0625 0.1625
0 0.4456307694703824 0.3397951688815046 0.1383754350298613 0.18048614126984167
5 0.3175427902719449 0.3832121067275736 0.13663109707395832 0.1725735117201923
9 0.1918712962558685 0.4296038502491686 0.13670383225631957 0.1756985117201923
5 0.065625 0.48203125 0.13125 0.1734375
5 0.9546875 0.41640625 0.090625 0.1734375
3 0.8480115402719448 0.4367852945736425 0.13670383225631966 0.17569851172019213
8 0.711692833774931 0.4627341301679581 0.13670383225631957 0.1756985117201923
0 0.60546875 0.4875 0.0734375 0.1875
2 0.4921875 0.72890625 0.153125 0.2015625
5 0.36985017268076426 0.7707621715023982 0.1636663757593057 0.19458821406423077
3 0.243270142095556 0.8117352297988178 0.16217661094166685 0.19761308451458143
8 0.11220263326184074 0.8616024267441855 0.1621402433504862 0.1960505845145814
0 0.03125 0.903125 0.0625 0.19375
13 0.784375 0.79453125 0.43125 0.4109375