0 0.09921875 0.0546875 0.1984375 0.109375
8 0.2109375 0.08359375 0.203125 0.1671875
6 0.33066179693152364 0.12632395043764041 0.21081421558737148 0.22405766823232476
3 0.41796875 0.190625 0.1234375 0.203125
14 0.73984375 0.17578125 0.5203125 0.3515625
3 0.23984375 0.76953125 0.4796875 0.4609375
28 0.5515625 0.59140625 0.14375 0.1046875
34 0.8703125 0.85 0.259375 0.259375
15 0.91953125 0.94453125 0.1609375 0.1109375
21 0.58515625 0.721875 0.2109375 0.278125
12 0.5984375 0.93671875 0.2375 0.1265625