3 0.45859375 0.11796875 0.1203125 0.2359375
9 0.38127864244822274 0.1589599396592453 0.20677965421934558 0.21765170950527093
2 0.2522320706135558 0.20096305034337983 0.21629102191409721 0.2258462114824372
1 0.12550197523993836 0.2413081605332227 0.19244441882984215 0.20145370653952135
5 0.0515625 0.28671875 0.103125 0.2140625
7 0.74140625 0.04296875 0.1640625 0.0859375
0 0.6501786469124496 0.09853838730151816 0.17024213636243815 0.18181236859279987
8 0.5765625 0.1953125 0.115625 0.1625
4 0.5375 0.2953125 0.0375 0.175
1 0.259375 0.7 0.51875 0.6
7 0.759375 0.7 0.48125 0.6