1 0.06328125 0.21953125 0.1265625 0.1734375
5 0.16680562031790364 0.2950364959420936 0.1639781983633867 0.17839881468808994
6 0.28267864617861926 0.36793709926004886 0.14624506134007814 0.16257382001909004
0 0.390625 0.41953125 0.15625 0.1203125
7 0.50625 0.46171875 0.146875 0.0359375
13 0.834375 0.17421875 0.23125 0.3484375
5 0.0375 0.60078125 0.075 0.2421875
6 0.09609375 0.66171875 0.1921875 0.2234375
7 0.21001990697839243 0.7224256992759572 0.2219742368379741 0.2290533426957259
5 0.3332143595181304 0.7811728959261852 0.1976637176006804 0.20378062269254435
5 0.45188500316486097 0.8446621365770495 0.2123264183263199 0.22113175469445318
8 0.57578125 0.90234375 0.2046875 0.1953125
0 0.65390625 0.93125 0.1296875 0.1375
3 0.7734375 0.784375 0.109375 0.18125
7 0.8565402429132419 0.8668842239417754 0.1720635168750409 0.18630222135581712
5 0.94453125 0.93046875 0.1109375 0.1390625