0 0.48203125 0.36953125 0.0546875 0.1578125
9 0.40785355645071847 0.32411786612641613 0.1349128254152827 0.1583246285298145
6 0.29122606339054863 0.2822833702830513 0.14997662091177588 0.1743588054894186
8 0.17749303285345022 0.2317869282797524 0.14645110271317882 0.16801787727617318
9 0.06875 0.184375 0.1375 0.16875
11 0.5871963047526754 0.15035742036219357 0.1449095866740496 0.11962584138279589
34 0.7158930012366177 0.18638218540588838 0.12898419802510191 0.11448370031656907
20 0.8389404750184559 0.21321380687607389 0.14012195712440062 0.11792694906292792
28 0.96328125 0.2453125 0.0734375 0.115625
33 0.6324029734772963 0.3697235343105317 0.1383591980251019 0.1147564849563052
24 0.7669992165374662 0.4110351929277357 0.15624760487264702 0.12619409012915456
15 0.9217077004983372 0.45488081815884496 0.1383591980251019 0.1147564849563052
35 0.56875 0.57265625 0.11875 0.0734375
13 0.7 0.59140625 0.165625 0.0359375
22 0.078125 0.9109375 0.15625 0.178125
25 0.14140625 0.703125 0.2453125 0.1875
31 0.40390625 0.86328125 0.2109375 0.2171875
19 0.7546875 0.8046875 0.490625 0.390625