3 0.06171875 0.11171875 0.1234375 0.1703125
0 0.1477664019859491 0.19564173825501055 0.19604530788560623 0.1865238363682309
9 0.26547980259477216 0.2723299218785321 0.18941267061270253 0.1816544799417404
5 0.34140625 0.3484375 0.1171875 0.18125
14 0.4486393984375 0 0.4410789015625 0.015021228125 0.47341407812499997 0.0448374375 0.47044967031249996 0.074242103125 0.4033531265625 0.108786925 0.4 0.11331901250000001 0.4 0.23107056875 0.494520946875 0.1392890390625 0.5616174921875 0.104744215625 0.6862880328125 0.17685184375000002 1 0.43696218125 1 0.3897714 0.8127554406249999 0.2077655 0.62341454375 0.07602545468750001 0.5769777515625 0.0224934609375 0.5027941203124999 0 0.4486393984375 0
6 0.046875 0.68125 0.09375 0.125
0 0.08359375 0.7515625 0.1671875 0.209375
3 0.13419746487252499 0.8669353797169487 0.22139599425012407 0.21064329796757128
8 0.20625 0.94140625 0.221875 0.1171875
6 0.46328125 0.8140625 0.1265625 0.1625
5 0.5495999689554109 0.9051758626281898 0.18759507909743345 0.17848401583511767
9 0.6609375 0.95234375 0.18125 0.0953125