4 0.05859375 0.1828125 0.1171875 0.1875
3 0.16570180091882308 0.14382454544054096 0.1578373257680484 0.19117221950581326
8 0.2901586530957413 0.1015563802983384 0.14484625244707078 0.17616252614450917
0 0.41171875 0.07578125 0.1515625 0.1515625
0 0.53359375 0.05078125 0.1359375 0.1015625
1 0.6203125 0.03671875 0.078125 0.0734375
6 0.69453125 0.26328125 0.0703125 0.1640625
2 0.7872171915703288 0.2231731164008912 0.13843256134007814 0.17100142946385705
0 0.9077405118960815 0.1813902033332811 0.12053573320977691 0.1493865385920639
4 0.98203125 0.14765625 0.0359375 0.1609375
33 0.3296875 0.71953125 0.659375 0.5609375
11 0.9015625 0.55703125 0.196875 0.2359375
17 0.76484375 0.63828125 0.2109375 0.2046875
26 0.69296875 0.7734375 0.0671875 0.221875
22 0.84609375 0.7515625 0.3078125 0.271875
21 0.9546875 0.8359375 0.090625 0.253125
15 0.8734375 0.91328125 0.25 0.1734375