4 0.06953125 0.27421875 0.1390625 0.2390625
5 0.17010391652981655 0.3198309383869267 0.2334494551604494 0.2537206863123343
6 0.3154162875918627 0.36888651287176194 0.21304136031120038 0.2319873962703781
7 0.458448681532726 0.4185457386013526 0.223054089099373 0.2405102912913561
5 0.54453125 0.44921875 0.0890625 0.1796875
13 0.7359375 0.053125 0.29375 0.10625
17 0.91875 0.225 0.1625 0.309375
22 0.8875 0.4234375 0.225 0.23125
20 0.71015625 0.24140625 0.2421875 0.3078125
21 0.384375 0.76953125 0.409375 0.4609375
11 0.92109375 0.80234375 0.1578125 0.3953125