5 0.1234375 0.07265625 0.171875 0.1453125
6 0.19249740052387362 0.19859532047261955 0.17869271857321783 0.15596244182452992
5 0.26190260040765806 0.3246633550203665 0.16041261213660044 0.1389344384905499
7 0.3226594199696116 0.44924863790112346 0.17200567599857094 0.14920225879399177
0 0.3828125 0.578125 0.153125 0.14375
1 0.41484375 0.63828125 0.0890625 0.0234375
5 0.7359375 0.0453125 0.178125 0.090625
2 0.7790304802252859 0.13950723395832032 0.19751912822814396 0.1808029451585096
0 0.8267792013963937 0.26691462789918374 0.18926958565349708 0.17391521637033697
9 0.8706216725675017 0.3940031574459608 0.19250384629715872 0.17573280788560625
5 0.90703125 0.52734375 0.1859375 0.1765625
8 0.925 0.609375 0.15 0.08125
12 1 0.8326435249999999 0.9879033171875001 0.8205060609375 0.82121623125 0.7449426390625 0.6418596546875 0.74779695625 0.5151281140624999 0.8045650671875 0.459375 0.87029076875 0.459375 1 0.525553975 1 0.5807060265625 0.9364888406249999 0.6818151984374999 0.8801284890625001 0.7838445703125 0.8602543468749999 0.8867941453124999 0.8768664125000001 0.986806396875 0.9222044671875 1 0.934909784375 1 0.8326435249999999