6 0.46484375 0.2296875 0.0890625 0.2
0 0.4118302959651067 0.31073224606140626 0.17609993344863373 0.19109880935708984
3 0.3168263472929666 0.39088227538190684 0.17768061416679304 0.1942419906906352
8 0.2217814920049682 0.4780635547024074 0.17610902380771334 0.19266130935708983
0 0.125 0.52734375 0.18125 0.1234375
10 0.7546875 0.3078125 0.490625 0.5625
35 0.09765625 0.64765625 0.1953125 0.1171875
9 0.40703125 0.82734375 0.2046875 0.3453125
7 0.2984375 0.85859375 0.271875 0.2828125
31 0.86015625 0.67265625 0.2796875 0.1671875
34 0.59375 0.65703125 0.16875 0.1359375