9 0.0125 0.29765625 0.025 0.1640625
0 0.0765625 0.27435332544787006 0.1171875 0.15869007775694435
4 0.19609375 0.24652970475995312 0.1203125 0.1589634798304628
6 0.315625 0.21636233407203614 0.13125 0.17242038708777763
4 0.39140625 0.19296875 0.0359375 0.1671875
6 0.42421875 0.1984375 0.0296875 0.1375
5 0.521875 0.21866712785148062 0.09375 0.15038956220555555
9 0.64765625 0.24373406131060077 0.0921875 0.14244036116879605
4 0.77109375 0.2662521932145821 0.09375 0.14726456220555537
8 0.90078125 0.2846296292656003 0.09375 0.14570206220555537
12 0.409375 0.8200118562500001 0.3260563390625 0.719238453125 0.20827345312499998 0.635438428125 0.0503985359375 0.5712441421875 0 0.5695516406250001 0 0.64022036875 0.0650225328125 0.6442182921875 0.31687444062500003 0.7897143234375 0.386768509375 0.884364153125 0.409375 0.8867365625 0.409375 0.8200118562500001
28 0.721875 0.8015625 0.55625 0.396875