3 0.02421875 0.303125 0.0484375 0.196875
5 0.07421875 0.23359375 0.1484375 0.1796875
0 0.16157342365681834 0.16295781739336093 0.1948654451585096 0.18802835335772627
5 0.2668351374420815 0.09471744207508745 0.17458489606689528 0.16906017735518084
5 0.35546875 0.05546875 0.1671875 0.1109375
6 0.71953125 0.26484375 0.5609375 0.5296875
0 0.02421875 0.9375 0.0484375 0.125
2 0.06796875 0.86875 0.1359375 0.184375
7 0.12668785381241854 0.7737311380489977 0.17458489606689528 0.16906017735518084
0 0.21018626683907726 0.6779197460614063 0.18134507909743328 0.17538290268936266
8 0.29296875 0.59609375 0.1640625 0.1328125
4 0.36015625 0.55078125 0.1578125 0.0421875
11 1 1 1 0.5296875 0.563489615625 0.5296875 0.6129846921875 0.57718265625 0.9705373421874999 0.9820697609375 0.9833983046875 1 1 1