4 0.09453125 0.12421875 0.1890625 0.1640625
2 0.1636168634760024 0.2000098923474886 0.19983998758216437 0.18114212613895003
0 0.2440540493814785 0.29096184506302913 0.20165757909743345 0.18435813140062188
3 0.325 0.3796875 0.221875 0.2
5 0.403125 0.428125 0.215625 0.103125
27 0.79453125 0.23984375 0.4109375 0.4796875
25 0 0.4796875 0 1 0.12042125625 1 0.20924636093750001 0.9515816984375001 0.2907238703125 0.853549184375 0.3313164046875 0.7063104578124999 0.30686075625 0.5855927421875 0.260158346875 0.4796875 0 0.4796875
0 0.84453125 0.509375 0.1828125 0.059375
5 0.8758782631667417 0.5800481899142967 0.19776730455162622 0.17480112087727823
8 0.8973869881618924 0.7070888320500238 0.19126221303635713 0.17131209983059073
0 0.9125 0.82734375 0.175 0.1734375
5 0.92890625 0.93359375 0.1421875 0.1328125