7 0.4351466694905882 0.37610530382982477 0.12407545496493207 0.16355945712440043
5 0.3050283729143608 0.38993487122554304 0.12347467766703613 0.15418445712440043
2 0.1823721229143608 0.39779504087301476 0.12387519586563336 0.16043445712440044
0 0.05859375 0.4078125 0.1171875 0.159375
5 0.9238179457087499 0.09724911860464935 0.10618704811738695 0.1515205320782579
7 0.7931291502122567 0.08993487122554304 0.10558627081949101 0.14214553207825792
4 0.6707837808416401 0.07816366132336539 0.10744915946843889 0.14693316162790726
8 0.5484375 0.07109375 0.096875 0.1421875
3 0.48828125 0.6921875 0.0234375 0.146875
5 0.4160357240863801 0.7267012908730147 0.11243704811738695 0.15192105027685515
2 0.29679437075489246 0.7633675809708371 0.10931204811738686 0.15172079117755644
0 0.18292163787375562 0.7981209176448869 0.10558627081949093 0.14214553207825792
1 0.06211778454226806 0.8348873372923586 0.09903588217054296 0.13705751387966067
32 0.75 0.7671875 0.5 0.415625