6 0.25866236380295893 0.3078783358860793 0.15107046312533612 0.11642170970237728
6 0.2424742711120965 0.1950115451294147 0.14594592055068922 0.10978907242947358
5 0.22448873163954275 0.0745235730092018 0.14616444183801286 0.11291407242947357
33 0.72734375 0.184375 0.5453125 0.36875
0 0.27734375 0.96640625 0.1515625 0.0671875
7 0.2996144177775723 0.8641917219510351 0.1495079631253363 0.11629416394474283
4 0.3177302692705111 0.7384264474052278 0.1628820482746301 0.12981453000581897
8 0.3437132510852807 0.611242194071248 0.15652278763096844 0.127741846975281
0 0.36171875 0.4859375 0.1546875 0.128125
3 0.37109375 0.39375 0.1359375 0.05
17 0.7480921875 0.36875 0.605899259375 0.41698925937500003 0.4390625 0.494213825 0.4390625 0.5576648140625 0.5754690484375 0.500836084375 0.599471928125 0.50467463125 0.604748203125 0.8029686734375 0.4390625 0.871995475 0.4390625 0.9463340890625 0.51095828125 0.9132119703124999 0.8041705109375 0.8009405843749999 0.8678079203125 0.790243796875 0.8767345421874999 0.8438556 0.916507925 0.8371701078125 0.9124812921875 0.60952465625 0.8806625875 0.6148730515625 0.8739575531250001 0.6868587375 0.8425553984375 0.7157566609374999 0.6521985625 0.7792463953125 0.6469222859375 0.48095235468749997 0.8610043000000001 0.40560148125 0.8699309218749999 0.4592132859375 0.901888478125 0.4617147359375 0.9002441015624999 0.36875 0.7480921875 0.36875