6 0.5015625 0.3921875 0.15625 0.09375
9 0.43354699995351725 0.31660192979348134 0.18540840263916641 0.15768758928453758
0 0.3423861747884711 0.20473890381889906 0.18880680471268488 0.16086713636243816
8 0.2528562001418047 0.09362985430536633 0.1702522943450923 0.14494212743398444
5 0.159375 0.0328125 0.184375 0.065625
8 0.89140625 0.36953125 0.1796875 0.1390625
0 0.8122591773803693 0.25720538474417565 0.1837092016024071 0.1560978157455871
4 0.7360398470315269 0.13725712338008983 0.16671719123481452 0.14020008035608367
7 0.6609375 0.04921875 0.1625 0.0984375
9 0.3171875 0.78515625 0.525 0.4296875
5 0.3078125 0.72578125 0.54375 0.5359375
0 0.28984375 0.6765625 0.5796875 0.475
3 0.28984375 0.59609375 0.5796875 0.3140625
3 0.28984375 0.54453125 0.5796875 0.2109375
0 0.78984375 0.7265625 0.4203125 0.546875