0 0.02421875 0.171875 0.0484375 0.209375
3 0.0859375 0.196875 0.171875 0.215625
6 0.20801676139864744 0.21362400151260932 0.18968149710021506 0.20598719209011448
8 0.3336320680373433 0.23497411364920975 0.19472419461070417 0.21100247402109956
2 0.4603838221865281 0.25169135610764126 0.18667489627037792 0.20733117080279087
6 0.583229326335713 0.26813544695691827 0.17971450124939992 0.19751912822814396
7 0.68828125 0.284375 0.1234375 0.184375
3 0.8265625 0.41171875 0.153125 0.1546875
3 0.925 0.365625 0.15 0.175
0 0.98359375 0.30234375 0.0328125 0.1703125
0 0.0921875 0.9140625 0.184375 0.171875
2 0.199929729030361 0.8630834161112139 0.18835579544054096 0.20900293144645268
1 0.3095074838042458 0.7851383685928883 0.18151379958972597 0.2007533888718056
7 0.4146461923123971 0.7139514194654085 0.18331309793005204 0.2039876495154674
6 0.5200216991608743 0.6396394703379287 0.17850719875988902 0.20209736758448216
2 0.6203125 0.57578125 0.171875 0.1734375
1 0.69765625 0.5375 0.1046875 0.096875
16 0.875 0.74453125 0.25 0.5109375