0 0.0328125 0.20546875 0.065625 0.1984375
1 0.0921875 0.2796875 0.184375 0.203125
2 0.19859033188239153 0.355570120344063 0.17705790815498562 0.18212543502986128
3 0.3147177855641729 0.421597123478195 0.18996708511458973 0.19647887575930573
0 0.396875 0.49140625 0.10625 0.1859375
7 0.49140625 0.29765625 0.0828125 0.1640625
5 0.5601499575092121 0.3843854513661116 0.1401656619159093 0.1484764804327085
8 0.6681239303913233 0.4619493665443408 0.1498134465556454 0.1580696859797918
0 0.7796875 0.53984375 0.140625 0.1390625
2 0.8765625 0.5796875 0.13125 0.059375
2 0.225 0.8046875 0.45 0.390625
13 0.53671875 0.884375 0.1734375 0.23125
18 0.62734375 0.79765625 0.3546875 0.3765625
19 0.83046875 0.9171875 0.3390625 0.165625
24 0.93828125 0.82265625 0.1234375 0.3546875
23 0.75703125 0.69296875 0.4859375 0.1671875