3 0.07265625 0.3140625 0.1453125 0.18125
7 0.16290601147684097 0.38805869525782166 0.1643788462971587 0.16271927068745348
8 0.2762311841212172 0.4530922545751405 0.1794246920901143 0.17694540268936265
1 0.3931348248346083 0.5227678605585959 0.16761310694082035 0.16431813335454457
8 0.49140625 0.5625 0.1546875 0.1125
28 0.784375 0.309375 0.43125 0.61875
22 0.284375 0.809375 0.56875 0.38125
9 0.73203125 0.665625 0.2203125 0.09375
0 0.83828125 0.70234375 0.2046875 0.1671875
9 0.9203125 0.76875 0.159375 0.203125
3 0.978125 0.85 0.04375 0.18125