5 0.3953125 0.32109375 0.128125 0.0765625
29 0.86171875 0.253125 0.2765625 0.2125
33 0.59609375 0.28671875 0.2734375 0.1453125
19 0.81875 0.08046875 0.26875 0.1609375
15 0.5390625 0.14296875 0.159375 0.2296875
3 0.37128640551388836 0.5173347666456821 0.1723807223375921 0.18710235389503396
6 0.28154925372319395 0.5916683392911279 0.1668730161170366 0.17764553327818292
7 0.18512260452439744 0.6700308928618505 0.17027141819055522 0.18082508035608366
2 0.090625 0.7453125 0.18125 0.2
7 0.04140625 0.82890625 0.0828125 0.1921875
25 0.7296875 0.6796875 0.540625 0.640625