4 0.1921875 0.0265625 0.18125 0.053125
3 0.2578125 0.08046875 0.209375 0.1609375
8 0.33125 0.15 0.190625 0.1375
0 0.40703125 0.19921875 0.1984375 0.0390625
22 0.7796875 0.109375 0.440625 0.21875
35 0.2796875 0.609375 0.559375 0.78125
0 0.596875 0.46015625 0.075 0.1796875
2 0.63671875 0.5625 0.1546875 0.1875
9 0.6876453263431817 0.6682460508376714 0.1770721672787225 0.16606003460041113
9 0.7638573978545715 0.7648080330431742 0.18890248758216438 0.17744320357377177
2 0.8450918092142402 0.8666159307619967 0.18214230455162622 0.17093853558899424
8 0.91015625 0.93984375 0.1734375 0.1203125