5 0.65234375 0.23046875 0.0546875 0.1703125
3 0.5984375 0.15078125 0.1625 0.1703125
8 0.4953125 0.08125 0.178125 0.1625
1 0.38515625 0.0421875 0.1734375 0.084375
22 0.83984375 0.16484375 0.3203125 0.3296875
14 0.5484375 0.98046875 0.171875 0.0390625
20 0.4 0.9359375 0.18125 0.128125
34 0.07578125 0.35546875 0.1453125 0.0515625
33 0.197576623368862 0.4223688619272978 0.19271585335772617 0.18079652380771333
31 0.3366214893777707 0.48718936514875166 0.18324994668999892 0.17292948165323557
30 0.4580794133911337 0.5849269074996211 0.19109880935708984 0.17609993344863373
25 0.5763850654041786 0.6803388805686497 0.18163290268936266 0.16823289129415606
29 0.04140625 0.42890625 0.0828125 0.1578125
24 0.12441239071449779 0.5134256539835796 0.18637494668999893 0.17294766237139497
22 0.2645748613939972 0.6071478620254936 0.1800522213558171 0.16666130093507653
27 0.3858691534054513 0.6908229043763632 0.1706408586887264 0.1634817587805987
26 0.5267401487507689 0.7782905672387372 0.18793744668999893 0.1729567527304745
16 0.0828125 0.60703125 0.165625 0.1609375
28 0.20375608740449672 0.6848506812091386 0.16429995202099903 0.15563289734428026
23 0.3250867420830416 0.771650723560008 0.16904199602163547 0.16034766842151918
32 0.4637321660964046 0.8692882719610016 0.17058631468808994 0.1587942587805987
12 0.59921875 0.9390625 0.1609375 0.121875
11 0.046875 0.67578125 0.09375 0.1578125
10 0.12646742874758718 0.7571801991631195 0.1737294960216354 0.16037493949875792
13 0.2580816027609502 0.8548586541799713 0.17216699602163538 0.16036584913967822
24 0.840625 0.415625 0.31875 0.171875
16 0.78359375 0.51796875 0.2078125 0.2953125
28 0.90546875 0.66171875 0.1890625 0.2953125
11 0.71796875 0.65 0.0765625 0.303125
10 0.82734375 0.7953125 0.2953125 0.29375