2 0.10859375 0.02421875 0.1796875 0.0484375
2 0.19296875 0.07578125 0.1921875 0.1515625
6 0.2837401235365669 0.1544811423028749 0.17720662822814398 0.17720662822814398
4 0.36484375 0.2515625 0.1703125 0.184375
8 0.4140625 0.34765625 0.071875 0.1640625
17 0.4859375 0.246875 0.071875 0.36875
6 0.54375 0.30234375 0.1875 0.2734375
27 0.64453125 0.38828125 0.3765625 0.1015625
27 0.709375 0.06796875 0.378125 0.1359375
20 0.828125 0.128125 0.34375 0.25625
28 0.9078125 0.21875 0.184375 0.390625
34 0.97265625 0.28984375 0.0546875 0.2984375
28 0.225 0.71953125 0.45 0.5609375
2 0.725 0.71953125 0.55 0.5609375