7 0.10859375 0.40625 0.1890625 0.046875
5 0.20703125 0.36484375 0.1921875 0.1296875
0 0.3067064232204612 0.31023432213960955 0.18607145317271012 0.1974802621279716
6 0.4026513510806099 0.22458347774940252 0.1876885168750409 0.19917030788560625
7 0.48671875 0.1375 0.1640625 0.196875
8 0.53515625 0.07265625 0.0671875 0.1453125
29 0.784375 0.21484375 0.43125 0.4296875
4 0.27109375 0.98125 0.1921875 0.0375
0 0.33828125 0.934375 0.1953125 0.13125
2 0.41415187938839626 0.8660221944096037 0.19571927168436448 0.20605803667377884
0 0.47421875 0.7578125 0.1890625 0.228125
5 0.51640625 0.65546875 0.1046875 0.2203125
0 0.8203125 0.93828125 0.2375 0.1234375
5 0.90625 0.90390625 0.1875 0.1921875
7 0.95859375 0.85625 0.0828125 0.246875