1 0.07421875 0.0453125 0.1484375 0.090625
6 0.165625 0.08359375 0.2125 0.1671875
6 0.2810410944555733 0.1202370379535476 0.2150779688253194 0.2179522106938169
6 0.4002934750295057 0.19312855060473008 0.20828166560701078 0.21006698535963508
5 0.5078125 0.25703125 0.203125 0.2140625
0 0.56640625 0.32421875 0.0859375 0.2109375
33 0.8046875 0.3046875 0.390625 0.609375
23 0.3046875 0.8046875 0.609375 0.390625
6 0.64140625 0.75390625 0.0640625 0.1734375
3 0.6984375 0.83359375 0.178125 0.1890625
8 0.8084226853048504 0.9083893765913672 0.1767367346647614 0.18315904002227174
5 0.9125 0.9453125 0.175 0.109375