1 0.2765625 0.3203125 0.209375 0.11875
7 0.3681797702328817 0.25014052458627645 0.2121402433504862 0.18835561736154416
1 0.45 0.13671875 0.2 0.1890625
0 0.4921875 0.059375 0.115625 0.11875
0 0.6203125 0.35 0.140625 0.059375
0 0.61875 0.275 0.1375 0.190625
7 0.6203125 0.13671875 0.140625 0.2078125
7 0.6171875 0.05 0.134375 0.1
22 0.4140625 0.8734375 0.271875 0.253125
22 0.4453125 0.6953125 0.209375 0.26875
25 0.1078125 0.79140625 0.215625 0.2671875
16 0.140625 0.6109375 0.28125 0.26875
8 0.171875 0.475 0.34375 0.190625
10 0.775 0.68984375 0.45 0.6203125