5 0.2515625 0.38046875 0.115625 0.0984375
0 0.140625 0.38359375 0.14375 0.0921875
4 0.04296875 0.38828125 0.0859375 0.0828125
30 0.52734375 0.21484375 0.4359375 0.4296875
14 0.1546875 0.71484375 0.309375 0.5703125
12 0.9484375 0.50078125 0.103125 0.1421875
24 0.90703125 0.9015625 0.1859375 0.196875
19 0.54375 0.91796875 0.25 0.1640625
16 0.7326540203408157 0.8272569651561359 0.2438241366622936 0.20670397635429047
32 0.44765625 0.72578125 0.2765625 0.2359375
18 0.6957323310618035 0.6206750784335273 0.208721094568919 0.19159919461070415
30 0.90703125 0.69609375 0.1859375 0.2140625
26 0.72109375 0.4671875 0.2015625 0.075
11 0.51640625 0.52578125 0.2765625 0.1921875
28 0.3546875 0.48984375 0.090625 0.1203125