8 0.0609375 0.37578125 0.121875 0.1578125
5 0.1725315049800969 0.32169828163204806 0.14593853558899425 0.17198671561506967
4 0.25546875 0.2625 0.0671875 0.159375
0 0.31640625 0.45625 0.0546875 0.1875
8 0.45393269669087066 0.40858787110656225 0.17670837452429886 0.19924019984750013
1 0.6317738538012334 0.35909309812079815 0.17670837452429886 0.19924019984750013
6 0.8270890123944706 0.31622953163204803 0.17689937551288218 0.20392769984750014
7 0.9640625 0.259375 0.071875 0.196875
30 0.14453125 0.775 0.2890625 0.45
22 0.37265625 0.775 0.1671875 0.45
35 0.42734375 0.775 0.2765625 0.45
12 0.50703125 0.775 0.3296875 0.45
2 0.66171875 0.775 0.3171875 0.45
31 0.76875 0.775 0.334375 0.45
14 0.8578125 0.765625 0.284375 0.43125
13 0.928125 0.72421875 0.14375 0.3484375