3 0.0578125 0.571875 0.115625 0.09375
6 0.17421875 0.55390625 0.1484375 0.1296875
8 0.29765625 0.53125 0.1484375 0.175
2 0.42443830722087517 0.4969524677946843 0.14211713636243814 0.1830994682887944
6 0.5470712378218401 0.45804813346676043 0.13726599512873605 0.173451452503779
19 0.809375 0.309375 0.38125 0.61875
0 0.03203125 0.7765625 0.0640625 0.178125
8 0.14372982385996663 0.7860703627730089 0.127809174511885 0.16821792093374804
7 0.2788042532431156 0.7892548179076238 0.12789099512873606 0.17290542093374803
2 0.41393322970416524 0.7955642730422389 0.12164099512873605 0.17254139988706035
5 0.5436070929346901 0.8023364597610023 0.11673530681713337 0.15976838410204497
22 0.809375 0.8796875 0.38125 0.240625