5 0.23671875 0.55390625 0.2109375 0.0515625
4 0.16640625 0.4984375 0.2015625 0.1625
0 0.1 0.4015625 0.2 0.178125
3 0.0640625 0.29375 0.128125 0.175
3 0.02734375 0.1921875 0.0546875 0.1625
7 0.94453125 0.47265625 0.1109375 0.1671875
5 0.915625 0.353125 0.16875 0.1625
2 0.8660209389722231 0.2439954704262693 0.19675600574944418 0.1657589531727101
0 0.8057559651740285 0.13160708703115778 0.1949201036759256 0.16257938947037925
6 0.7453125 0.04921875 0.184375 0.0984375
19 0.234375 0.87265625 0.46875 0.2546875
20 0.734375 0.78984375 0.53125 0.4203125