3 0.5796875 0.0703125 0.078125 0.140625
3 0.518008291399153 0.1270462050716267 0.16245690990138845 0.18212799763774717
5 0.4151093879905864 0.20006206442012112 0.16253873051823947 0.18681549763774719
2 0.3125 0.26640625 0.159375 0.1671875
0 0.2140625 0.30546875 0.153125 0.0890625
11 1 0.35 1 0.27867230625 0.7763690921874999 0.037998525 0.61875 0.10544436406249999 0.61875 0.11242564375 0.8293190609375 0.35 1 0.35
3 0.58828125 0.4375 0.0609375 0.16875
6 0.522752112826783 0.5097669689514428 0.1530000892845374 0.17711311542376224
1 0.4130401477298191 0.5700372916394483 0.15464440990138845 0.181855179126093
7 0.30154749432125244 0.6427530506251229 0.15294554220663664 0.17398811542376222
4 0.1940838218379623 0.7085739688666248 0.15302736282348767 0.17867561542376223
4 0.0873332155072963 0.7783284189592921 0.1482853157455871 0.17538692431676955
1 0.02734375 0.8421875 0.0546875 0.165625
25 0.79921875 0.4171875 0.3609375 0.134375
11 0.771875 0.7171875 0.30625 0.415625