6 0.4296875 0.4796875 0.11875 0.171875
0 0.33803712822784765 0.40733739669458524 0.16653680262104179 0.18575101369695446
0 0.22936933662472256 0.3289145535384181 0.16170383225631965 0.17914581618646536
3 0.12157371399954893 0.2544571599673325 0.16490156743868073 0.18250761452679143
3 0.04375 0.1796875 0.0875 0.18125
3 0.9484375 0.6 0.103125 0.175
8 0.8882949674180214 0.5143364483589037 0.1505481267092364 0.16894202199532432
0 0.7918544188810422 0.42514204856404064 0.15530836189159736 0.17242221950581324
7 0.6930337527528824 0.3342075500139332 0.16653680262104179 0.18575101369695446
9 0.5988096676467712 0.23972199897431476 0.16170383225631965 0.17914581618646536
2 0.53671875 0.14765625 0.0953125 0.1828125
22 0.24453125 0.84453125 0.4890625 0.3109375
24 1 1 1 0.6890625 0.5704114890625 0.6890625 0.5687451015625 0.7864275796875 0.5958428812500001 0.9056594390624999 0.649673896875 1 1 1