8 0.3125 0.02890625 0.203125 0.0578125
2 0.2484375 0.08671875 0.196875 0.1734375
5 0.18380665354306255 0.1949073565971305 0.19848781203728053 0.18189242337435144
0 0.10988574669922971 0.30911541102699136 0.19848781203728053 0.1818924233743516
4 0.06953125 0.409375 0.1390625 0.159375
10 0.71328125 0.3734375 0.2765625 0.23125
32 0.8203125 0.1296875 0.275 0.259375
19 0.92734375 0.3609375 0.1453125 0.25625
16 0.97265625 0.13203125 0.0546875 0.2640625
10 0.10546875 0.83984375 0.2109375 0.2890625
32 0.1796875 0.5921875 0.278125 0.20625
19 0.35494979296496326 0.80932117111176 0.25185145560836625 0.29210675344037007
16 0.403125 0.6 0.19375 0.221875
18 0.7358386625 0.4890625 1 0.6129334796875 1 0.505451865625 0.9431862625 0.4890625 0.7358386625 0.4890625