1 0.20390625 0.453125 0.1671875 0.053125
0 0.25511499280735705 0.3845311903892024 0.17422241316955045 0.14032244355406326
5 0.2991795783841652 0.2594294974681112 0.1663644490629279 0.13848712504240906
2 0.3450112524407755 0.1413044908446893 0.17265991316955046 0.1402678798517325
1 0.3875 0.04453125 0.16875 0.0890625
27 0.69609375 0.33046875 0.2328125 0.2984375
16 0.91640625 0.38515625 0.1671875 0.1890625
1 0.1890625 0.94609375 0.165625 0.1078125
0 0.2348479569139797 0.8436879355798791 0.1710064849563052 0.13708831614940156
5 0.2741795783841653 0.7171874337657804 0.16314852084968265 0.13525299763774717
2 0.31608227038746417 0.5984175863981855 0.16944398495630536 0.1370337524470706
1 0.35390625 0.51015625 0.1671875 0.0609375
4 0.64453125 0.9796875 0.1296875 0.040625
9 0.65234375 0.9 0.1453125 0.153125
5 0.66328125 0.77578125 0.1671875 0.1546875
7 0.66640625 0.64375 0.1734375 0.153125
4 0.68203125 0.53828125 0.1828125 0.1171875