2 0.0484375 0.18125 0.096875 0.19375
5 0.16221622673111433 0.15266583263756922 0.14775570357377185 0.17827308320625015
6 0.305326898175933 0.12670013184013856 0.15263420456235507 0.18306968597979179
5 0.4461893201150433 0.09844523242947875 0.13637253460041113 0.1670810100679862
7 0.58515625 0.0828125 0.1453125 0.165625
0 0.6796875 0.06953125 0.040625 0.1390625
31 0.85 0.259375 0.3 0.51875
33 0.09375 0.6875 0.1875 0.3375
16 0.234375 0.66640625 0.253125 0.2953125
25 0.5171875 0.625 0.25 0.2125
9 0.63515625 0.59921875 0.1296875 0.1609375
13 0.27265625 0.94609375 0.2515625 0.1078125
4 0.4546875 0.9171875 0.265625 0.165625
27 0.634375 0.884375 0.13125 0.23125
30 0.85 0.759375 0.3 0.48125