0 0.39765625 0.03984375 0.1734375 0.0796875
8 0.45886175807604196 0.11829507812146778 0.15775905068427196 0.13423391066226814
4 0.5241787700906777 0.2242435497499379 0.16882382001909005 0.1454896594086268
0 0.5927025981062679 0.3371323431651625 0.15935791335136287 0.13740437476889084
1 0.6515625 0.421875 0.159375 0.09375
17 0.90546875 0.234375 0.1890625 0.46875
9 0.24140625 0.51875 0.1796875 0.1
0 0.27234990404199805 0.6195824449727998 0.16875109468490823 0.13923965940862687
9 0.30197486405949725 0.7476703410535915 0.16882382001909005 0.14548965940862696
3 0.33000096140990554 0.872678701241006 0.1514181440165448 0.12623955423577743
0 0.365625 0.9625 0.165625 0.075
31 0.89453125 0.734375 0.2109375 0.53125