2 0.053125 0.05546875 0.10625 0.1109375
3 0.071875 0.15390625 0.14375 0.1703125
5 0.08515625 0.2796875 0.1703125 0.15625
0 0.11097086922587832 0.4035538095192834 0.1911346672787225 0.16041130093507655
5 0.14296875 0.48125 0.1734375 0.05625
18 0.69453125 0.2546875 0.6109375 0.509375
0 0.03828125 0.56796875 0.0765625 0.1171875
5 0.06484375 0.66015625 0.1296875 0.1359375
5 0.1165519631570433 0.7637014900410509 0.17592425546001172 0.14626698770335977
6 0.18600385163789496 0.8704060079950316 0.16591152667183912 0.1383999455488821
2 0.24609375 0.9515625 0.1671875 0.096875
30 0.69453125 0.7546875 0.6109375 0.490625