2 0.34765625 0.571875 0.1046875 0.09375
2 0.33671875 0.47109375 0.1265625 0.1703125
7 0.334375 0.3375 0.13125 0.16875
9 0.328125 0.2078125 0.14375 0.165625
2 0.31953125 0.07734375 0.1609375 0.1546875
4 0.54140625 0.54765625 0.2171875 0.1421875
1 0.5525649937799636 0.4418157077719095 0.20941702283992142 0.18550690564770314
6 0.5606121099041942 0.312560116784825 0.21270579715018095 0.18872283386094857
0 0.5629038709854706 0.17767665142456107 0.21262390999505118 0.18716033386094857
5 0.56328125 0.06796875 0.2234375 0.1359375
14 0 0.61875 0 0.7402768140625 0.0172481515625 0.8193460796875 0.11364871875 0.9149399390624999 0.22027785312499998 0.9451528671875 0.4 0.9198478640625 0.4 0.8083341328125 0.22334444375 0.8374253984375001 0.11852482812500001 0.7888671374999999 0.083819834375 0.719208071875 0.079316675 0.61875 0 0.61875