7 0.175 0.053125 0.2 0.10625
0 0.1959995577966991 0.16119304330499373 0.20454863466105594 0.1853996687014785
8 0.21809779100647617 0.302718802011421 0.18514387023308565 0.16566702283992144
4 0.23149314681159136 0.4406691813646346 0.1996428798517325 0.17890400723608924
0 0.24609375 0.56015625 0.1828125 0.1171875
26 0.7546875 0.32421875 0.490625 0.5890625
11 0.509375 0.61875 0 0.61875 0 0.8378393109375001 0.0923678703125 0.836384053125 0.2035309984375 0.7990377171875 0.24443149062499997 0.766612115625 0.27859113125 0.717766484375 0.2776194546875 0.6713812203125 0.3014401265625 0.663378434375 0.36473421875 0.707510559375 0.42248683593749997 0.7161350296875 0.509375 0.6869441046875 0.509375 0.61875
0 0.8265625 0.646875 0.1625 0.05625
6 0.8776761106144388 0.7319481993433161 0.1897768065307547 0.1643501843053107
0 0.92734375 0.865625 0.1453125 0.15
1 0.9578125 0.9609375 0.084375 0.078125