5 0.36953125 0.05859375 0.1796875 0.1171875
2 0.3904687102594683 0.16294287820732495 0.18029267912609298 0.15971325599585598
4 0.40948655037066894 0.2884137591007371 0.19958831614940156 0.17621155128112634
1 0.42890625 0.41171875 0.1796875 0.1703125
6 0.4390625 0.51328125 0.159375 0.1328125
31 0.5390625 0.290625 0.040625 0.128125
33 0.56953125 0.04765625 0.1015625 0.0953125
14 0.61171875 0.56015625 0.1015625 0.0390625
30 0.6462250815040441 0.46267524276579886 0.10431053248413757 0.1280950748547749
21 0.6768525773276929 0.3450318244449993 0.10570934137714509 0.12348034946188076
11 0.7150668838584476 0.18881605769577625 0.11217759618646853 0.13002144789030404
34 0.746049043747247 0.061016389374976755 0.09902283175849824 0.11068925103345731
18 0.51875 0.914579496875 0.49469783749999996 0.911428396875 0.3185182734375 0.865381634375 0.1580192234375 0.8551283109375 0.14628514374999999 0.8697517687499999 0.1149662015625 0.8645145515625 0.07779074531249999 0.883176478125 0.0543225875 0.9124233921875 0.0817371828125 0.933593371875 0.15218375312500002 0.9122022812499999 0.42622448593750006 0.95802793125 0.51875 0.9858778765625 0.51875 0.914579496875
15 1 0.6611748828125 0.9906864421874999 0.6581562015625 0.9457443874999999 0.7750333078125 0.5659917078125 0.694944634375 0.5523054562499999 0.7175344734375 0.5621084109375001 0.7440522234375 0.6658681859375 0.786281628125 0.9281748375 0.8467307359374999 0.9014324296874999 1 0.9611920156250001 1 0.986908375 0.8731379328125 1 0.87606663125 1 0.6611748828125