9 0.02421875 0.5828125 0.0484375 0.175
3 0.06875 0.4765625 0.1375 0.175
8 0.11167770209893577 0.37486332612090434 0.20178512351524952 0.17677204152049342
4 0.19918972545590075 0.27048884391540157 0.19388169530200425 0.17332870653952134
3 0.277994338546309 0.16967044323082964 0.1986601235152495 0.17664470752810466
3 0.35859375 0.07734375 0.1953125 0.1546875
3 0.43828125 0.0265625 0.1828125 0.053125
5 0.74609375 0.6203125 0.1765625 0.11875
2 0.754203834389674 0.4969850183259698 0.17114287727617317 0.14274986859280006
0 0.7556336052393565 0.36720201783167816 0.1743133413827959 0.14443970258518882
8 0.7593843940357277 0.23829576783167816 0.17261444906292792 0.13968853558899424
4 0.7638255046188535 0.11254635132977539 0.1630575926364372 0.1330565336118279
7 0.7671875 0.02265625 0.15625 0.0453125
2 0.09609375 0.946875 0.1609375 0.10625
0 0.08915915907942243 0.8318229333449978 0.1661371285298145 0.13162136760421675
8 0.08359375 0.721875 0.1640625 0.084375
9 0.784375 0.884375 0.43125 0.23125