1 0.4078125 0.1328125 0.084375 0.146875
0 0.2927531469190402 0.14748197053494588 0.09609552434972919 0.13492042154477701
4 0.16739859091268577 0.1685216992613153 0.10250916558343129 0.14433178298109545
0 0.04296875 0.18984375 0.0859375 0.1328125
17 0.58359375 0.04453125 0.2671875 0.0890625
20 0.8828125 0.078125 0.234375 0.15625
25 0.546875 0.4046875 0.19375 0.15
22 0.6255599184293956 0.18868823263519427 0.23586713636243814 0.17635446350286302
11 0.97890625 0.18046875 0.0421875 0.1953125
23 0.8796875 0.37890625 0.240625 0.2015625
9 0.396875 0.5328125 0.09375 0.10625
1 0.2703125 0.53828125 0.1 0.1171875
8 0.13828125 0.53828125 0.0984375 0.1171875
5 0.03125 0.5390625 0.0625 0.11875
22 0.80625 0.728125 0.3875 0.496875