3 0.4390625 0.02734375 0.146875 0.0546875
8 0.4358559933849714 0.12778861289627425 0.1600000463187275 0.12668953000581898
1 0.4227480636916323 0.25768340698691883 0.1536772717116218 0.12461684697528082
6 0.414473183212505 0.3848358383504671 0.1568022717116218 0.1248719384905499
8 0.41171875 0.51875 0.1546875 0.121875
9 0.78984375 0.2953125 0.4203125 0.56875
29 0.07421875 0.753125 0.1484375 0.25
25 0.290625 0.6203125 0.2125 0.08125
19 0.26117917101139587 0.756631218955411 0.19009426881613756 0.23810526212797142
24 0.45390625 0.92265625 0.2046875 0.1546875
34 0.4921875 0.7375 0.175 0.234375
20 0.8109375 0.659375 0.378125 0.159375
28 0.7953125 0.878125 0.409375 0.19375
34 0.78359375 0.975 0.3953125 0.05