0 0.12109375 0.04375 0.1859375 0.0875
2 0.07265625 0.1046875 0.1453125 0.1875
3 0.0328125 0.21796875 0.065625 0.1859375
6 0.709375 0.2046875 0.58125 0.409375
33 0.02421875 0.92421875 0.0484375 0.1515625
31 0.05859375 0.8171875 0.1171875 0.15625
30 0.1479218216196525 0.7329509600164946 0.16468336189159735 0.1656203029821361
25 0.25001295811253443 0.6401975071926429 0.15828789152687506 0.1591884465556454
24 0.05546875 0.959375 0.1109375 0.08125
22 0.13243902593246482 0.8950106908161647 0.15828789152687506 0.1591884465556454
27 0.23058754483416627 0.8039333982588698 0.16468336189159735 0.16562030298213629
26 0.3347685113991664 0.6884782313283956 0.16468336189159735 0.1656203029821361
28 0.18359375 0.94375 0.1515625 0.1125
23 0.28374760600458293 0.867967154527076 0.16468336189159735 0.16562030298213629
32 0.3609375 0.7578125 0.115625 0.171875
10 0.234375 0.98359375 0.140625 0.0328125
13 0.3421875 0.93046875 0.146875 0.1390625
20 0.39921875 0.825 0.0390625 0.14375
10 0.709375 0.7046875 0.58125 0.590625