7 0.2921875 0.5859375 0.146875 0.0875
4 0.3046875 0.471875 0.1625 0.1265625
8 0.3109375 0.34296875 0.15625 0.125
0 0.31875 0.21640625 0.159375 0.125
3 0.33359375 0.084375 0.1578125 0.1234375
0 0.63359375 0.48984375 0.0890625 0.1328125
3 0.65078125 0.3671875 0.1234375 0.13125
5 0.671875 0.24609375 0.1640625 0.13125
3 0.71796875 0.12265625 0.1625 0.13125
4 0.76171875 0.03046875 0.1734375 0.0609375
26 0.44921875 0.8265625 0.2796875 0.346875
32 0.19140625 0.80234375 0.2921875 0.3453125
20 0.03984375 0.775 0.0796875 0.290625