7 0.4212506344493966 0.4784038185944697 0.14767466531583312 0.099246541958086
2 0.421875 0.35625 0.15625 0.1
3 0.43046875 0.22578125 0.1390625 0.1015625
4 0.4328125 0.1015625 0.134375 0.1
0 0.4375 0.0125 0.125 0.025
31 0.75 0.26953125 0.5 0.5390625
13 0.3 0.76953125 0.4 0.4609375
0 0.7625 0.94140625 0.1875 0.1171875
2 0.7625230175311563 0.8239663034691592 0.17792809330833315 0.14158857806243946
0 0.7547802851087955 0.6997657341873185 0.1844514953818516 0.14474993949875792
8 0.75 0.590625 0.178125 0.103125