5 0.428125 0.0484375 0.159375 0.096875
6 0.3506079037790629 0.11174131007317847 0.17598453780340292 0.17856244668999893
0 0.26523540786312544 0.20212940539463356 0.16955269984750015 0.17067722135581712
9 0.184550411947188 0.29257204471672493 0.1711879350298612 0.17382040268936266
6 0.10404725398715335 0.39082718403881633 0.16955269984750015 0.17067722135581712
7 0.05546875 0.4890625 0.1109375 0.18125
8 0.9515625 0.09765625 0.096875 0.1953125
0 0.90625 0.165625 0.1875 0.215625
2 0.830316853626563 0.24712318471513414 0.21751872758291685 0.2180976613621805
3 0.7402386739150353 0.336675486035953 0.21272212480937522 0.21335561736154424
3 0.67109375 0.425 0.1828125 0.228125
33 0.13359375 0.809375 0.2671875 0.38125
31 0.38046875 0.728125 0.3984375 0.21875
18 0.6464941875 0.61875 0.5796875 0.6772300203125 0.5796875 0.7791888859375 0.60659976875 0.7931650578125 0.7847342609375 1 0.9350740312500001 1 0.678067265625 0.7091446796875001 0.68015661875 0.6643948140625 0.727105165625 0.6232978515625 0.723086575 0.61875 0.6464941875 0.61875