6 0.4265625 0.06953125 0.084375 0.1390625
0 0.3234375 0.07421875 0.121875 0.1484375
7 0.19240568857510382 0.08812011432745379 0.120917679126093 0.1556002139724832
5 0.06993048784946447 0.10105164554564708 0.12426093393541641 0.1619593413771451
16 0.6530356206116037 0.47675602839260434 0.19548116950744615 0.14571927168436433
12 0.86796875 0.52578125 0.2078125 0.0859375
13 0.7098709854872117 0.12596734390903377 0.18805061542376222 0.15638395317271012
11 0.88984375 0.3625 0.2203125 0.16875
21 0.92421875 0.17265625 0.1515625 0.1453125
27 0.92578125 0.0328125 0.1484375 0.065625
3 0.40703125 0.71875 0.1234375 0.171875
5 0.30629955218476745 0.752400902253887 0.13999506134007814 0.1656299784004535
6 0.18618545962649602 0.787316560876742 0.14317462504240908 0.16730160580511538
0 0.071875 0.82421875 0.14375 0.1828125
27 0.74453125 0.784375 0.5109375 0.43125