3 0.42421875 0.43984375 0.0703125 0.1390625
5 0.3296875 0.4265625 0.140625 0.165625
0 0.20562454459212648 0.4043924974545846 0.12879061867597627 0.16337757775694417
9 0.08106317509095753 0.378814881950464 0.13227081618646536 0.16833847983046263
20 0.88203125 0.071875 0.2359375 0.14375
21 0.6421875 0.0625 0.265625 0.125
26 0.5948548331841902 0.18317089981092707 0.2589050937808672 0.22132536173444403
25 0.8552469589091366 0.20850592459861278 0.28101689212119324 0.2263641762490735
30 0.81328125 0.38671875 0.3046875 0.2453125
31 0.578125 0.36640625 0.2375 0.2484375
30 0.2296875 0.7546875 0.459375 0.490625
5 0.7296875 0.7546875 0.540625 0.490625