2 0.4594491638402385 0.08724132816003456 0.1743050384437538 0.1733391083532209
2 0.37608338591193435 0.18360259780474167 0.18910452283992144 0.18805657981717355
6 0.28938789009580584 0.28372456823523706 0.17266065128862387 0.17170383374611503
4 0.20199303143480707 0.3822476513621796 0.1792381999091429 0.17824493217453857
8 0.11698286635137319 0.4800986463997809 0.16114994120271575 0.1602569114963739
6 0.05625 0.5265625 0.1125 0.084375
16 0.784375 0.284375 0.43125 0.56875
34 0.284375 0.784375 0.56875 0.43125
29 0.8133521760531688 0.7674125175732833 0.28776775214770645 0.2861730562435252
33 0.6625 0.90390625 0.1875 0.1921875
22 0.91875 0.64765625 0.1625 0.1578125
19 0.7015625 0.653125 0.265625 0.16875