9 0.29375 0.5375 0.18125 0.125
2 0.3585581998087961 0.4496567319582862 0.18335971950581342 0.16257675046142522
6 0.4235777033332811 0.34421945789959274 0.2034121103776066 0.1809658050572171
0 0.48343611017711396 0.23283257248984732 0.19200101369695446 0.174014898209672
3 0.5443717649463544 0.12530187230527723 0.19500761452679144 0.17265265730897053
8 0.61171875 0.0515625 0.1953125 0.103125
8 0.7515625 0.33671875 0.065625 0.1953125
5 0.7859375 0.2328125 0.134375 0.19375
6 0.8234375 0.13515625 0.209375 0.1953125
2 0.89921875 0.06484375 0.2015625 0.1296875
12 0.23933788125 0.6 0.1804686234375 0.6516062578125 0.1407652375 0.7806263859375 0.1784009328125 0.929334653125 0.21742275156250002 1 0.3198119359375 1 0.31782295625 0.997563040625 0.2279304609375 0.8273678468749999 0.24464380000000002 0.7252310171875 0.2983578015625 0.67343323125 0.37778911875 0.7182058765624999 0.4666232234375 0.7244523640625 0.4739337734375 0.66084169375 0.450520371875 0.6221455109375 0.4184814046875 0.6 0.23933788125 0.6