1 0.02734375 0.35625 0.0546875 0.18125
0 0.10534488375290012 0.36017169662978255 0.15943997402109958 0.18738489258219673
5 0.24310160986768664 0.35249307270363595 0.15576867080279086 0.17940861827193721
2 0.37260879340782616 0.3506550130018404 0.15787747402109958 0.1873030054270668
1 0.4984375 0.34375 0.140625 0.18125
3 0.6015625 0.175 0.065625 0.175
5 0.680552333384583 0.1278349886915809 0.15108117080279088 0.17916295680654776
2 0.80234375 0.08125 0.1484375 0.1625
0 0.91875 0.05390625 0.140625 0.1078125
9 0.03359375 0.9375 0.0671875 0.125
2 0.11015625 0.91796875 0.1671875 0.1640625
2 0.2374086207634499 0.8905950175243962 0.16434599530842303 0.19075555404758582
9 0.3570380597514712 0.8506018605815626 0.15576867080279086 0.17940861827193721
0 0.48458925938315395 0.8094556394143779 0.14740986758448216 0.17118668249628843
23 0.784375 0.734375 0.43125 0.53125