6 0.3265625 0.46953125 0.1875 0.0984375
5 0.2203125 0.4359375 0.16875 0.165625
7 0.11249342204485324 0.3699809132360576 0.17853603060296191 0.18151808762187222
0 0.0421875 0.296875 0.084375 0.171875
9 0.9734375 0.3484375 0.053125 0.1875
7 0.93125 0.24609375 0.1375 0.2046875
0 0.8954471631535131 0.14043450257378948 0.1948160020669146 0.19603522868809903
8 0.8234375 0.06875 0.2 0.1375
3 0.42890625 0.9671875 0.1703125 0.065625
8 0.32734375 0.9265625 0.1859375 0.146875
1 0.22960383933219547 0.8658436795333936 0.18336907981717357 0.18477947994174038
6 0.13257048159814716 0.7883073644105565 0.18500435442427943 0.186387444048363
8 0.0578125 0.7125 0.115625 0.184375
32 0.71796875 0.88046875 0.0984375 0.2046875
12 0.80859375 0.95390625 0.2109375 0.0921875
14 0.8859375 0.91328125 0.190625 0.1734375
13 0.6921875 0.66015625 0.046875 0.2046875
20 0.76015625 0.78515625 0.1828125 0.1984375