0 0.034375 0.31640625 0.06875 0.1265625
2 0.08203125 0.2640625 0.1640625 0.221875
7 0.14742686376122932 0.1688429441675904 0.20797764192396553 0.2032413232558145
0 0.240625 0.08984375 0.215625 0.1796875
8 0.33359375 0.03828125 0.1953125 0.0765625
10 0.84453125 0.18984375 0.3109375 0.3796875
17 0.1211753046875 0.3796875 0.27425347499999997 0.519635290625 0.0808000984375 0.74643020625 0 0.6773323890625 0 0.868147196875 0.15418315625 1 0.3331009140625 1 0.40926234531250005 0.9107122078125001 0.3784726765625 0.8843818078125001 0.32525851562499997 0.934282059375 0.29016984218749997 0.9254769234375001 0.13099302968749998 0.79995451875 0.1291341015625 0.7771631734375 0.3173590109375 0.5564978500000001 0.49593908750000004 0.7092141671875 0.456899721875 0.7924379218750001 0.49291786093749995 0.8126387296875001 0.6890625 0.5826887171875 0.6890625 0.5764922375 0.6660385109375 0.547254228125 0.6075958796875 0.603284071875 0.5355596046875 0.5628824578125 0.32133908125 0.3796875 0.1211753046875 0.3796875
9 0.7125 0.703125 0.046875 0.15625
0 0.75703125 0.603125 0.1359375 0.159375
6 0.82856128462439 0.5056885094038404 0.14992294724210709 0.14192428901808823
5 0.90625 0.4296875 0.1625 0.1