6 0.4375 0.27265625 0.103125 0.0921875
5 0.3684287567631774 0.21974449666329238 0.17074994668999893 0.18170356826055958
8 0.26191458008431423 0.12375789150044252 0.15968517735518084 0.1701290314288567
0 0.159375 0.05625 0.165625 0.1125
20 0.16937309142263218 0.8195177125330126 0.29871240937299814 0.30938749445597935
25 0.12578125 0.3828125 0.2515625 0.128125
13 0.071875 0.9046875 0.14375 0.190625
22 0.08671875 0.5421875 0.1734375 0.29375
11 0.36796875 0.85234375 0.2421875 0.2921875
23 0.35234375 0.59140625 0.2734375 0.3609375
0 0.74453125 0.659375 0.5109375 0.68125