3 0.27734375 0.38125 0.1609375 0.096875
6 0.26337319535249043 0.2671784611497573 0.15849427693097126 0.12086062670923621
2 0.24702096662612102 0.14181478523795177 0.14908291549465283 0.1143924211621529
6 0.2328125 0.03359375 0.14375 0.0671875
0 0.92265625 0.3890625 0.1546875 0.08125
3 0.9047885357115699 0.2902704690335421 0.17104881908544894 0.13052656743868063
9 0.8822044877033598 0.16788632275701426 0.16010222872636942 0.12870949430041678
9 0.8572994155928487 0.04935387509371562 0.1520988311856975 0.09571515634451402
11 0 1 0.509375 1 0.509375 0.9288277078124999 0.23403678437500003 0.8935015281249999 0.29268998125 0.8021981671875 0.3024023609375 0.7046156437500001 0.28521623281249997 0.6282891734375 0.21255121093749998 0.5283732640625 0.11871639375000001 0.475155565625 0 0.45992412812500005 0 1
8 0.565625 0.89609375 0.1125 0.1609375
2 0.571875 0.7609375 0.125 0.159375
1 0.584375 0.6359375 0.15 0.159375
3 0.59296875 0.5078125 0.1671875 0.153125