5 0.2734375 0.6234375 0.153125 0.071875
0 0.2114276128201924 0.5658134043361099 0.169996674511885 0.17556451093324038
9 0.13221562540209417 0.4520154530165268 0.17473872158978576 0.17909961404351832
8 0.06640625 0.33671875 0.1328125 0.1609375
7 0.028125 0.22890625 0.05625 0.1734375
27 0.675 0.3296875 0.65 0.659375
4 0.23125 0.9484375 0.196875 0.103125
9 0.16949921144022068 0.873919138784721 0.18271486282348767 0.18915811922731454
0 0.10546875 0.75390625 0.1890625 0.1890625
6 0.0640625 0.6875 0.128125 0.05625
13 0.675 0.8296875 0.65 0.340625