6 0.0796875 0.31640625 0.159375 0.0859375
0 0.13203125 0.26640625 0.1984375 0.1859375
3 0.20469677718910306 0.1737696900859051 0.20201033360249454 0.20699652936027152
8 0.2734375 0.08125 0.2 0.1625
0 0.340625 0.02734375 0.203125 0.0546875
6 0.54375 0.16328125 0.0875 0.1859375
8 0.612333773535655 0.10346573341022366 0.17339440990138827 0.17854426535645337
9 0.72109375 0.06484375 0.1734375 0.1296875
7 0.83203125 0.03046875 0.1734375 0.0609375
28 0.25 0.6796875 0.5 0.640625
6 0.76171875 0.9375 0.1703125 0.125
5 0.8442071107915975 0.8656651940642698 0.18929214529089186 0.1943510786919081
9 0.91875 0.77109375 0.1625 0.1859375
4 0.96015625 0.67421875 0.0796875 0.1890625