3 0.590625 0.10859375 0.096875 0.1859375
7 0.49554136249155933 0.15701201851420646 0.16952490363849115 0.1956288462971587
5 0.37291934574233626 0.19829221839799088 0.16974322745980874 0.20031634629715872
2 0.2426838821362664 0.25256409117825324 0.16781685442427943 0.1923945856534969
8 0.12066117886927881 0.29769591074020674 0.16639990363849116 0.19541032500983527
6 0.0390625 0.3453125 0.078125 0.19375
0 0.92890625 0.02890625 0.1421875 0.0578125
5 0.8265625 0.06875 0.1625 0.1375
4 0.71875 0.11796875 0.159375 0.1921875
5 0.66171875 0.196875 0.0453125 0.1875
33 0.31953125 0.76484375 0.6390625 0.4703125
11 0.7073813703125 0.5296875 0.74720223125 0.6921660109375 0.6390625 0.670556221875 0.6390625 1 1 1 1 0.9977063062500001 0.8787764484375 0.5296875 0.7073813703125 0.5296875