0 0.0484375 0.31796875 0.096875 0.1703125
9 0.12018183854630901 0.40759602325400035 0.1610691953020041 0.17472552616718495
8 0.21640625 0.47734375 0.1453125 0.1234375
7 0.315625 0.515625 0.153125 0.046875
10 0.56015625 0.41171875 0.2203125 0.2359375
11 0.74140625 0.4890625 0.2390625 0.1
16 0.82578125 0.4296875 0.2578125 0.21875
15 0.6210192613492781 0.2967895129424182 0.2454729390337981 0.23423630503579282
20 0.69921875 0.13828125 0.2859375 0.2765625
21 0.89140625 0.31484375 0.2171875 0.2828125
25 0.8125 0.06015625 0.30625 0.1203125
26 0.95 0.16328125 0.1 0.3203125
7 0.0296875 0.66875 0.059375 0.165625
5 0.09061034732179767 0.7464603731551783 0.13538723370266403 0.14983194198043534
8 0.1989480330568904 0.8153762441030435 0.14668844655564542 0.16296897881213823
0 0.31110104057873783 0.8876446282050885 0.13855769780928656 0.151576452503779
2 0.39765625 0.940625 0.1046875 0.11875
21 0.725 0.76953125 0.55 0.4609375