5 0.33671875 0.409375 0.1734375 0.1
0 0.3890625 0.31640625 0.159375 0.1453125
4 0.41953125 0.2015625 0.0984375 0.1375
4 0.4515625 0.0828125 0.034375 0.13125
12 1 0 0.9505891875 0 0.9567692874999999 0.02878916875 0.9239196140625001 0.20686805000000003 0.46875 0.0880631890625 0.46875 0.459375 0.727050690625 0.459375 0.8731728484375001 0.3633071140625 0.9673258109375 0.22668183125 1 0.0639276078125 1 0
8 0.25234375 0.94375 0.1578125 0.1125
0 0.30905215805694386 0.8357639480997012 0.1544355397032639 0.1304966368892682
5 0.36336041119107587 0.7153936360652079 0.1703514804327085 0.14372438296032683
8 0.40390625 0.59609375 0.1296875 0.1421875
2 0.43125 0.50546875 0.075 0.0921875
19 0.734375 0.7296875 0.53125 0.540625