8 0.07734375 0.16953125 0.1546875 0.1828125
6 0.1414627244465451 0.25762723704319 0.18614329715018094 0.1941271391103733
1 0.22935447082850047 0.3604599452473246 0.18943207146044044 0.19745239820967192
3 0.3163421364777612 0.4655863386766345 0.20752033016686777 0.21574132325581452
1 0.3734375 0.56640625 0.13125 0.2046875
2 0.48359375 0.275 0.0890625 0.171875
5 0.5532279828142881 0.360578663630492 0.17964763568479175 0.18903912091177588
7 0.6657855365231897 0.44147581507936645 0.17298819990914288 0.18082610271317864
3 0.7720930902320914 0.5219724483296436 0.1747144742194024 0.184051232262828
6 0.8796875 0.59921875 0.175 0.1609375
0 0.94921875 0.64296875 0.1015625 0.0734375
3 0.040625 0.77734375 0.08125 0.1953125
3 0.0734375 0.8765625 0.146875 0.228125
2 0.10625 0.94375 0.2125 0.1125