3 0.06875 0.065625 0.1375 0.13125
5 0.13947799074696637 0.10213538575736418 0.17586035364324068 0.18843256134007813
6 0.23569954438050864 0.17356146325469313 0.17755039940087514 0.19004962504240908
0 0.3308847564987819 0.24813982260318745 0.19445085697722053 0.20622026206571747
5 0.43042262876877596 0.3171130226958548 0.18912562818904774 0.19824407095872498
7 0.49140625 0.38671875 0.1171875 0.2015625
34 0.76796875 0.31484375 0.4359375 0.6296875
6 0.59609375 0.80625 0.0921875 0.2
6 0.665243781044589 0.8368526369384905 0.191198311219586 0.20454863466105594
6 0.7864811811943703 0.8785812907520221 0.1858730824314133 0.19657244355406328
5 0.90234375 0.90625 0.1859375 0.1875
0 0.9640625 0.92578125 0.071875 0.1484375