9 0.421875 0.24609375 0.034375 0.1765625
9 0.36640625 0.1859375 0.1453125 0.178125
7 0.2778507866033271 0.1245079843688707 0.1565154813887501 0.1855543469752808
5 0.1671875 0.07734375 0.153125 0.1546875
2 0.07265625 0.05 0.1453125 0.1
19 0.9171875 0.2265625 0.165625 0.453125
25 0.25625 0.91328125 0.221875 0.1734375
20 0.15742708643671138 0.744292907566647 0.225847678245597 0.20366636031120047
28 0.30174647477372163 0.6367838122583561 0.19386993217453846 0.18549044515850976
26 0.36796875 0.55 0.1421875 0.08125
5 0.71953125 0.7546875 0.5609375 0.490625