4 0.421875 0.07109375 0.134375 0.1421875
3 0.42890625 0.18046875 0.1203125 0.1953125
3 0.43359375 0.315625 0.1109375 0.196875
2 0.44296875 0.43515625 0.0921875 0.1484375
7 0.66796875 0.03671875 0.1890625 0.0734375
5 0.6359421258823554 0.11858255001393317 0.19475476114786475 0.1624086020792368
0 0.6105647034900807 0.2557623186852651 0.18516123986054128 0.1585732070582587
6 0.5828125 0.384375 0.1875 0.15625
7 0.56953125 0.47265625 0.1609375 0.0734375
31 0.28046875 0.95703125 0.2890625 0.0859375
32 0.7546875 0.7546875 0.490625 0.490625