6 0.02890625 0.1109375 0.0578125 0.184375
7 0.09296875 0.08359375 0.1859375 0.1671875
2 0.21796875 0.06953125 0.2109375 0.1390625
7 0.34921875 0.0515625 0.2046875 0.103125
0 0.44609375 0.03359375 0.1453125 0.0671875
27 0.8171875 0.2640625 0.359375 0.25
32 0.665625 0.140625 0.29375 0.28125
24 0.2878464046875 0.3890625 0.19241067812499998 0.3991967984375 0.018209059375 0.4925581453125 0 0.5144121125 0 0.983546121875 0.016040565625 1 0.51875 1 0.51875 0.4316732359375 0.5098419 0.4252060859375 0.378070171875 0.3890625 0.2878464046875 0.3890625
3 0.7703125 0.975 0.196875 0.05
3 0.85546875 0.91796875 0.2171875 0.1640625
3 0.921875 0.8421875 0.15625 0.20625
0 0.965625 0.7421875 0.06875 0.20625