9 0.32734375 0.44140625 0.1578125 0.0765625
6 0.3685135662434643 0.3550724599902321 0.16154055674305975 0.14193180471268488
6 0.41797870566033846 0.22464337474041746 0.1631939849563052 0.14519350574944417
0 0.4689836130239013 0.09329633845384348 0.17762019780928656 0.15892381508027748
0 0.51328125 0.01796875 0.1703125 0.0359375
35 0.825 0.23984375 0.35 0.4796875
21 0.153125 0.58203125 0.234375 0.2046875
33 0.318972904327555 0.6808544185198618 0.22593332884638356 0.2660131451462959
27 0.523893736539151 0.7248020337411586 0.22919472116625172 0.2709740472198144
8 0.7203125 0.91796875 0.140625 0.1640625
0 0.7265625 0.790625 0.153125 0.184375
2 0.7375 0.65546875 0.175 0.1859375
3 0.753125 0.54296875 0.19375 0.1265625