0 0.39140625 0.40703125 0.1546875 0.1859375
3 0.321063058289081 0.353989300656684 0.2081946987598889 0.20077900723608924
8 0.215879573435928 0.29413734509333145 0.2081946987598889 0.20077900723608924
0 0.10997403816785652 0.2335450831075438 0.21816169461070403 0.20908283016686777
17 0.5095898046875 0 0.46875 0.0396244578125 0.46875 0.1334326953125 0.581185034375 0.0322053515625 0.7199394453125001 0.21209400937499998 0.7104431375 0.2396525171875 0.8056225390625 0.3411415875 0.6219146953125 0.5 0.73377990625 0.5 0.8461247484375001 0.40285159843749996 0.8664453296874999 0.41429979687499996 0.8962622187499999 0.39818948593750003 0.9247511359375 0.31551396249999997 1 0.25512456562499997 1 0.1556209625 0.8575048390625 0.2866038359375 0.629813228125 0 0.5095898046875 0
35 0.234375 0.75 0.46875 0.5
7 0.821875 0.94140625 0.19375 0.1171875
4 0.7502741937622895 0.8845831241532893 0.2132373962703779 0.20571216870147851
3 0.6844734402378045 0.7876505704443877 0.206513799589726 0.19913462008095947
0 0.6168141887879119 0.6947061538906157 0.2097571987598889 0.20086089439121899
1 0.55625 0.6015625 0.175 0.2
1 0.5203125 0.55625 0.103125 0.1125