8 0.07124512757429774 0.36560641116648185 0.132237125042409 0.17061049352159507
7 0.18553331686719177 0.3199155744924321 0.12409724282842385 0.16073484577334832
7 0.3082515650530932 0.2689865252953111 0.12722224282842393 0.160935104872647
4 0.4309698132389947 0.21805747609819015 0.1419395072563942 0.18058627081949083
3 0.5546602843830541 0.17254711212624443 0.13854168874473985 0.1725735117201923
3 0.68203125 0.52109375 0.1046875 0.1578125
0 0.780079435834333 0.4869576704226641 0.17400796279135697 0.20602636181247735
9 0.9070585980853851 0.44593454735141974 0.16893851687504088 0.19478847316352949
5 0.97265625 0.40234375 0.0546875 0.1984375
4 0.13359375 0.94140625 0.1546875 0.1171875
6 0.24453125 0.90078125 0.1703125 0.1984375
4 0.359801652169069 0.8334345473514198 0.1658135168750409 0.19458821406423077
5 0.47168160407583476 0.7636250902270193 0.1658135168750409 0.19458821406423077
3 0.565625 0.69140625 0.128125 0.1828125
10 0.81484375 0.8 0.3703125 0.4