5 0.05625 0.034375 0.1125 0.06875
8 0.1546875 0.06171875 0.175 0.1234375
0 0.28993779759380234 0.0977589207579049 0.1805478536432407 0.18763169530200408
4 0.38984375 0.1578125 0.0984375 0.171875
12 1 0 0.8842866812499999 0 0.8071613093749999 0.076374053125 0.6626297843750001 0.33984134374999997 0.6198437953125 0.4631965625 0.61640103125 0.5 0.7220427203125 0.5 0.9487438046874999 0.055757631249999995 0.9957522609375001 0.0031520796875 1 0.0019448328125 1 0
13 0.21953125 0.7015625 0.4390625 0.403125
5 0.49375 0.5640625 0.109375 0.128125
6 0.584375 0.57890625 0.2 0.1578125
7 0.7265625 0.60078125 0.209375 0.2015625
5 0.8669306033533765 0.6361047037482884 0.18523535364324067 0.18776808762187222
5 0.9515625 0.6796875 0.096875 0.203125