2 0.4296875 0.26328125 0.11875 0.2015625
0 0.33304127761592495 0.2424861400191814 0.1732597171537959 0.17931712743398442
4 0.1966451563623602 0.21278677759943534 0.18529082544787007 0.19200804220663664
8 0.071875 0.18203125 0.14375 0.1828125
16 0.74453125 0.275 0.5109375 0.55
13 0.24453125 0.775 0.4890625 0.45
21 0.7703125 0.921875 0.325 0.15625
21 0.63515625 0.8859375 0.2921875 0.228125
3 0.54921875 0.8578125 0.1203125 0.284375
4 0.91171875 0.69140625 0.1765625 0.2828125
1 0.84375 0.65546875 0.2875 0.2109375
27 0.68671875 0.62734375 0.3265625 0.1546875