6 0.05625 0.45625 0.1125 0.2
5 0.10667532508437319 0.37055204580103496 0.20955009821299111 0.20227960055371028
0 0.19977253449929427 0.2795346244555203 0.20634327759614007 0.19739184145441174
4 0.2896901968363146 0.19144194401070697 0.19367963636243815 0.1872158050572171
4 0.3866663827122855 0.10223734653931556 0.18732054220663663 0.1805652868586199
23 0.74453125 0.2796875 0.5109375 0.559375
12 0.1546875 0.5953125 0.215625 0.071875
14 0.15138998701765177 0.735742942626431 0.23098081330995512 0.2676437846991515
11 0.33203125 0.66796875 0.2453125 0.2171875
30 0.28515625 0.8703125 0.2296875 0.259375
28 0.40546875 0.9015625 0.1671875 0.196875
21 0.453125 0.71875 0.071875 0.2125
21 0.74453125 0.7796875 0.5109375 0.440625