4 0.24296875 0.3765625 0.1140625 0.125
4 0.21425041500367356 0.2700245910464507 0.14920109016268784 0.13211358411256366
7 0.165894207354543 0.149989346998379 0.16020222267624523 0.14311471662612102
7 0.11328125 0.0453125 0.1515625 0.090625
1 0.65 0.21953125 0.7 0.4390625
33 0.15 0.71953125 0.3 0.5609375
0 0.83828125 0.9671875 0.2015625 0.065625
2 0.8055536885167992 0.8951513351927183 0.2026442527304745 0.18711015632127043
7 0.7696338483541114 0.7641058682720095 0.1869283491396782 0.1713942527304745
0 0.7360623033709632 0.6338280158126816 0.19165221057599666 0.17767152380771342
8 0.7 0.51171875 0.175 0.1453125