8 0.3421875 0.071875 0.225 0.14375
0 0.27265633423919755 0.16277971760807963 0.1987251843053107 0.18547493344863372
1 0.21211722467368768 0.2896558349963264 0.21352466870147851 0.1996192466803503
3 0.1474671472203534 0.42046092828227233 0.2020139586155702 0.18861811416679294
2 0.0921875 0.51171875 0.184375 0.1359375
26 0.234375 0.78984375 0.46875 0.4203125
13 0.534375 0.7953125 0.13125 0.20625
34 0.6875 0.61015625 0.184375 0.0609375
15 0.6697194419956852 0.6887842022863774 0.19954405585660825 0.20109993344863372
17 0.51171875 0.959375 0.0859375 0.08125
20 0.6539705320006339 0.8700705637226959 0.21097287878738671 0.21053856596219092
11 0.8150109305757244 0.7777552778147341 0.21763231456303558 0.21838742739850953
12 0.91484375 0.609375 0.1703125 0.059375
29 0.959375 0.8234375 0.08125 0.196875
23 0.8328125 0.93515625 0.21875 0.1296875