8 0.49609375 0.2890625 0.0859375 0.1875
7 0.4000836412558508 0.3049765904553604 0.1622638725471326 0.19224053262324467
2 0.265625 0.31875 0.15625 0.18125
5 0.1375 0.33046875 0.15 0.1578125
7 0.034375 0.3421875 0.06875 0.134375
5 0.76953125 0.2046875 0.4609375 0.409375
22 0.26953125 0.7265625 0.5390625 0.546875
9 0.95078125 0.6625 0.0984375 0.1875
7 0.846270233156905 0.6715618429639993 0.1798970415204934 0.203878369581383
8 0.7139843151721275 0.6724319817855734 0.18008804250907637 0.208565869581383
2 0.5984375 0.68359375 0.11875 0.1984375