6 0.5150894358881271 0.13512238915524238 0.1610111228251611 0.14880378875333347
5 0.4265625 0.2046875 0.15625 0.109375
5 0.809375 0.1296875 0.38125 0.259375
5 0.54921875 0.51328125 0.1390625 0.1734375
4 0.4636397993660113 0.6033684685617704 0.19306660622842173 0.1807447729857639
6 0.35429884293245256 0.6877999795796871 0.17289581618646538 0.16155836189159736
0 0.25223759023316017 0.7790809026417012 0.18622461037760657 0.1727868026210418
0 0.14464838794878626 0.8712703622728469 0.1745767153566284 0.16315722948277783
3 0.0640625 0.9359375 0.128125 0.128125
2 0.9140625 0.36796875 0.171875 0.1671875
2 0.8182951010303297 0.4558174020730202 0.19474750539858476 0.18234364057694458
6 0.7105874995757928 0.5495693617041661 0.1796194128671175 0.16795383225631957
4 0.65859375 0.640625 0.0796875 0.171875