4 0.40078125 0.2 0.0578125 0.165625
8 0.3124573821317572 0.1941045309664579 0.12907968610347992 0.15752417211208342
0 0.18634864639978085 0.19000087205649274 0.12922523531769156 0.16064917211208343
3 0.059375 0.190625 0.11875 0.159375
27 0.71484375 0.26484375 0.5703125 0.5296875
6 0.3984375 0.6703125 0.0625 0.165625
0 0.3107857202210985 0.6573494133752773 0.1322774607105856 0.15915940729444458
9 0.18513074875714572 0.6461963206697219 0.13242300992479752 0.16228440729444457
6 0.06015625 0.640625 0.1203125 0.159375
8 0.9151071931327932 0.857181186742291 0.11450776385373888 0.1462593637914585
0 0.7931251852749103 0.8913042264455552 0.12610023531769166 0.1605764369297223
3 0.6693259662921569 0.9199948837399997 0.1258091368892682 0.15432643692972228
5 0.54765625 0.9359375 0.1265625 0.128125
3 0.4578125 0.95546875 0.05625 0.0890625