5 0.471875 0.20234375 0.075 0.1859375
2 0.383628224597971 0.25502787252826453 0.1517851235152495 0.17216855357097244
8 0.25386651675955446 0.30829573005145877 0.15665447994174037 0.1785276563445141
0 0.12497698713438332 0.3584567713702434 0.13731344655564542 0.15777874525034735
1 0.03671875 0.40546875 0.0734375 0.1484375
9 0.7546875 0.23984375 0.490625 0.4796875
0 0.365625 0.621875 0.2875 0.284375
34 0.2171875 0.65859375 0.309375 0.3578125
23 0.06484375 0.7234375 0.1296875 0.415625
7 0.36484375 0.9421875 0.2890625 0.115625
2 0.7546875 0.73984375 0.490625 0.5203125