2 0.49296875 0.0375 0.1734375 0.075
5 0.43697432181592355 0.12181329012844486 0.17432835518980258 0.16728257909743344
6 0.3744339360809124 0.2543226433126436 0.17904312626704133 0.17235271637033697
5 0.31267025516636143 0.385986973618025 0.16175563231716553 0.15376221303635712
7 0.24540600799503184 0.5126289640751273 0.17274767447164335 0.16403003333979882
0 0.175 0.6328125 0.1625 0.134375
22 0.78984375 0.35 0.4203125 0.7
19 0.0890625 0.85 0.178125 0.3
29 0.18671875 0.74765625 0.3734375 0.0953125
21 0.42265625 0.7953125 0.3140625 0.190625
35 0.446875 0.9484375 0.265625 0.103125
1 0.78984375 0.85 0.4203125 0.3