5 0.0453125 0.0359375 0.090625 0.071875
5 0.0703125 0.134375 0.140625 0.11875
4 0.09771860456132453 0.26823621073358783 0.1611284318225902 0.11895108935390812
0 0.14067099229327013 0.3928367687380422 0.16750597758022465 0.12058631468808993
3 0.18203125 0.50546875 0.1640625 0.0890625
4 0.81484375 0.01796875 0.1609375 0.0359375
2 0.8191958943999053 0.11146859006999679 0.17464879788366652 0.1315965400222717
4 0.8318070778894855 0.23727711207031493 0.1777737978836665 0.13163290268936256
9 0.8351548316825073 0.3739049554025877 0.17126870636839725 0.12843517735518084
2 0.8421875 0.49375 0.175 0.1125
8 0.21484375 0.775 0.4296875 0.45
32 0.72890625 0.775 0.5421875 0.45