2 0.06939055342067246 0.16092123152916074 0.02595500494291585 0.02533188672260849
7 0.21787576885744242 0.3816337053846516 0.027644838935304606 0.02857528589277152
0 0.2612782589716106 0.33132512944992387 0.026018671939110404 0.026894386722608486
0 0.27548533900966676 0.31457533733337517 0.02595500494291585 0.02533188672260831
0 0.2844465035344032 0.30370869231239705 0.027644838935304606 0.02857528589277152
1 0.25003701144306856 0.3439318732261466 0.021140170950527094 0.021851689212119395
6 0.021491564295087383 0.21627250497437753 0.02595500494291585 0.02533188672260849
5 0.05518347338261638 0.17767102364570944 0.02595500494291585 0.02533188672260831
5 0.07913296794540892 0.14999538692310105 0.02595500494291585 0.02533188672260849
1 0.121875 0.0109375 0.025 0.021875
33 0.74453125 0.225 0.5109375 0.45
5 0.36640625 0.87734375 0.2453125 0.2453125
6 0.42890625 0.8140625 0.1203125 0.371875
9 0.0828125 0.690625 0.165625 0.384375
0 0.15078125 0.6046875 0.3015625 0.309375
4 0.309375 0.94609375 0.359375 0.1078125
14 0.4890625 0.45 0.4890625 0.7742284890625 0.5351661234375 0.8188389578124999 0.66257493125 0.87202655625 0.8239369265625001 0.8983829921875 1 0.8819568562499999 1 0.599942271875 0.8302253687500001 0.8031425656250001 0.7035023718750001 0.7617227015625 0.610046753125 0.68170394375 0.5699212546875 0.6026255109375 0.5817542609374999 0.500951934375 0.634100509375 0.45 0.4890625 0.45