32 0.0632180120247341 0.02778863124769231 0.024639054595791875 0.020251943244739935
32 0.10707743599114247 0.06341644818198536 0.024639054595791875 0.020251943244739935
32 0.025 0.33203125 0.025 0.0140625
32 0.18206215375600104 0.3276804048449605 0.029326554595791875 0.020552331893687638
18 0.1176551881506108 0.020377847009966123 0.010876943244739845 0.024038277297895937
18 0.38984375 0.0078125 0.0109375 0.015625
18 0.05770849166666849 0.0642267789959389 0.010876943244739845 0.02403827729789576
18 0.12255224166666849 0.06007140268549209 0.010876943244739845 0.024038277297895937
18 0.5811459916666685 0.03068337986341634 0.010876943244739756 0.024038277297895937
18 0.3030302860834276 0.08537538402546954 0.010876943244739933 0.02403827729789576
18 0.14649609114064469 0.28681437538759624 0.010876943244739756 0.024038277297896114
18 0.19342115591546935 0.28459173889811656 0.0061894432447397564 0.023737888648948057
18 0.29571484114064467 0.2772520033960859 0.006189443244739934 0.023737888648948057
18 0.34258984114064467 0.2742481169066064 0.006189443244739934 0.023737888648948057
18 0.35036157078257907 0.3098351634828337 0.006189443244739934 0.023737888648948057
18 0.36598657078257907 0.3088338679863405 0.006189443244739934 0.023737888648948057
29 0.38046875 0.0078125 0.0109375 0.015625
29 0.04994605644149317 0.06550867674418548 0.012439443244739756 0.02413840684754511
29 0.3108835564414932 0.048787041952748925 0.010776813695090582 0.02247577729789594
29 0.42338355644149317 0.04157771437799775 0.010876943244739933 0.024038277297895937
29 0.5468210564414931 0.033667479955701386 0.010876943244739933 0.024038277297895937
29 0.05156791563307683 0.10305874151901015 0.012339313695090582 0.022575906847545114
29 0.2860430451827261 0.08960180907161205 0.010776813695090582 0.02247577729789594
29 0.5540117951827261 0.07242959130675342 0.010776813695090582 0.02247577729789576
29 0.07618478870432117 0.2301323812476923 0.010576554595791876 0.019350777297896117
29 0.009046155915469357 0.29640702575673644 0.010876943244739845 0.024038277297896114
29 0.041858655915469355 0.2943043052141007 0.010876943244739756 0.024038277297896114
29 0.20201490591546936 0.2840410263750453 0.010776813695090492 0.022475777297896116
29 0.35045240591546933 0.27452871915835964 0.010876943244739933 0.024038277297896114
29 0.003125 0.33046875 0.00625 0.0171875
17 0.20619605644149316 0.05549572177925342 0.017126943244739755 0.024438795496493172
17 0.12447089681617074 0.28587243908268667 0.017126943244739755 0.024438795496493172
17 0.05435865591546936 0.2935032688169061 0.017126943244739755 0.024438795496493172
17 0.04609375 0.328125 0.0171875 0.021875
17 0.20078666563307687 0.0934963695275 0.017126943244739845 0.024438795496493172
30 0.36953125 0.00859375 0.0171875 0.0171875
30 0.29770243599114254 0.05120064312476815 0.016826554595791875 0.01975129549649317
30 0.3508274359911425 0.04779623843669123 0.016826554595791875 0.01975129549649317
30 0.09161192473237549 0.10363043800295255 0.016826554595791875 0.01975129549649317
30 0.1509869247323755 0.09982551511627831 0.016826554595791875 0.01975129549649317
30 0.5666119247323754 0.07319105490955895 0.013701554595791875 0.019551036397194466
28 0.434375 0.00703125 0.015625 0.0140625
28 0.50703125 0.0046875 0.0140625 0.009375
28 0.52265625 0.00390625 0.0171875 0.0078125
28 0.55390625 0.00234375 0.0171875 0.0046875
28 0.4094211859911425 0.04404138032484166 0.01702681369509058 0.02287629549649317
28 0.10919635023994338 0.29234248457917983 0.016826554595791875 0.01975129549649317
28 0.5779463502399433 0.2623036196843834 0.016826554595791875 0.019751295496493525
28 0.15373689465670243 0.3263577367386482 0.017026813695090494 0.02287629549649317
28 0.28894320943152707 0.318477780693982 0.016826554595791875 0.019751295496493525
13 0.034942817700260156 0.027247213141380122 0.017126943244739755 0.024438795496493172
13 0.1793739381506108 0.01642272979881785 0.017126943244739845 0.024438795496493172
13 0.1342709916666685 0.059320431063122216 0.017126943244739845 0.024438795496493172
13 0.2550898411406447 0.2798553716869684 0.017126943244739935 0.024438795496493172
13 0.5535774059154693 0.26151187770394807 0.017427331893687815 0.02912629549649317
13 0.10234375 0.32734375 0.0171875 0.0234375
14 0.00390625 0.03125 0.0078125 0.021875
14 0.0827492620247341 0.026537011877075755 0.017026813695090494 0.02287629549649317
14 0.1632180120247341 0.021380340070135784 0.017026813695090494 0.02287629549649317
14 0.53671875 0.003125 0.0171875 0.00625
14 0.1531711859911425 0.06046262646733034 0.020151813695090493 0.023076554595791877
14 0.22348368599114252 0.055956796733110895 0.02015181369509058 0.023076554595791877
14 0.5921875 0.03125 0.015625 0.021875
14 0.22598692473237544 0.0950192967331109 0.019951554595791877 0.019951554595791877
14 0.2580181747323754 0.09296664096529979 0.019951554595791877 0.019951554595791877
14 0.47129942473237546 0.0792989574381675 0.016826554595791875 0.01975129549649317
14 0.59296875 0.07109375 0.0140625 0.0203125
14 0.021696350239943384 0.29794973935954194 0.016826554595791875 0.019751295496493525
14 0.07169635023994334 0.2947455937707636 0.023276813695090492 0.023276813695090583
14 0.4638838502399434 0.26961307680878405 0.016826554595791875 0.019751295496493525
14 0.5208650354651188 0.26517709824658375 0.01702681369509058 0.02287629549649317
14 0.5373213502399434 0.2649069879752659 0.01702681369509058 0.02287629549649317
14 0.5921875 0.26015625 0.015625 0.0234375
14 0.0609375 0.33046875 0.015625 0.0171875
14 0.13828125 0.32734375 0.0171875 0.0234375
14 0.24363070943152704 0.32138153763381216 0.016826554595791875 0.01975129549649317
14 0.32175570943152704 0.31637506015134614 0.016826554595791875 0.01975129549649317
14 0.41941195943152715 0.31011696329826355 0.01702681369509058 0.02287629549649317
14 0.477224459431527 0.30641216996123877 0.016826554595791875 0.01975129549649317
10 0.48984375 0.00546875 0.0140625 0.0109375
10 0.035983685991142475 0.06797234269102947 0.016826554595791875 0.01975129549649317
10 0.4359836859911425 0.0423391779808032 0.01702681369509058 0.02287629549649317
10 0.4789524359911425 0.03958561536544689 0.01702681369509058 0.02287629549649317
10 0.03692442473237549 0.10713497224067874 0.016826554595791875 0.01975129549649317
10 0.13384948950720016 0.10170819016242083 0.020151813695090493 0.023076554595791877
10 0.5400494247323755 0.07489325725359741 0.016826554595791875 0.01975129549649317
10 0.009978797803619831 0.23751288710778837 0.016626295496493172 0.016626295496493526
10 0.0653974830287952 0.2331770380952376 0.013701554595791875 0.019551036397194466
10 0.22320878546511871 0.28425177745477936 0.019951554595791877 0.019951554595791877
10 0.43503695943152715 0.3091156678017704 0.01702681369509058 0.02287629549649317
10 0.49441195943152716 0.30531074491509624 0.02015181369509058 0.023076554595791877
10 0.572536959431527 0.3003042674326302 0.019951554595791877 0.019951554595791877
16 0.41953125 0.009375 0.0171875 0.01875
16 0.45175888031561645 0.04368163248431003 0.020251943244739758 0.024639054595791875
16 0.40164346853082566 0.3143934531192308 0.017126943244739935 0.024438795496493172
23 0.017905512024734095 0.030692388187522644 0.016826554595791875 0.01975129549649317
23 0.4015625 0.00703125 0.015625 0.0140625
23 0.02035868599114248 0.06897363818752264 0.016826554595791875 0.01975129549649317
23 0.08598368599114248 0.06476819710225117 0.016826554595791875 0.01975129549649317
23 0.3930149359911425 0.04509274059615951 0.01702681369509058 0.02287629549649317
23 0.1673931747323755 0.09877415484496037 0.016826554595791875 0.01975129549649317
23 0.2736431747323754 0.09196534546880661 0.016826554595791875 0.01975129549649317
23 0.31504942473237546 0.08931191240309957 0.016826554595791875 0.01975129549649317
23 0.15841510023994337 0.28918840376522625 0.016826554595791875 0.01975129549649317
23 0.23883378546511871 0.2832504819582862 0.01702681369509058 0.02287629549649317
23 0.3060212854651187 0.27894491132336546 0.016826554595791875 0.01975129549649317
23 0.4778962854651187 0.26793066086194006 0.016826554595791875 0.01975129549649317
23 0.5036775354651187 0.2662785232927263 0.016826554595791875 0.01975129549649317
23 0.078125 0.33046875 0.015625 0.0171875
23 0.25925570943152704 0.320380242137319 0.016826554595791875 0.01975129549649317
34 0.026485177353269142 0.23802402683647053 0.016826554595791875 0.019751295496493525
34 0.5250809685308256 0.3064832186969344 0.017126943244739935 0.024438795496493172
2 0.10743478870432117 0.22812979025470598 0.014001943244739756 0.02423853639719482
0 0.27265625 0.01171875 0.0171875 0.0234375
0 0.28984375 0.0109375 0.0171875 0.021875
0 0.30703125 0.0109375 0.0171875 0.021875
0 0.13087228870432116 0.22662784700996602 0.017126943244739755 0.024438795496493172
0 0.14498485347914586 0.22650793106312223 0.017126943244739845 0.024438795496493172
22 0.5000461859911425 0.03823386644518108 0.029326554595791875 0.020552331893687815
22 0.1786787330287952 0.22591764574566184 0.024438795496493172 0.017126943244739578
22 0.4404463502399434 0.27111502005352384 0.024639054595791875 0.020251943244739935
22 0.22326814465670236 0.3219019717792534 0.024639054595791875 0.020251943244739935
22 0.553786959431527 0.3015058220284221 0.024639054595791875 0.020251943244739577
27 0.3656711859911425 0.046845007715022646 0.01037629549649317 0.016225777297895937
27 0.4672336859911425 0.04033658698781677 0.010576554595791876 0.019350777297895937
27 0.5734836859911425 0.03352777761166292 0.010576554595791876 0.019350777297895937
27 0.1048931747323755 0.10277933683093324 0.010576554595791876 0.01935077729789576
27 0.44239317473237544 0.08115135410667991 0.01037629549649317 0.016225777297895937
27 0.5814556747323755 0.07223982418789036 0.01037629549649317 0.016225777297895937
27 0.13732135023994338 0.290540152685492 0.01037629549649317 0.016225777297896114
27 0.46623689465670237 0.30633182680878407 0.010576554595791876 0.019350777297896117
27 0.44753695943152705 0.30831463140457593 0.010576554595791876 0.019350777297896117
21 0.4796875 0.00390625 0.00625 0.0078125
21 0.12266166563307683 0.09850284700996603 0.0061894432447397564 0.023737888648948057
21 0.5059805151070531 0.3022160232927263 0.004626943244739934 0.023637759099298706
21 0.5130117651070532 0.30176544031930436 0.006189443244739934 0.023737888648948057
15 0.21853656770026006 0.01548199105758492 0.010876943244739933 0.02403827729789576
15 0.2270301881506108 0.01336877853451357 0.010776813695090582 0.02247577729789594
15 0.5054741656330769 0.07397110734588246 0.010876943244739933 0.02403827729789576
15 0.3567617651070531 0.3117783952842366 0.010876943244739933 0.024038277297896114
24 0.2045741972499094 0.01794565700442874 0.016826554595791875 0.01975129549649317
24 0.35 0.009375 0.01875 0.01875
24 0.06957743599114248 0.06581955737356901 0.016826554595791875 0.01975129549649317
24 0.28129618599114253 0.052252003396086 0.016826554595791875 0.01975129549649317
24 0.33207743599114253 0.048997793032483014 0.019951554595791877 0.019951554595791877
24 0.5586900007659671 0.035260258333331504 0.016826554595791875 0.01975129549649317
24 0.003125 0.10859375 0.00625 0.0203125
24 0.0744244247323755 0.10473186304909507 0.019951554595791877 0.019951554595791877
24 0.42833067473237546 0.08205252005352381 0.016826554595791875 0.01975129549649317
24 0.41935260023994336 0.2724667689737895 0.013701554595791875 0.01955103639719482
24 0.12109375 0.328125 0.0171875 0.021875
24 0.20217439465670242 0.3232537206995193 0.017026813695090494 0.02287629549649317
31 0.24083067473237546 0.0940680660114424 0.016826554595791875 0.01975129549649317
12 0.1311867620247341 0.02343299583794689 0.016826554595791875 0.01975129549649317
12 0.46796875 0.00546875 0.0171875 0.0109375
12 0.23988993599114253 0.05490543646179304 0.01702681369509058 0.02287629549649317
12 0.1845806747323755 0.09767272979881785 0.019951554595791877 0.019951554595791877
12 0.45411192473237544 0.08040038248431003 0.01702681369509058 0.02287629549649317
12 0.33894320943152706 0.3152736351052036 0.016826554595791875 0.01975129549649317
12 0.37800570943152706 0.3127703963639707 0.016826554595791875 0.019751295496493525
25 0.1616914921280938 0.23014407079180438 0.014001943244739846 0.02423853639719482
25 0.2819527297895926 0.2828406693429299 0.017427331893687815 0.02912629549649317
25 0.3055497185308257 0.320551420422664 0.017427331893687635 0.02912629549649317
20 0.1074989381506108 0.021028689082686645 0.017126943244739845 0.024438795496493172
20 0.1481239381506108 0.018425320791804367 0.014001943244739846 0.024238536397194466
1 0.24666156770026007 0.013679659163897106 0.010876943244739933 0.024038277297895937
12 0.18744605644149318 0.05669727637504529 0.025239831893687815 0.029626943244739756
20 0.2569773064414932 0.05224151141565052 0.015664572794389108 0.02590116594684382
18 0.3803647416666685 0.043550026993354155 0.0064898318936878144 0.028425388648948058
28 0.5319773064414932 0.03461871067736997 0.023477072794389108 0.026401813695090582
20 0.015630415633076832 0.10536172116094455 0.017126943244739755 0.024438795496493172
21 0.3421929156330769 0.08443464528423643 0.020251943244739935 0.024639054595791875
10 0.3585991656330769 0.08338328501291858 0.023376943244739934 0.02483931369509058
15 0.41104304518272616 0.08159144509966634 0.014001943244739756 0.024238536397194643
24 0.4905302860834276 0.07335983806755095 0.023376943244739934 0.02483931369509058
23 0.521880415633077 0.07291974707456461 0.023376943244739934 0.02483931369509058
4 0.044984853479145846 0.23291622224067865 0.017026813695090494 0.022876295496493525
14 0.009669114737912831 0.19595644278331453 0.017126943244739755 0.024438795496493172
18 0.02597523518826348 0.19334258251199649 0.0061894432447397564 0.023737888648948057
1 0.09571603870432117 0.22888076187707576 0.010876943244739756 0.024038277297896114
20 0.17310865591546937 0.2858934230435578 0.017427331893687815 0.02912629549649317
20 0.3246210911406447 0.2753996067275736 0.014001943244739934 0.024238536397194466
32 0.39888990591546936 0.2714247031192308 0.029626943244739933 0.025239831893687635
20 0.5895742651070531 0.29685909238648767 0.014001943244739934 0.02423853639719482
3 0.68359375 0.06328125 0.1671875 0.1265625
4 0.8 0.04921875 0.221875 0.0984375
8 0.79609375 0.259375 0.2046875 0.159375
9 0.92578125 0.2453125 0.1484375 0.1875
18 0.346875 0.6609375 0.359375 0.64375
11 1 0.3390625 0.9311942109375 0.3390625 0.8438463031250001 1 0.989743146875 1 0.9913704093749999 0.991107153125 1 0.9905541437500001 1 0.3390625