1 0.28125 0.628125 0.025 0.021875
0 0.25805535239941174 0.6194458984666955 0.03627746144333699 0.031288541356328636
2 0.2094478716777431 0.6023825229499667 0.033052331893687635 0.029580492142117266
2 0.15673388185677598 0.5820122109154735 0.03128957279438911 0.02638271753501158
2 0.1335769841085293 0.5731444791124385 0.031289572794389285 0.02638271753501158
0 0.18467840915467182 0.5926607665398261 0.033052331893687635 0.029580492142117266
2 0.18191674968623292 0.4523268649682494 0.019851425046142523 0.01806079528527036
2 0.20493514265411755 0.3739493078961549 0.019851425046142523 0.01806079528527036
2 0.24168656615910064 0.24246602150222482 0.019851425046142523 0.01806079528527036
2 0.3010255860557409 0.03803754073264711 0.019851425046142523 0.01806079528527027
9 0.1651099814876357 0.44531273159363793 0.023076554595791877 0.019768844499482085
9 0.1865658744555203 0.3668623999144375 0.023076554595791877 0.019768844499482085
9 0.22487979796050334 0.23545188812761317 0.023076554595791877 0.019768844499482085
5 0.2575142203857522 0.1248076406088126 0.023076554595791877 0.019768844499482085
9 0.2842188178571437 0.03102340735803564 0.023076554595791877 0.019768844499482085
1 0.1836027583241063 0.2841590618250963 0.018288925046142525 0.017988020678164317
2 0.16762730490033367 0.2779625657540377 0.02483931369509058 0.02296661910658777
1 0.01229016039128954 0.1998460661683225 0.018288925046142525 0.017988020678164317
0 0.00234375 0.19140625 0.0046875 0.0203125
1 0.24407228408084275 0.145991281841307 0.018288925046142525 0.017988020678164317
0 0.22658439543189476 0.1405032611631425 0.023076554595791877 0.019768844499482085
1 0.65859375 0.31953125 0.6390625 0.6390625
25 0.16953125 0.82890625 0.3390625 0.3421875
2 0.66953125 0.81953125 0.6609375 0.3609375