2 0.29845538140711164 0.42115544173825314 0.023295388367602497 0.020439765027114733
2 0.22934438450920477 0.29179467378427226 0.023295388367602497 0.020439765027114642
2 0.12239988786339939 0.08874642095560188 0.023295388367602497 0.020439765027114642
9 0.2805030569014795 0.4319929477883774 0.0248578883676025 0.020448855386194252
9 0.21144669032540353 0.30185092983439643 0.0248578883676025 0.020448855386194252
5 0.15508706570355582 0.19132197511213214 0.0248578883676025 0.020448855386194252
9 0.10611932400142905 0.0980305173648057 0.0248578883676025 0.020448855386194252
1 0.21819408103879462 0.3730128575274936 0.020061127723940687 0.01885908430895533
2 0.201968147498655 0.38151570393669737 0.02496714901126431 0.022011355386194253
1 0.03359375 0.44765625 0.0203125 0.0046875
1 0.16098750443947552 0.21871117690753022 0.020061127723940687 0.018859084308955422
0 0.14387106025567417 0.22877197813719424 0.0248578883676025 0.020448855386194252
15 0.7046875 0.225 0.590625 0.45
2 0.2046875 0.725 0.409375 0.55
4 0.97109375 0.746875 0.0578125 0.178125
1 0.897395261981044 0.8000889628154919 0.16590849530842283 0.18370335518980258
9 0.7550003123493612 0.8469361708574059 0.16536219209011432 0.17589085518980258
4 0.6234336020740165 0.8954095114128773 0.16568997402109958 0.1805783551898026
5 0.490625 0.92578125 0.1625 0.1484375