3 0.05 0.0734375 0.0234375 0.015625
1 0.1875 0.221875 0.0171875 0.015625
0 0.21171875 0.2203125 0.028125 0.01875
2 0.25859375 0.2140625 0.025 0.0171875
2 0.3109375 0.20859375 0.0234375 0.015625
2 0.334375 0.20625 0.0234375 0.015625
0 0.28359375 0.21171875 0.025 0.0171875
2 0.33515625 0.33671875 0.015625 0.0109375
2 0.34296875 0.41640625 0.015625 0.0125
2 0.3578125 0.55078125 0.015625 0.0125
2 0.37890625 0.76015625 0.015625 0.0125
9 0.35234375 0.33515625 0.0171875 0.0125
9 0.3609375 0.41484375 0.0171875 0.0125
9 0.375 0.54921875 0.0171875 0.0125
5 0.38515625 0.6625 0.0171875 0.0125
9 0.3953125 0.75859375 0.0171875 0.0125
1 0.3921875 0.4875 0.0125 0.0125
2 0.40859375 0.4859375 0.0171875 0.0140625
1 0.56796875 0.48671875 0.0125 0.0125
0 0.58515625 0.4859375 0.0171875 0.0125
1 0.38984375 0.6375 0.0125 0.0125
0 0.40625 0.63515625 0.0171875 0.0125
5 0.6 0.809375 0.0171875 0.0125