1 0.2640625 0.1546875 0.0171875 0.015625
0 0.2875 0.15859375 0.028125 0.01875
2 0.33515625 0.1640625 0.025 0.0171875
2 0.38671875 0.171875 0.0234375 0.0171875
2 0.41015625 0.175 0.0234375 0.0171875
0 0.359375 0.16796875 0.025 0.0171875
2 0.3796875 0.3015625 0.015625 0.0109375
2 0.36796875 0.38125 0.015625 0.0125
2 0.34921875 0.51484375 0.015625 0.0125
2 0.31953125 0.7234375 0.015625 0.0125
9 0.396875 0.30390625 0.0171875 0.0125
9 0.38515625 0.38359375 0.0171875 0.0125
9 0.36640625 0.5171875 0.0171875 0.0125
5 0.34921875 0.6296875 0.0171875 0.0125
9 0.3359375 0.72578125 0.0171875 0.0125
1 0.39765625 0.46171875 0.0125 0.0125
2 0.41484375 0.4640625 0.0171875 0.0140625
1 0.56875 0.503125 0.0125 0.0125
0 0.5859375 0.50625 0.0171875 0.0125
1 0.359375 0.60625 0.0125 0.0125
0 0.3765625 0.60859375 0.0171875 0.0125
5 0.52265625 0.82421875 0.0171875 0.0125