1 0.17421875 0.43671875 0.0234375 0.0265625
0 0.16091986331968675 0.41391781834658764 0.028888719414791632 0.035108323637421536
2 0.1338131558727423 0.3678719947091661 0.02725348423243057 0.031855777879787085
2 0.10445361740374932 0.3177286024352927 0.027217116641249994 0.030293277879787438
2 0.09011901368027715 0.29464191773776455 0.027217116641249994 0.030293277879787084
0 0.11951491974045067 0.34322281001163796 0.02725348423243057 0.031855777879787085
2 0.21662826871427027 0.24000182834852737 0.01606141109416672 0.020025457576345395
2 0.29191986265409664 0.19996650183616788 0.01606141109416672 0.020025457576345218
2 0.4148865435998953 0.12938254805284427 0.01606141109416672 0.020025457576345395
9 0.2068175108304855 0.2243290309239029 0.01922277868534721 0.021843049091614476
9 0.28136422236149256 0.18266743153272608 0.020821646276527873 0.023533094849248926
9 0.4050757857161106 0.11370975062821982 0.01922277868534721 0.021843049091614476
1 0.3376155287822565 0.1199440330499348 0.012790940729444422 0.013520366061076317
2 0.3278047708984717 0.10427123562531034 0.020821646276527873 0.023533094849248926
1 0.4837833203853815 0.061429515631129306 0.012790940729444599 0.013520366061076317
0 0.4739725625015968 0.04575671820650484 0.020821646276527873 0.023533094849248926
33 0.75 0.225 0.5 0.45
3 0.25 0.725 0.5 0.55
35 0.75 0.725 0.5 0.55