1 0.35197299162022266 0.21390993387973278 0.025681961599340043 0.023728401336727066
0 0.32674567108710945 0.20638833521645994 0.03845474623907634 0.03324885200509069
2 0.27700408386094855 0.18899229722314143 0.03367631802583091 0.030069308004454332
2 0.22025397868809904 0.17245932523077742 0.03206835391920819 0.02848862667090888
2 0.19580790815498564 0.16492863590073187 0.03206835391920819 0.02848862667090888
0 0.25021426332783514 0.181488879893414 0.03367631802583091 0.030069308004454332
2 0.16864967775102696 0.30591726257164076 0.020858069279472247 0.018986357336090796
2 0.14456497156196307 0.3913825952419133 0.022466033386094784 0.020567038669636162
9 0.15049907132453627 0.29987634790741335 0.024028533386094963 0.020585220003181703
9 0.12641436513547238 0.38534168057768586 0.024028533386094963 0.020585220003181703
14 0.878125 0.30625 0.24375 0.20625
6 0.76015625 0.26953125 0.3203125 0.2796875
8 0.603125 0.228125 0.31875 0.3625
33 0.46328125 0.1921875 0.1484375 0.384375
16 0.19453125 0.7046875 0.3890625 0.590625
14 0.5268602546875 0.409375 0.5238651046875 0.417743928125 0.5356818328124999 0.5195546828125 0.6042350265625 0.66725220625 0.714856134375 0.7865660734375 0.8799213 0.8929324328125 0.8310934187499999 1 1 1 1 0.5386215734375 0.9407783640625 0.440182971875 0.9056831515624999 0.409375 0.5268602546875 0.409375