0 0.521875 0.29296875 0.015625 0.0390625
2 0.49530989789150903 0.33662878774933613 0.0332521157567804 0.03619510523343692
2 0.4537902558263692 0.3810914192911324 0.03150760523343692 0.03297909997176518
2 0.43468394005547106 0.4016692298003587 0.03150760523343692 0.03297909997176518
0 0.47620358212061104 0.3572065982585624 0.033252115756780755 0.03619510523343692
2 0.34569630574166454 0.2986268007623414 0.021586573663405773 0.023058068401734032
2 0.2828847635777027 0.240775774383395 0.023149073663405774 0.02314907366340595
2 0.17947060821720875 0.14480239270042444 0.02314907366340595 0.02314907366340586
2 0.01796875 0.003125 0.0234375 0.00625
9 0.330814758386618 0.3135083481173881 0.023240078925077866 0.024711573663405772
9 0.269565716222656 0.2555663164767698 0.02324007892507769 0.02471157366340595
9 0.16615156086216212 0.1595929347937992 0.02324007892507769 0.02471157366340595
5 0.07979610288494979 0.0781979926016024 0.023240078925077866 0.024711573663405862
9 0.0078125 0.01015625 0.015625 0.0203125
1 0.19288909513361627 0.22188083219119817 0.021495568401734035 0.021495568401734035
2 0.17957004777856964 0.23667137428457297 0.024893584186749605 0.026365078925077688
1 0.03846065841485284 0.36012282678835195 0.021495568401734035 0.021495568401734035
0 0.024360361059806122 0.37495887151256274 0.023240078925077866 0.024711573663405772
1 0.093274773959872 0.10077094261571987 0.021495568401734035 0.021495568401734035
0 0.07912897397398941 0.11638823733993053 0.02324007892507769 0.02471157366340595
0 0.76484375 0.2140625 0.4703125 0.428125
34 0.76484375 0.7546875 0.4703125 0.490625