15 0.26328125 0.14453125 0.5265625 0.2890625
29 0.7430724722406787 0.024759511198154803 0.014863536397194555 0.013565592531467186
18 0.5515625 0.24609375 0.003125 0.0171875
18 0.5654517126799548 0.21236902282051684 0.014763406847545246 0.012003092531467186
18 0.62677804133444 0.11675960227972948 0.016426036397194553 0.013683991701630215
18 0.6639368823274265 0.08284562095106143 0.016426036397194553 0.013683991701630305
20 0.55078125 0.17890625 0.0015625 0.0171875
20 0.55234375 0.184375 0.0046875 0.015625
34 0.55546875 0.18671875 0.0109375 0.0171875
14 0.5606838695275 0.20184591991608744 0.01496366594684389 0.015128092531467274
14 0.5930946537652263 0.14496803526807148 0.0165261659468439 0.015246491701630305
14 0.6222605220561086 0.10233024937530004 0.016526165946843883 0.015246491701630305
14 0.6357525231358429 0.12229920725875135 0.016526165946843883 0.015246491701630217
14 0.660681474400147 0.072985368876469 0.016526165946843908 0.015246491701630217
14 0.6684741880029526 0.08483417344057238 0.016526165946843908 0.015246491701630217
14 0.7033393437707636 0.05031654086714887 0.016526165946843908 0.015246491701630217
13 0.55078125 0.2390625 0.0015625 0.021875
13 0.5625770365540781 0.2086995711608429 0.018088665946843885 0.015364890871793246
10 0.55390625 0.2484375 0.0078125 0.01875
10 0.5692077683554808 0.21441677489510927 0.013200906847545246 0.011884693361304243
28 0.6400395049372455 0.12819400974826226 0.016526165946843883 0.015246491701630305
28 0.6769980868309332 0.09740502841959424 0.014863536397194555 0.013565592531467274
28 0.7090386312476923 0.058436694186496795 0.014863536397194555 0.013565592531467186
28 0.7511655744924322 0.03192081576225816 0.014863536397194555 0.01356559253146723
28 0.7890625 0.00390625 0.015625 0.0078125
22 0.55625 0.19453125 0.0125 0.0171875
22 0.5872451719638235 0.13919163194872358 0.016626295496493214 0.016808991701630305
17 0.5785710788113688 0.12896452696970173 0.018188795496493215 0.016927390871793246
24 0.5836893753875961 0.13401887987413116 0.014863536397194576 0.013565592531467274
24 0.7419605552141008 0.017846660368317814 0.014863536397194555 0.01356559253146723
24 0.7476097779162048 0.02674806368766571 0.014863536397194555 0.013565592531467186
24 0.78515625 0.0015625 0.0140625 0.003125
28 0.6155296607050567 0.09817554564103367 0.018188795496493215 0.016927390871793246
27 0.6250851334071607 0.10678095103497402 0.013100777297895938 0.010322193361304155
27 0.706895140346991 0.05548929294174132 0.013100777297895938 0.010322193361304199
31 0.6271785595330374 0.11050960227972953 0.014863536397194555 0.013565592531467274
31 0.6634560209763745 0.07821732053614294 0.014863536397194555 0.013565592531467274
12 0.6321466617847907 0.11790770518415891 0.014963665946843906 0.015128092531467274
27 0.6547819278239198 0.06799021555712112 0.018188795496493215 0.016927390871793336
32 0.6727111050295306 0.09151022593008333 0.014963665946843906 0.015128092531467274
24 0.6938840006183089 0.04014863547320853 0.018188795496493215 0.016927390871793246
15 0.6974898619693609 0.04454013754780095 0.016426036397194553 0.013683991701630215
15 0.6996333528700622 0.04748753879255645 0.016426036397194553 0.013683991701630215
25 0.7324050825119967 0.00924125497437749 0.018188795496493215 0.016927390871793246
17 0.7366920643133994 0.015136057463888398 0.018088665946843864 0.015364890871793246
18 0.5985379156423021 0.37546009605595215 0.016426036397194553 0.013683991701630305
18 0.6819104225821324 0.32405003879255645 0.013200906847545246 0.011884693361304243
18 0.7296982780730883 0.3911774165920951 0.016426036397194553 0.013683991701630305
18 0.8086324113233655 0.27557480476459606 0.013100777297895938 0.010322193361304244
18 0.99296875 0.06328125 0.0140625 0.0109375
20 0.99375 0.0671875 0.0125 0.01875
20 0.9953125 0.0734375 0.009375 0.01875
14 0.6060500269933542 0.379555600205137 0.016526165946843883 0.015246491701630305
14 0.6900535896087104 0.3304300933566598 0.014963665946843906 0.015128092531467274
14 0.7242493144702828 0.37915101327274725 0.013200906847545246 0.011884693361304243
14 0.7278051110465102 0.38432376534733964 0.014963665946843906 0.015128092531467274
14 0.7354848079918779 0.25235171493242115 0.016526165946843908 0.015246491701630305
14 0.7490769386212613 0.2707581728158724 0.016526165946843818 0.015246491701630305
14 0.7554573465485408 0.28038162655013893 0.016526165946843908 0.015246491701630305
14 0.7973840306939819 0.2569907481259002 0.014963665946843906 0.015128092531467274
14 0.801771142045034 0.2613230506154111 0.014963665946843906 0.015128092531467274
13 0.6864477282576584 0.32603859128206736 0.019851425046142523 0.018608290041956365
24 0.6210544632982636 0.40018740891842536 0.016526165946843883 0.015246491701630305
24 0.6700810510520475 0.30240018173894223 0.014963665946843906 0.015128092531467274
24 0.6757803385289762 0.3105203350582901 0.014963665946843906 0.015128092531467274
24 0.6920969509597625 0.3349399946014152 0.014963665946843906 0.015128092531467274
24 0.7745985703303789 0.309251987752938 0.014963665946843906 0.015128092531467274
24 0.781029043032483 0.31809419148720436 0.014963665946843906 0.015128092531467274
24 0.7916964327611652 0.33361244771098175 0.016526165946843908 0.015246491701630305
24 0.8067509338408992 0.35346300642427 0.016526165946843818 0.015246491701630305
24 0.7760993160114424 0.2251729856783456 0.013301036397194554 0.013447193361304155
21 0.727554787172387 0.38823001534733964 0.013200906847545246 0.011884693361304243
21 0.7644504171834615 0.21283892903964974 0.013200906847545291 0.011884693361304243
23 0.7341855189737896 0.393947219081606 0.013200906847545246 0.011884693361304243
23 0.7597443283499434 0.28627642903964984 0.014963665946843906 0.015128092531467274
23 0.8210241849206336 0.3733727647226397 0.016526165946843908 0.015246491701630305
23 0.7631883058324095 0.20826982820981277 0.013301036397194644 0.013447193361304243
23 0.7895412523163519 0.24592319356179687 0.013301036397194554 0.013447193361304243
16 0.7394039450996663 0.3974390719860354 0.016526165946843908 0.015246491701630305
16 0.835397565550017 0.39172002302100956 0.019851425046142523 0.018608290041956365
17 0.6664751897009955 0.2980086796643497 0.014863536397194555 0.013565592531467274
17 0.7231547887135464 0.23851435787880687 0.019851425046142523 0.01860829004195628
17 0.7694802737541516 0.3041976348485086 0.019851425046142523 0.018608290041956365
17 0.8057577351974887 0.27190535310492214 0.014863536397194555 0.013565592531467274
10 0.6117493144702829 0.3876757535244849 0.016526165946843908 0.015246491701630305
10 0.7282730852897739 0.24356871078323633 0.016526165946843908 0.015246491701630305
10 0.7405029750184559 0.25896856783685057 0.014963665946843906 0.015128092531467274
10 0.8302292041989648 0.3874469201165801 0.016526165946843818 0.015246491701630305
10 0.840625 0.4015625 0.015625 0.015625
10 0.7859353909652997 0.2415316914872044 0.013200906847545291 0.011884693361304155
27 0.6004008042912501 0.37065419688578916 0.013200906847545246 0.011884693361304243
27 0.7318789466408259 0.24796021285782874 0.013200906847545246 0.011884693361304243
27 0.7462523272702093 0.26630747115619846 0.014863536397194555 0.013565592531467274
27 0.7881406361849378 0.3284396956363893 0.013200906847545291 0.011884693361304243
27 0.8138625269933542 0.36380851057345487 0.013200906847545291 0.011884693361304243
27 0.8381220473514197 0.3977332246806835 0.014863536397194644 0.013565592531467274
32 0.5936699429401979 0.36649949315152275 0.02317668414544118 0.021970088382282427
29 0.6023440360926527 0.3767265981305446 0.018088665946843906 0.015364890871793335
29 0.62421875 0.4046875 0.0171875 0.009375
29 0.6721244124030996 0.30691008298369765 0.013200906847545246 0.011884693361304243
29 0.7609063101513461 0.2924080298694868 0.014863536397194555 0.013565592531467274
29 0.7773230521317818 0.31526518941261195 0.014863536397194555 0.013565592531467274
29 0.8256918985234389 0.3854583676270691 0.014863536397194644 0.013565592531467274
29 0.803664309071612 0.2681767018601667 0.013200906847545291 0.011884693361304243
29 0.99296875 0.059375 0.0140625 0.0125
25 0.6182799167220362 0.3949554572587514 0.019851425046142523 0.018608290041956365
25 0.7691996715023983 0.29644433443359014 0.019851425046142523 0.018608290041956365
28 0.6234375 0.40390625 0.0125 0.0109375
28 0.824579981496861 0.37854551679723214 0.016526165946843818 0.015246491701630305
28 0.7938282341177546 0.2518179960513078 0.011538277297895938 0.010203794191141213
28 0.8116072169988915 0.27768175642427 0.013200906847545291 0.011884693361304243
25 0.6628693283499435 0.2936171775897572 0.019851425046142523 0.018608290041956365
31 0.6806483112310804 0.3194809379627195 0.016526165946843908 0.015246491701630305
15 0.7205933883444062 0.3755407611981548 0.019851425046142523 0.018608290041956365
10 0.74140625 0.40390625 0.0171875 0.0109375
12 0.74453125 0.40625 0.0140625 0.00625
28 0.719598992137319 0.23334160580421445 0.019851425046142523 0.01860829004195628
12 0.7519015499723134 0.27520887447554643 0.014963665946843906 0.015128092531467274
12 0.783841964839423 0.23780304024244892 0.013301036397194554 0.013447193361304243
15 0.7843845805094117 0.3263919435617968 0.018088665946843906 0.015364890871793335
22 0.7967145997877433 0.34022930061541123 0.016626295496493172 0.016808991701630305
22 0.8453125 0.4046875 0.015625 0.009375
34 0.804757637264672 0.34817185517951454 0.018088665946843906 0.015364890871793335
34 0.7682565376338123 0.2141054311142422 0.014863536397194644 0.013565592531467186
34 0.7732747046603903 0.22072228401867164 0.014863536397194644 0.013565592531467274
30 0.811037915642302 0.3593578089137809 0.014963665946843906 0.015128092531467274
30 0.778823797812845 0.23118618733801952 0.011538277297895938 0.010203794191141213
18 0.8164868792451075 0.3713842122331288 0.016426036397194553 0.013683991701630305
24 0.7580199444813575 0.20399672530538338 0.016526165946843818 0.015246491701630217
28 0.9890370118770757 0.05665609355715247 0.019851425046142523 0.01860829004195628
1 0.06640625 0.878125 0.1328125 0.16875
2 0.12578125 0.92734375 0.2203125 0.1453125
3 0.2140625 0.9734375 0.19375 0.053125
6 0.0796875 0.4796875 0.159375 0.140625
7 0.13010449799741516 0.5119625906573674 0.21327765730897053 0.19808599295103013
8 0.2113661875415272 0.5905476867133196 0.21680317550756784 0.2045727912913562
9 0.2996090623108145 0.6693812365035382 0.21005252775932118 0.19628669461070397
0 0.3878519370801019 0.7482147862937567 0.2200283050572171 0.20637208963168216
3 0.775 0.7046875 0.45 0.590625