26 0.71640625 0.08203125 0.15390625 0.11328125
35 0.81484375 0.203125 0.2140625 0.12265625
13 0.57421875 0.2234375 0.1875 0.10546875
34 0.25625 0.209375 0.1609375 0.115625
15 0.37734375 0.290625 0.1828125 0.11796875
12 0.0921875 0.40234375 0.1703125 0.125
17 0.76953125 0.33671875 0.1828125 0.12265625
20 0.53828125 0.40234375 0.15625 0.125
11 0.37265625 0.478125 0.20703125 0.125
22 0.73046875 0.478125 0.178125 0.1203125
25 0.78515625 0.63203125 0.16328125 0.1109375
23 0.5140625 0.61640625 0.18984375 0.1203125
29 0.27265625 0.671875 0.16328125 0.11796875
31 0.6140625 0.803125 0.13671875 0.1421875
19 0.41796875 0.84140625 0.2046875 0.125
24 0.09375 0.87265625 0.18515625 0.1421875