11 0.63046875 0.1 0.0984375 0.2
23 0.45703125 0.08203125 0.2546875 0.1640625
29 0.55234375 0.253125 0.2546875 0.19375
31 0.175 0.1046875 0.275 0.209375
19 0.2765625 0.240625 0.271875 0.21875
20 0.83984375 0.175 0.3203125 0.35
0 0.61875 0.909375 0.121875 0.18125
2 0.56328125 0.8289758437576452 0.2015625 0.20277349295103003
7 0.46875 0.7384827435525081 0.1859375 0.18440200124939993
0 0.375 0.6502741937622896 0.1921875 0.19268809793005187
8 0.2828125 0.5619472448019079 0.1734375 0.17251730788809566
4 0.1875 0.48245084418185236 0.1859375 0.18440200124939993
0 0.0875 0.41640625 0.171875 0.1328125
1 0.83984375 0.66015625 0.3203125 0.6203125