28 0.33203125 0.1859375 0.1390625 0.0890625
16 0.17421875 0.2953125 0.1421875 0.103125
21 0.4 0.2921875 0.16796875 0.09609375
34 0.615625 0.28125 0.13203125 0.0890625
13 0.89765625 0.30859375 0.13671875 0.10078125
15 0.7171875 0.35234375 0.16328125 0.09609375
20 0.8421875 0.453125 0.13671875 0.103125
11 0.69453125 0.51171875 0.1703125 0.103125
12 0.47734375 0.43984375 0.13671875 0.10078125
33 0.1265625 0.4515625 0.16328125 0.1078125
27 0.33671875 0.54296875 0.13203125 0.09375
29 0.59609375 0.68046875 0.14453125 0.10078125
23 0.80625 0.6421875 0.15625 0.103125
30 0.38125 0.6859375 0.1875 0.11796875
10 0.1625 0.7328125 0.16328125 0.1109375
24 0.41328125 0.84609375 0.1609375 0.1078125
19 0.7203125 0.83984375 0.16796875 0.1109375
31 0.88671875 0.8140625 0.13671875 0.1203125