25 0.10859375 0.14296875 0.2171875 0.2734375
31 0.08828125 0.378125 0.1765625 0.121875
13 0.746875 0.21953125 0.50625 0.4390625
15 0.03125 0.50703125 0.0625 0.1359375
20 0.1453125 0.51796875 0.184375 0.1578125
11 0.08984375 0.65078125 0.1796875 0.2515625
22 0.33359375 0.50625 0.1703125 0.134375
25 0.39296875 0.58046875 0.0515625 0.2109375
23 0.24877995110802703 0.7016039328469895 0.22308401775758924 0.22722404721981437
29 0.0921875 0.86640625 0.184375 0.2109375
19 0.28828125 0.9109375 0.2390625 0.178125
31 0.371875 0.815625 0.09375 0.21875
11 0.67734375 0.58828125 0.5171875 0.2984375