34 0.684375 0.39609375 0.13125 0.1765625
13 0.639809044957223 0.10020999747898456 0.15960732026407384 0.19130197921687966
17 0.5140625 0.03046875 0.165625 0.0609375
15 0.6019598560314826 0.31095075552475626 0.14902113477870332 0.21230289406758568
12 0.525 0.5625 0.153125 0.153125
11 0.4309542889249549 0.34853215504022367 0.15458762959490713 0.20492743664223276
20 0.48572784622953796 0.18397262830501848 0.1538262119699997 0.1784741972858944
22 0.38125 0.05625 0.165625 0.1125
25 0.23828125 0.06015625 0.1546875 0.1203125
23 0.28233015268564915 0.263419099728228 0.16226342855814782 0.20391123986054147
29 0.24871940442907553 0.4878399455211836 0.14954881508027745 0.18283391535490914
19 0.08125 0.4015625 0.1625 0.2125
31 0.09184114519277867 0.21306881050777574 0.17605252648462927 0.2017695856534969
12 1 0.30801298906249996 0.813073984375 0.3850017953125 0.75 0.40139393281249997 0.75 0.49773785937500004 0.992298740625 0.4347674578125 1 0.4311970328125 1 0.30801298906249996
35 0.375 0.81953125 0.75 0.3609375
5 0.875 0.73671875 0.25 0.1953125