11 0.35234375 0.27578125 0.0953125 0.3046875
23 0.20132144986961542 0.2710862492822098 0.2960130991013127 0.2861111479078996
29 0.2953125 0.07109375 0.209375 0.1421875
31 0.040625 0.1984375 0.08125 0.3
19 0.1109375 0.06484375 0.221875 0.1296875
15 0.84609375 0.3046875 0.3078125 0.309375
20 0.68359375 0.15625 0.3640625 0.3125
21 0.534375 0.33359375 0.26875 0.2515625
9 0.34609375 0.5796875 0.1078125 0.20625
0 0.30703125 0.67734375 0.1859375 0.1921875
9 0.22788433668347707 0.7747891134400275 0.20605803667377884 0.19571927168436448
3 0.14322203638391465 0.8701958718775481 0.1840874418245299 0.17469744355406328
0 0.07578125 0.93125 0.1515625 0.1375
11 0.4 0.459375 0.4 0.8016026 0.46580304687499996 0.8674618546874999 0.5593840015625 0.8838616250000001 0.6413042328125 0.8494309671875 0.6714154499999999 0.812890503125 0.70049344375 0.81659241875 0.670677440625 0.9047593656250001 0.678648065625 0.973063971875 0.700165625 1 0.977737015625 1 1 0.972983496875 1 0.6553694984375 0.7650233515625 0.459375 0.4 0.459375