26 0.04140625 0.4515625 0.0828125 0.2
35 0.04296875 0.2890625 0.0859375 0.24375
13 0.18158507302812135 0.38936642044352465 0.23490416297065303 0.21511404334173853
34 0.428125 0.55390625 0.14375 0.2078125
15 0.3875 0.41953125 0.225 0.2234375
17 0.090625 0.1890625 0.18125 0.228125
20 0.30473560473932676 0.23959007680222372 0.2176256577089811 0.2121485400077585
11 0.43046875 0.2484375 0.1390625 0.246875
22 0.165625 0.09375 0.234375 0.1875
23 0.40546875 0.08359375 0.1890625 0.1671875
34 0.75 0.35 0.5 0.7
6 0.25 0.85 0.5 0.3
7 0.75 0.85 0.5 0.3