34 0.45859375 0.11953125 0.1015625 0.1734375
15 0.44921875 0.2515625 0.1203125 0.209375
20 0.4390625 0.38828125 0.140625 0.1234375
11 0.3197037629823482 0.3114484869227921 0.19123647483619663 0.22061014427970277
12 0.265625 0.08125 0.171875 0.1625
27 0.0921875 0.03828125 0.159375 0.0765625
29 0.11031512621287307 0.3033557008104575 0.1751750982129911 0.19506450725639404
23 0.2609375 0.41484375 0.184375 0.0703125
30 0.04609375 0.11171875 0.0921875 0.2234375
20 0.7546875 0.225 0.490625 0.45
3 0.296875 0.4984375 0.31875 0.096875
4 0.3609375 0.5484375 0.296875 0.196875
5 0.365625 0.64765625 0.2875 0.2828125
6 0.4359375 0.72265625 0.146875 0.2703125
7 0.41953125 0.85703125 0.1796875 0.2859375
31 0.7546875 0.725 0.490625 0.55