28 0.04921875 0.065625 0.0984375 0.13125
16 0.01953125 0.23125 0.0390625 0.165625
21 0.12789431512247812 0.11135786004136175 0.20576867080279088 0.17412948535963518
34 0.29609375 0.03125 0.1671875 0.0625
15 0.4 0.04140625 0.159375 0.0828125
11 0.43515625 0.1453125 0.0890625 0.18125
12 0.2783256398802118 0.19741463339431534 0.18134782500983526 0.15979426535645339
33 0.0515625 0.3890625 0.103125 0.18125
27 0.22479036649920142 0.35837885805217945 0.17131726114786475 0.15031017735518085
29 0.45078125 0.340625 0.0578125 0.1625
30 0.3449004067280598 0.45735325473422417 0.23586036238870206 0.20258174936345325
10 0.1953125 0.5546875 0.209375 0.06875
24 0.42109375 0.53828125 0.1171875 0.1015625
17 0 0.5890625 0 0.678850675 0.22152262500000003 1 0.3175454625 1 0.309655621875 0.9952870484375002 0.1053784609375 0.71238734375 0.1509186046875 0.6061812390625 0.177614371875 0.5890625 0.1079955625 0.5890625 0.100826065625 0.5998015484375 0.084094625 0.6682831484375 0.029449746875 0.5890625 0 0.5890625
25 1 0.5890625 0.6866034390625 0.5890625 0.8099053359375 1 0.9369513156250001 1 0.9352434578125 0.99752405625 0.8932702828124999 0.8704327687500001 0.9577671734375001 0.8579502078125 1 0.830868284375 1 0.5890625