10 0.49140625 0.525 0.2953125 0.15
11 0.2887066309431505 0.3842356675276671 0.352477464525656 0.344747403193211
12 0.115625 0.15078125 0.23125 0.3015625
17 0.26328125 0.06171875 0.3765625 0.1234375
16 0.47109375 0.2015625 0.3359375 0.34375
15 0.58671875 0.41796875 0.1046875 0.2953125
21 0.565625 0.1078125 0.146875 0.215625
1 0.9875 0.58984375 0.025 0.0203125
1 0.9599400832871889 0.5307498646756482 0.0349152205426357 0.03414950692008212
1 0.8978987631136934 0.42326101684309503 0.03158996144333699 0.03089717292769336
1 0.8671284269010691 0.3656103429268184 0.0349152205426357 0.03414950692008212
2 0.9806740854466574 0.573892369618564 0.03657785009228505 0.035775673916276673
2 0.9645577321151698 0.5442539491623286 0.0349152205426357 0.0341495069200823
0 0.9723003809431505 0.5578853676413977 0.0382404796419344 0.03740184091247105
8 0.891037493835362 0.40809893186212304 0.0382404796419344 0.03740184091247105
3 0.882563659782206 0.3936544298849567 0.039903109191583755 0.03902800790866543
3 0.8593357132982635 0.3527601744477492 0.03657785009228505 0.035775673916276673
3 0.98203125 0.334375 0.0359375 0.040625
9 0.8741398905038744 0.37842867790779033 0.04156573874123311 0.040654174904859806
9 0.851693194019932 0.3375662559686801 0.0382404796419344 0.03740184091247105
5 0.8424881747416008 0.3223086704934165 0.0349152205426357 0.03414950692008212
5 0.98828125 0.34765625 0.0234375 0.0390625
14 0.4731137453125 0.6 0.5305971046875 0.6495197234375001 0.511467778125 0.6667644953125 0.20900640468749998 0.7926259250000001 0.05681109375 0.6362225 0.0328413734375 0.6352458078125001 0.0073356031249999995 0.6582388375 0.0802450375 0.7393146796875 0.08762174843750001 0.811712190625 0.0230892953125 0.881179625 0 0.8914542421875 0 1 0.0046523703125 1 0.5412781609375 0.76410841875 0.6195637671875 0.761290234375 0.6390625 0.7780876484375 0.6390625 0.71600383125 0.53872595 0.6 0.4731137453125 0.6
24 0.6390625 1 1 1 1 0.6 0.66162743125 0.6 0.6390625 0.6135451609375 0.6390625 1