28 0.0484375 0.24375 0.096875 0.28125
27 0.171875 0.07265625 0.309375 0.1453125
33 0.20617923735695703 0.263077661926688 0.3229506508305658 0.3146660665563658
34 0.09765625 0.43046875 0.1953125 0.2984375
17 0.694744325 0 0.6322279609375 0.07003309375 0.7119590515625001 0.0202900234375 0.9300246921875001 0.1684221484375 0.68574896875 0.42616485156249995 0.46768332968750004 0.2780327265625 0.5072496828124999 0.201901453125 0.3796875 0.336496171875 0.3796875 0.356037978125 0.388085209375 0.3505579015625 0.4281169734375 0.3541640015625 0.777470646875 0.5796875 0.9236738140625 0.5796875 0.72591370625 0.4525530546875 0.9758702609375 0.188816334375 1 0.20566694531250002 1 0.118617021875 0.99258031875 0.11387902187500001 0.8368620468749999 0 0.694744325 0
6 0.334375 0.65078125 0.090625 0.1421875
8 0.278516509874491 0.7235070527566483 0.1644000663159842 0.15426258035608367
6 0.1828151812200057 0.8133450742670038 0.17760097316352938 0.16541826866768652
3 0.0828125 0.90625 0.165625 0.15625
6 0.03359375 0.95546875 0.0671875 0.0890625
22 0.68984375 0.78984375 0.6203125 0.4203125