10 0.259375 0.08203125 0.22109375 0.16328125
11 0.54453125 0.08046875 0.2234375 0.15859375
12 0.81953125 0.08046875 0.228125 0.1609375
17 0.8125 0.28515625 0.26171875 0.1703125
16 0.54296875 0.2828125 0.23046875 0.1703125
15 0.26328125 0.28828125 0.23046875 0.1734375
20 0.2484375 0.490625 0.23046875 0.165625
21 0.5375 0.49140625 0.24765625 0.1734375
22 0.8375 0.48828125 0.2953125 0.178125
27 0.8296875 0.7046875 0.25703125 0.18515625
26 0.56015625 0.71640625 0.25234375 0.17578125
25 0.2609375 0.709375 0.23828125 0.1703125
30 0.2828125 0.909375 0.271875 0.18125
31 0.5296875 0.91015625 0.209375 0.17578125
32 0.76484375 0.909375 0.2578125 0.18125