18 0.0875 0.06953125 0.175 0.1390625
23 0.1234375 0.1671875 0.246875 0.275
24 0.334375 0.06875 0.209375 0.1375
29 0.3796875 0.16640625 0.11875 0.3046875
28 0.219727413271821 0.33578639420450235 0.3047260520369074 0.291200003082319
27 0.03046875 0.503125 0.0609375 0.30625
34 0.33515625 0.4828125 0.2078125 0.290625
33 0.16171875 0.5640625 0.3171875 0.23125
0 0.4625 0.590625 0.046875 0.178125
5 0.51328125 0.52265625 0.1484375 0.1796875
8 0.6277024505888218 0.4479230536729412 0.15040108402290803 0.17826230721668548
2 0.7433461792648213 0.3718135317737161 0.16622607869190792 0.19645110271317864
5 0.8574728612746846 0.2918978894241403 0.16144767202418073 0.18833821406423076
3 0.94296875 0.21328125 0.1140625 0.1921875
16 0.21953125 0.83984375 0.4390625 0.3203125
28 0.6546875 0.71640625 0.28125 0.0734375
34 0.82578125 0.79453125 0.3328125 0.2296875
33 0.59921875 0.86328125 0.3171875 0.2734375