26 0.10390625 0.3828125 0.2078125 0.19375
25 0.03515625 0.20078125 0.0703125 0.2890625
30 0.11953125 0.13515625 0.2390625 0.2703125
31 0.2273996659871731 0.31045130572814655 0.27990923701106124 0.29085321161023076
32 0.35234375 0.41484375 0.2984375 0.1296875
2 0.59453125 0.03828125 0.1515625 0.0765625
3 0.625 0.0953125 0.2125 0.190625
4 0.6807837646072012 0.21271075409153326 0.2759933043815014 0.24543158420556885
5 0.760268487414803 0.33266610082615583 0.2663455689919978 0.2294792019915839
6 0.83203125 0.40703125 0.2890625 0.1453125
9 0.93671875 0.0890625 0.1265625 0.178125
2 0.10234375 0.57265625 0.2046875 0.1859375
3 0.12421875 0.6375 0.2484375 0.315625
4 0.1546875 0.76640625 0.309375 0.3296875
5 0.17890625 0.8703125 0.3578125 0.25625
9 0.425 0.5734375 0.1875 0.1875
0 0.45546875 0.6390625 0.1265625 0.31875
2 0.6296875 0.584375 0.221875 0.209375
3 0.64765625 0.6703125 0.2578125 0.3375
4 0.67265625 0.8171875 0.3078125 0.325
5 0.6984375 0.9078125 0.33125 0.184375
9 0.92421875 0.59921875 0.1515625 0.2390625
0 0.9484375 0.69921875 0.103125 0.3484375