10 0.3234375 0.15 0.21171875 0.1203125
11 0.56015625 0.1578125 0.18984375 0.13203125
12 0.79296875 0.1546875 0.1828125 0.1296875
17 0.80390625 0.30546875 0.228125 0.146875
16 0.56015625 0.2984375 0.2046875 0.1390625
15 0.3140625 0.28828125 0.19921875 0.12734375
20 0.2796875 0.4640625 0.21875 0.16796875
21 0.5609375 0.46171875 0.20703125 0.178125
22 0.84765625 0.4640625 0.22578125 0.16796875
25 0.26953125 0.6671875 0.228125 0.18984375
26 0.578125 0.665625 0.25 0.18984375
27 0.8609375 0.65859375 0.25234375 0.19453125
30 0.28125 0.8921875 0.29296875 0.2140625
31 0.56015625 0.89453125 0.25 0.20703125
32 0.8109375 0.890625 0.28359375 0.21875