20 0.0953125 0.4 0.190625 0.2
26 0.36171875 0.38046875 0.1765625 0.2390625
25 0.18446892135727094 0.2545149231124926 0.3280464891943076 0.3100455438708206
30 0.31015625 0.1265625 0.2796875 0.253125
21 0.725 0.25 0.55 0.5
19 0.15703125 0.9390625 0.2640625 0.121875
18 0.0578125 0.86640625 0.115625 0.2671875
23 0.11328125 0.71328125 0.2265625 0.2953125
24 0.29921875 0.87109375 0.3015625 0.2578125
29 0.36484375 0.72265625 0.1703125 0.3296875
28 0.2234375 0.6 0.334375 0.2
28 0.52890625 0.75 0.1578125 0.5
29 0.5703125 0.75 0.240625 0.5
31 0.65234375 0.75 0.4046875 0.5
6 0.7171875 0.75 0.534375 0.5
9 0.725 0.75625 0.55 0.4875
28 0.76875 0.79375 0.453125 0.4125