21 0.50859375 0.1203125 0.0828125 0.240625
25 0.32890625 0.32109375 0.1984375 0.0765625
26 0.33125 0.12734375 0.2 0.2546875
30 0.1140625 0.30390625 0.203125 0.1109375
31 0.11134132073517869 0.14100853983858075 0.2122840133672712 0.26709113152302777
0 0.79921875 0.2203125 0.4015625 0.278125
2 0.28125 0.96328125 0.153125 0.0734375
2 0.2978900847787676 0.8494116158918985 0.1512181493475447 0.11693189273291545
6 0.3143316027609503 0.7166948396791012 0.141734061346272 0.10679161818710803
4 0.33001914274345107 0.5863855863451214 0.1449317866804538 0.11329670970237729
8 0.3464879327259518 0.4560125601323242 0.12916133601209037 0.09952125212603188
6 0.35390625 0.37109375 0.1421875 0.0234375
5 0.78359375 0.728125 0.4328125 0.54375