11 0.1234375 0.05546875 0.246875 0.1109375
12 0.39296875 0.1078125 0.2734375 0.215625
17 0.33122887049560407 0.3412122760979955 0.3475248933073793 0.2882839867122707
16 0.08515625 0.22734375 0.1703125 0.2703125
22 0.2765625 0.48515625 0.365625 0.0890625
1 0.6378117233082543 0.029589692035316563 0.03309634288963732 0.04567612667090888
0 0.6611218893158656 0.03298741203849822 0.04103617688202617 0.04889203333863614
1 0.5651104164647218 0.29840277936027143 0.02158583992388783 0.0314863573360908
1 0.579045582472333 0.30169141136218053 0.024838173916276584 0.034647720003181705
1 0.656693080000875 0.3143192280394527 0.02652800790866543 0.037790901336727065
1 0.7819331605332227 0.329064075389861 0.021585839923887917 0.0314863573360908
1 0.8456773255522508 0.3376220100652243 0.021585839923887917 0.0314863573360908
2 0.610136414981847 0.3059612880330894 0.026337006920082208 0.03310340133672707
2 0.643570997491361 0.3102584367043164 0.026273339923887827 0.031540901336727246
2 0.5390625 0.41328125 0.01875 0.0328125
0 0.6264471644875554 0.3084959420353165 0.026337006920082208 0.03310340133672725
8 0.798243910038931 0.33159872939208823 0.026337006920082118 0.03310340133672707
3 0.814618326540834 0.33257088339431534 0.026337006920082118 0.03310340133672725
3 0.8619880750579592 0.3401566640674515 0.026337006920082118 0.03310340133672725
3 0.7956853013319629 0.4519385013924063 0.026337006920082295 0.03310340133672725
9 0.8317103260465423 0.3351146280633152 0.026337006920082118 0.03310340133672725
9 0.8791119080617648 0.3419191587364514 0.026273339923887917 0.031540901336727246
5 0.8977982410655704 0.3436998347389967 0.026273339923887917 0.031540901336727066
5 0.7785933018262545 0.44939475672340645 0.026337006920082208 0.03310340133672725
0 0.26796875 0.76484375 0.5234375 0.4703125
31 0.76484375 0.76484375 0.4703125 0.4703125