15 0.22265625 0.3765625 0.3328125 0.284375
31 0.14296875 0.1359375 0.2859375 0.271875
24 0.31640625 0.10078125 0.1453125 0.2015625
24 0.42696492187499996 0 0.3890625 0.0263170890625 0.3890625 0.51875 1 0.51875 1 0.022858071875 0.9815080984375001 0 0.42696492187499996 0
32 0.19453125 0.759375 0.3890625 0.48125
29 0.47265625 0.63984375 0.1671875 0.2421875
24 0.73984375 0.58671875 0.4109375 0.1359375
21 0.528125 0.85 0.278125 0.3
16 0.8296875 0.71171875 0.340625 0.3078125
17 0.5703125 0.953125 0.3625 0.09375
11 0.83203125 0.8953125 0.3359375 0.209375