33 0.1171875 0.2109375 0.234375 0.390625
15 0.20546875 0.33359375 0.3921875 0.3515625
31 0.40546875 0.4109375 0.2671875 0.196875
2 0.76953125 0.2546875 0.4609375 0.509375
0 0.04296875 0.8265625 0.0859375 0.10625
9 0.12358807044438773 0.7398897422932701 0.116587713703953 0.11686824879205204
7 0.20485575983808105 0.6413882115385451 0.1100101650834338 0.11010806576151388
6 0.29609375 0.56015625 0.1203125 0.1015625
3 0.55 0.8921875 0.021875 0.03125
5 0.54453125 0.9046875 0.0109375 0.03125
1 0.911377997513609 0.830162895487167 0.029517081637205678 0.028858323637421534
1 0.9189005704443876 0.8213618513965226 0.031161468792335258 0.030548369395056164