33 0.31640625 0.0640625 0.5171875 0.128125
15 0.45546875 0.16015625 0.3890625 0.3203125
29 0.07578125 0.1859375 0.1515625 0.371875
19 0.12578125 0.434375 0.2515625 0.375
24 0.42421875 0.5140625 0.4515625 0.390625
31 0.5796875 0.33046875 0.140625 0.4328125
34 0.2125 0.63515625 0.328125 0.1484375
5 0.825 0.3546875 0.35 0.709375
3 0.059375 0.784375 0.11875 0.15
4 0.12890625 0.7484375 0.2578125 0.078125
7 0.13046875 0.96640625 0.2609375 0.0671875
8 0.2359375 0.92890625 0.259375 0.1421875
9 0.3609375 0.87890625 0.271875 0.2421875
0 0.4921875 0.82890625 0.28125 0.2390625
13 0.825 0.8546875 0.35 0.290625