15 0.38125 0.15 0.275 0.3
31 0.25546875 0.25703125 0.4203125 0.0859375
24 0.13046875 0.15 0.2609375 0.3
2 0.8342050272394083 0.10693325180295185 0.04826253737886681 0.04324216014423614
1 0.8247371920901143 0.09423323005145881 0.046481516091543364 0.04008079255305561
6 0.98125 0.2609375 0.0375 0.04375
6 0.9552819877668544 0.23220796836795196 0.04993429802252862 0.04484102773541672
7 0.98671875 0.27421875 0.0265625 0.0453125
3 0.8526490246415183 0.12530204530593797 0.05149679802252862 0.0448773953265972
2 0.9744526048471336 0.24981369566652836 0.04826253737886681 0.04324216014423614
30 0.4203125 0.9609375 0.1875 0.078125
21 0.3248389150259331 0.9040037010817711 0.17073810694082053 0.1662094943004167
11 0.18267927615412743 0.7337795072181946 0.18109645273377603 0.18049019984750014
34 0.08125 0.609375 0.1625 0.175
20 0.02890625 0.490625 0.0578125 0.175
24 1 0.3 0.671198759375 0.3 0.5192696140625 0.4021565921875 0.51875 0.4031965796875 0.51875 0.6904831140625 0.5975329203124999 0.80077385625 0.721531240625 0.8880950515624999 0.9469027734375001 0.9380736031249999 1 0.9304409671875 1 0.3