31 0.04609375 0.55859375 0.0921875 0.1953125
30 0.13874031126732583 0.4603521974800822 0.22020731648875014 0.20314904671392994
25 0.30029736673815927 0.36196485860456884 0.21857208130638917 0.19997858260730722
27 0.08984375 0.31484375 0.1796875 0.1828125
26 0.25487837680614545 0.23368674590987187 0.1994584053945836 0.18380801332783517
23 0.06484375 0.20625 0.1296875 0.18125
32 0.19267127716673577 0.12229225633471316 0.21210387575930553 0.19042172618081663
12 0.35234375 0.05859375 0.1546875 0.1171875
13 0.03359375 0.09765625 0.0671875 0.1921875
20 0.14140625 0.05 0.2046875 0.1
21 0.71484375 0.38984375 0.5703125 0.7796875
5 0.953125 0.82421875 0.09375 0.0890625
8 0.8578125 0.84921875 0.153125 0.1390625
2 0.7346938165856594 0.8875164395625234 0.1699527433504862 0.19075669530200426
5 0.60625 0.921875 0.165625 0.15625
3 0.49765625 0.946875 0.1359375 0.10625