35 0.20703125 0.49296875 0.2984375 0.3515625
21 0.3671875 0.11328125 0.184375 0.2265625
17 0.14765625 0.12109375 0.2953125 0.2421875
0 0.6703125 0.04921875 0.159375 0.0984375
6 0.678002326358935 0.17777305837250051 0.1634490385920639 0.12463452090551304
8 0.6843376045780365 0.3131568215266801 0.15000184523075966 0.11140647881213823
6 0.6974673344568121 0.4450060610033365 0.1598504419114118 0.11820251038216938
3 0.7110706610162397 0.5831053004799928 0.14711364357108572 0.11434946828879458
23 0.2296875 0.8 0.459375 0.2625
9 0.8118301068531217 0.7523936267742346 0.13908765601864026 0.09054794724210717
7 0.8249006371468155 0.8834616162508908 0.15073555103961844 0.10055998407381006
0 0.83125 0.9828125 0.14375 0.034375