30 0.07421875 0.3625 0.1484375 0.134375
22 0.3015625 0.30390625 0.275 0.2515625
27 0.115625 0.215625 0.23125 0.24375
28 0.34765625 0.14921875 0.1828125 0.2390625
23 0.15390625 0.0859375 0.2859375 0.171875
16 0.71953125 0.21484375 0.5609375 0.4296875
7 0.06328125 0.7984375 0.1265625 0.203125
0 0.17280128331958783 0.8157927965865946 0.18063754922121245 0.19578630935708982
8 0.3085940308123054 0.8360951112349136 0.18233644154108058 0.2004919906906352
1 0.3984375 0.86015625 0.08125 0.1984375
34 0.71953125 0.71484375 0.5609375 0.5703125