33 0.77109375 0.35859375 0.0578125 0.1421875
31 0.6916113521454286 0.42622227223633774 0.1920594384905499 0.15679087226160834
30 0.5242643554794084 0.44831989575158726 0.2018170757634536 0.16175115690134448
25 0.34921875 0.47265625 0.2015625 0.1546875
24 0.7625 0.2296875 0.075 0.1375
22 0.639539184866706 0.2679838749019048 0.20561175546001173 0.15095004922121244
27 0.47236753138294485 0.30182298047046563 0.1802291181871082 0.1455351235152495
26 0.3000937897178946 0.3499064424655173 0.1833541181871082 0.14562605172849494
16 0.73828125 0.11015625 0.1234375 0.1421875
28 0.609724525922933 0.15216865828799966 0.17697657242947357 0.14388169530200426
23 0.43864662243917196 0.18612142412311727 0.18778652667183912 0.142637444048363
32 0.27198515198594897 0.22621052969167818 0.19610920970237727 0.14911476458147632
12 0.0875 0.2703125 0.175 0.146875
14 0.0671875 0.16171875 0.134375 0.1359375
11 0.734375 0.0328125 0.13125 0.065625
10 0.59765625 0.0515625 0.2015625 0.103125
13 0.41484375 0.06796875 0.1921875 0.1359375
20 0.23423044728454157 0.10906013361088643 0.1896041181871082 0.14580790815498562
29 0.9 0.2625 0.2 0.525
5 0.1375 0.59375 0.23125 0.0875
1 0.19921875 0.85625 0.2015625 0.2875
12 0.35078125 0.8390625 0.2390625 0.321875
35 0.503125 0.825 0.228125 0.35
31 0.69765625 0.80078125 0.2046875 0.3984375
4 0.784375 0.759375 0.03125 0.396875
15 0.9 0.775 0.2 0.45