30 0.471875 0.27890625 0.19375 0.3015625
25 0.32109375 0.3421875 0.2953125 0.175
22 0.51328125 0.06015625 0.1109375 0.1203125
27 0.4109375 0.12421875 0.303125 0.2484375
26 0.1952029927038204 0.26431804330499375 0.2965552330402364 0.2784746393028364
23 0.32734375 0.05 0.2828125 0.1
32 0.12734375 0.125 0.2546875 0.25
20 0.078125 0.05078125 0.15625 0.1015625
26 0.784375 0.21484375 0.43125 0.4296875
8 0.0421875 0.9296875 0.084375 0.140625
2 0.10371686543285645 0.8671287827895441 0.19512053667377877 0.19847952283992143
5 0.20830838376974584 0.7776745364075888 0.18992285364324069 0.19198386137453216
3 0.31258103771254897 0.6921265400256333 0.19174044515850958 0.19519074852966192
8 0.42544744165535187 0.6070289229968917 0.19005039940087515 0.19354636137453216
0 0.50390625 0.52578125 0.1296875 0.1921875
2 0.8296875 0.934375 0.221875 0.13125
7 0.903125 0.86953125 0.19375 0.2171875
0 0.94609375 0.76484375 0.1078125 0.2171875