24 0.3515625 0.4359375 0.315625 0.20625
21 0.06875 0.42265625 0.1375 0.2328125
16 0.2836453096174793 0.31303109006999674 0.35664192720211785 0.34006466271481595
28 0.44765625 0.153125 0.1234375 0.30625
11 0.14765625 0.16484375 0.2953125 0.3296875
10 0.3609375 0.07265625 0.296875 0.1453125
25 0.7546875 0.26953125 0.490625 0.5390625
15 0.34140625 0.628125 0.2953125 0.178125
16 0.12890625 0.72265625 0.2578125 0.2890625
21 0.215625 0.88046875 0.3125 0.2390625
20 0.41875 0.73828125 0.18125 0.2796875
32 0.7546875 0.76953125 0.490625 0.4609375