33 0.24296875 0.18203125 0.3140625 0.3640625
31 0.10625 0.4109375 0.2125 0.378125
24 0.3546875 0.3 0.090625 0.4375
22 0.23046875 0.50859375 0.3390625 0.1828125
18 1 0.6 1 0.4588224375 0.734350203125 0.354185475 0.6675262249999999 0.2908404203125 0.67787089375 0.249476890625 0.56902285 0.2066026671875 0.4 0.45943422968750003 0.4 0.544855559375 0.45691318281250004 0.566338809375 0.5138852046875 0.497903159375 0.6019930171875 0.517461934375 0.7471237421875 0.574627565625 0.78559571875 0.6 1 0.6
33 0.2 0.8 0.4 0.4
8 0.496875 0.91953125 0.19375 0.1609375
1 0.5946530382120461 0.8649049208574059 0.20831451659574646 0.18707379488495218
7 0.6990616687859784 0.7912634086589617 0.20987701659574648 0.18708288524403188
1 0.8023448419345579 0.7113628061014379 0.20831451659574646 0.18707379488495218
0 0.8984375 0.66328125 0.203125 0.1265625