15 0.05390625 0.28046875 0.1078125 0.1796875
34 0.14903083499632647 0.331565192412593 0.16335449375348404 0.16109190782296262
33 0.3010746031466991 0.36979934132856557 0.16492608411256365 0.16279110885972195
31 0.409375 0.43984375 0.140625 0.1515625
19 0.0765625 0.190625 0.153125 0.15625
29 0.20516318120913857 0.2126498056076395 0.16492608411256365 0.16279110885972195
24 0.3461421843323965 0.2737158617809268 0.17431017447164338 0.16517381508027745
22 0.43828125 0.32421875 0.0828125 0.1609375
18 0.09344040691044589 0.0888985302543059 0.18213176483072288 0.16741982026407376
21 0.2564716720357564 0.1175820219129636 0.17741699375348413 0.1623222171537959
16 0.4015625 0.184375 0.15625 0.153125
28 0.46015625 0.23671875 0.0390625 0.1453125
35 0.153125 0.03515625 0.1625 0.0703125
17 0.3015625 0.05546875 0.1625 0.1109375
11 0.4171875 0.09375 0.125 0.134375
13 0.73984375 0.26484375 0.5203125 0.5296875
30 0.23984375 0.76484375 0.4796875 0.4703125
6 0.73984375 0.76484375 0.5203125 0.4703125