31 0.896875 0.76953125 0.2046875 0.16328125
30 0.69375 0.75234375 0.2234375 0.165625
25 0.4734375 0.72734375 0.20703125 0.146875
22 0.89296875 0.55546875 0.209375 0.14921875
27 0.6828125 0.55078125 0.2140625 0.146875
26 0.43984375 0.5609375 0.2046875 0.14921875
28 0.896875 0.40234375 0.2046875 0.146875
23 0.6875 0.39921875 0.19453125 0.14453125
32 0.44921875 0.4 0.2015625 0.146875
12 0.2046875 0.40390625 0.209375 0.1421875
10 0.91015625 0.24765625 0.178125 0.146875
13 0.68984375 0.23828125 0.2046875 0.15390625
20 0.4484375 0.23671875 0.19921875 0.14453125
14 0.20546875 0.25859375 0.196875 0.1390625