35 0.53515625 0.22734375 0.3296875 0.4546875
19 0.209375 0.4984375 0.41875 0.103125
29 0.0828125 0.35546875 0.165625 0.3890625
18 0.465625 0.41953125 0.46875 0.2609375
21 0.159375 0.18515625 0.31875 0.3703125
17 0.234375 0.0734375 0.46875 0.146875
33 0.85 0.275 0.3 0.55
30 0.11953125 0.93515625 0.2390625 0.1296875
22 0.41171875 0.92421875 0.3140625 0.1515625
27 0.20981600246401017 0.8488665163800354 0.29504689389073524 0.2867656448589472
26 0.06640625 0.69375 0.1328125 0.2875
16 0.63515625 0.93671875 0.1296875 0.1265625
28 0.51640625 0.86640625 0.2921875 0.2671875
23 0.29962257479697396 0.7100906719898283 0.29983452344038464 0.28871078213185086
32 0.1171875 0.625 0.234375 0.15
10 0.590625 0.765625 0.21875 0.3
13 0.40859375 0.640625 0.3203125 0.18125
18 0.7700806421874999 0.55 0.7 0.632726709375 0.7 0.8903688359374999 0.9251375656249999 0.6620936171875 0.975086884375 0.638298365625 1 0.6540257625 1 0.5957694921875001 0.938832209375 0.55 0.7700806421874999 0.55