33 0.346875 0.4125 0.140625 0.134375
31 0.30649665648854824 0.26522800146060244 0.14667136137453216 0.18702969123481453
30 0.3203125 0.090625 0.15 0.18125
24 0.46875 0.4171875 0.1 0.125
22 0.46640625 0.246875 0.1046875 0.203125
27 0.4671875 0.07578125 0.103125 0.1515625
29 0.8939557129109833 0.16993816795421407 0.21079581637205785 0.2828493306316663
34 0.65 0.03984375 0.225 0.0796875
35 0.6621158926937383 0.2537929239864821 0.23323738240543132 0.32525144410953644
22 0.040625 0.7578125 0.08125 0.30625
27 0.03671875 0.55234375 0.0734375 0.1453125
16 0.19296875 0.96328125 0.2109375 0.0734375
28 0.17165583050555194 0.7838448430719919 0.21095959068231734 0.2859743306316663
23 0.16640625 0.55703125 0.2140625 0.1546875
10 0.37452188093509325 0.8210346103668071 0.21671826775153882 0.2771461347787033
13 0.3890625 0.5578125 0.20625 0.15625
16 0.759375 0.73984375 0.48125 0.5203125