34 0.4796875 0.4203125 0.078125 0.15625
33 0.3841956544745589 0.32578331769662655 0.17124880698520073 0.16589308762187222
31 0.25319109416970864 0.28741480265293173 0.16496244554888212 0.15946123119538153
30 0.13332856694414968 0.21357178886287825 0.1696499455488821 0.1595976235152495
25 0.0484375 0.1359375 0.096875 0.15625
24 0.4375 0.23984375 0.1625 0.1578125
22 0.30387287110068 0.16877245124100596 0.16020222267624523 0.14682483887551356
27 0.18550466618202394 0.10660272334432967 0.15708631303532475 0.14829641066226812
26 0.07265625 0.065625 0.1453125 0.13125
16 0.46171875 0.14375 0.1140625 0.1375
28 0.3574432986955813 0.09066417161583482 0.13825449980360816 0.1336883413827959
23 0.2359375 0.05078125 0.1625 0.1015625
32 0.1078125 0.0171875 0.16875 0.034375
11 0.49140625 0.071875 0.0546875 0.1375
10 0.42109375 0.04609375 0.1578125 0.0921875
22 0.759375 0.3734375 0.48125 0.746875
5 0.259375 0.884375 0.51875 0.23125
35 0.759375 0.884375 0.48125 0.23125