30 0.159375 0.03125 0.2625 0.0625
22 0.3703125 0.11640625 0.159375 0.2140625
27 0.20365992349259526 0.16496521272277018 0.25313792431665555 0.2043987880330894
26 0.04296875 0.20859375 0.0859375 0.2140625
28 0.3984375 0.278125 0.103125 0.203125
23 0.23110206513937434 0.33099929272754264 0.2609504243166555 0.20448969470081657
32 0.0625 0.35546875 0.125 0.1671875
13 0.27890625 0.415625 0.2828125 0.046875
9 0.72734375 0.21953125 0.5453125 0.4390625
5 0.225 0.71953125 0.45 0.5609375
14 0.45 0.4390625 0.45 0.6184884109375 0.59217001875 1 0.7488343859375 1 0.693423228125 0.838485140625 0.9724633062500001 0.777961390625 0.9679740796875 0.7535367015625 0.9358708546875001 0.7181692171874999 0.6732448984375 0.7751327453125001 0.5776138625 0.533424940625 0.572353246875 0.458370759375 0.6762661234375 0.4390625 0.45 0.4390625