20 0.1171635726608633 0.3077174089789984 0.20585736364988402 0.15423155585660825
22 0.340625 0.45859375 0.2 0.1421875
14 0.5378689249999999 0 0.5462761875 0.1443177421875 0.58643826875 0.22949249218749998 0.5827785671875001 0.31773093750000003 0.6569771390625 0.38292959375 0.6698252203124999 0.4524174203125 0.71670979375 0.5019291515625001 0.67390894375 0.5225179859375 0.67432660625 0.5296875 0.970413178125 0.5296875 0.849706528125 0.519025784375 0.7425788343749999 0.34175192656250003 1 0.331943521875 1 0.24729659375000002 0.701906290625 0.247814603125 0.6602128140625 0.13635213906250002 0.6530662953124999 0.013676150000000001 0.6680578671874999 0 0.5378689249999999 0
7 0.03203125 0.9625 0.0640625 0.075
7 0.146875 0.95 0.109375 0.1
4 0.28359375 0.93203125 0.1203125 0.1359375
3 0.4203125 0.9234375 0.11875 0.153125
4 0.4953125 0.74296875 0.03125 0.1671875
0 0.5821067762346351 0.7362119804394389 0.13468270060802237 0.16765224672063966
6 0.7211056092384408 0.727361523632891 0.1478830375661607 0.1854948439616777
9 0.8604227772232184 0.726323566826343 0.14443970258518882 0.17751856965141818
6 0.9625 0.721875 0.075 0.18125