18 0.52734375 0.28203125 0.2234375 0.2953125
17 0.1703125 0.23203125 0.340625 0.3953125
21 0.4140625 0.1359375 0.446875 0.271875
23 0.76953125 0.05625 0.2609375 0.1125
1 0.821875 0.134375 0.35625 0.26875
28 0.85859375 0.246875 0.2828125 0.325
25 0.46015625 0.94296875 0.2765625 0.1140625
19 0.5953125 0.6046875 0.0875 0.284375
16 0.50859375 0.46953125 0.2609375 0.0796875
18 0.2632214467297699 0.7766591590794224 0.2720953653723619 0.29531982633910125
31 0.11640625 0.5484375 0.2328125 0.2375
20 0.81953125 0.71484375 0.3609375 0.5703125