22 0.8421875 0.72109375 0.18515625 0.1203125
26 0.58671875 0.7140625 0.178125 0.1109375
17 0.3796875 0.72109375 0.1875 0.12265625
23 0.1921875 0.7046875 0.19453125 0.11796875
27 0.91796875 0.56484375 0.15859375 0.115625
35 0.71484375 0.571875 0.16796875 0.125
13 0.52734375 0.56484375 0.14921875 0.1109375
12 0.30859375 0.5484375 0.165625 0.11328125
29 0.0828125 0.55625 0.1390625 0.10546875
33 0.73828125 0.2921875 0.14453125 0.1109375
24 0.55625 0.28828125 0.134375 0.10546875
15 0.365625 0.2859375 0.14921875 0.10078125
11 0.89453125 0.06484375 0.134375 0.103125
34 0.73828125 0.0609375 0.12265625 0.10546875
20 0.5796875 0.05859375 0.13671875 0.11328125
28 0.38203125 0.04453125 0.12734375 0.0890625