10 0.91796875 0.76953125 0.1421875 0.09140625
32 0.75 0.76796875 0.1390625 0.09375
22 0.5296875 0.76171875 0.11796875 0.09609375
26 0.3265625 0.7640625 0.13671875 0.084375
17 0.1671875 0.77265625 0.13203125 0.09140625
19 0.85078125 0.6390625 0.13203125 0.08671875
16 0.7140625 0.634375 0.134375 0.09140625
27 0.571875 0.6359375 0.1203125 0.09140625
35 0.42578125 0.6453125 0.115625 0.08671875
13 0.2765625 0.64765625 0.1203125 0.08671875
12 0.103125 0.6421875 0.1296875 0.08671875
25 0.9546875 0.43046875 0.0890625 0.0890625
18 0.80546875 0.428125 0.11328125 0.08671875
31 0.6671875 0.42890625 0.103125 0.084375
33 0.415625 0.42890625 0.0984375 0.0796875
24 0.28515625 0.43125 0.103125 0.071875
15 0.14453125 0.4359375 0.1109375 0.0796875
14 0.946875 0.2546875 0.103125 0.08203125
30 0.80546875 0.25390625 0.10546875 0.0765625
21 0.68984375 0.2515625 0.10078125 0.0796875
11 0.5375 0.2515625 0.10546875 0.084375
34 0.4125 0.25234375 0.0890625 0.07421875
20 0.2921875 0.25 0.115625 0.08203125
28 0.1421875 0.24140625 0.10078125 0.0796875