32 0.2984375 0.45390625 0.08125 0.1203125
22 0.11281615669705473 0.4225340479758666 0.14123052000387942 0.10931084160399784
16 0.2875 0.3140625 0.103125 0.11875
27 0.1620352935109164 0.30496125020939696 0.1370532030344176 0.11534251778268026
35 0.03828125 0.2984375 0.0765625 0.115625
31 0.2603618678972441 0.09726856658711647 0.1223529742462448 0.10687504631872766
33 0.03984375 0.07734375 0.0796875 0.1046875
0 0.3828125 0.40859375 0.0875 0.1515625
6 0.490575526381975 0.4006269687778656 0.13475712152108804 0.1634889193542568
9 0.6155915018361678 0.38539361290584406 0.1342469384905499 0.157238919354257
6 0.7407350230479952 0.37172275703382257 0.13293953000581898 0.16029114474715095
2 0.8695775001691779 0.3649376019475893 0.13293953000581915 0.16029114474715095
5 0.96640625 0.35625 0.0671875 0.171875
22 0.1703125 0.93828125 0.2 0.1234375
11 0.3 0.80625 0.078125 0.159375
25 0.1375149439505617 0.737022425354622 0.19974439273291544 0.1587329528527029
11 1 0.6 0.6487311765625 0.6 0.6572042328125001 0.700979265625 0.61560505625 0.7289296421875 0.61375305 0.7605725046874999 0.6525742156250001 0.780086421875 0.646848965625 1 1 1 1 0.7821754109375 0.7671073015625 0.7350503703125 1 0.6583967296875001 1 0.6