32 0.30703125 0.08046875 0.1640625 0.1609375
22 0.36308044962263963 0.3006494482116623 0.15585760367592555 0.16370173111680747
26 0.42265625 0.4859375 0.1515625 0.128125
19 0.14140625 0.0453125 0.1515625 0.090625
16 0.17623314344935234 0.1488025859326189 0.15878711404351833 0.17940861827193721
27 0.21820744703074144 0.2969811363621602 0.15286930471268487 0.16510045680654795
35 0.26948840009375097 0.44643225972248 0.14437329952888867 0.15687852103089917
31 0.0203125 0.26328125 0.040625 0.1421875
33 0.0546875 0.503125 0.109375 0.09375
8 0.76484375 0.303125 0.4703125 0.49375
18 0.5296875 0.9731468421875 0.4964859171875 0.9422975062500001 0.408299790625 0.9777052968749999 0.27403478125 0.9743451984375 0.1435833328125 0.9522731765625 0.1107150109375 0.9621976828125 0.09809440781249999 0.9484480109375 0.05700900625000001 0.9608536421875 0.025752485937500003 0.9439508249999999 0 0.9459554015625 0 1 0.502158321875 1 0.5296875 0.977445340625 0.5296875 0.9731468421875
13 0.76484375 0.775 0.4703125 0.45