20 0.22890625 0.34375 0.4015625 0.15
33 0.1140625 0.07578125 0.228125 0.1515625
1 0.6580799038478882 0.029050159973617352 0.031142992142117264 0.032286710344286186
1 0.7142913624915593 0.06544401695985905 0.031142992142117264 0.03228671034428636
8 0.671742143508806 0.03813498329459506 0.03441354135632899 0.035520837748947896
3 0.6877481331697237 0.04730165216906905 0.03441354135632881 0.035520837748947987
3 0.72877123945603 0.07377487213200214 0.03441354135632881 0.035520837748947896
3 0.6210443225829725 0.15217763592700023 0.03441354135632881 0.035520837748947896
9 0.7021916228306415 0.05641375734121219 0.03441354135632899 0.035520837748947896
9 0.7440323664205006 0.0821330091553106 0.03441354135632899 0.035520837748947896
5 0.7591843314743126 0.09283489617861918 0.03441354135632881 0.035520837748947896
5 0.6058195829220547 0.14303824890369166 0.03441354135632881 0.035520837748947896
8 0.21484375 0.709375 0.4296875 0.58125
34 0.871875 0.5625 0.25625 0.2875
7 0.93828125 0.6234375 0.1234375 0.409375
30 0.534375 0.7609375 0.209375 0.421875
35 0.5984375 0.8296875 0.3375 0.340625
16 0.71015625 0.88828125 0.3890625 0.2234375