13 0.2609375 0.0265625 0.278125 0.053125
10 0.7 0.09453125 0.2375 0.1890625
15 0.49185716653908385 0.14340371497965937 0.2826055474519924 0.23614172433401848
26 0.67109375 0.4375 0.2953125 0.25
11 0.3595380509492145 0.3797975183259698 0.3725248933073793 0.29908207612090437
28 0.17678792345916605 0.16332364825029516 0.27342154844057553 0.2404472223568522
32 0.13984375 0.48203125 0.2796875 0.2359375
18 0.4578125 0.54140625 0.3 0.1171875
26 0.909375 0.3 0.18125 0.6
28 0.4203125 0.8 0.796875 0.4
13 0.909375 0.8 0.18125 0.4