33 0.246875 0.0359375 0.321875 0.071875
34 0.1125 0.11328125 0.225 0.2265625
31 0.23125 0.3234375 0.309375 0.171875
1 0.67109375 0.3515625 0.1234375 0.115625
3 0.5515625 0.75625 0.115625 0.178125
4 0.46706129949177233 0.7003747882456528 0.2020006577089813 0.19642152380771344
3 0.3483953285015547 0.6340816468533009 0.19529563140062187 0.18857266237139497
3 0.23239162592718854 0.5732708909995685 0.19704014192396552 0.1917067527304745
2 0.10788517861449418 0.513972638170898 0.19529563140062187 0.1885726623713949
3 0.0421875 0.48125 0.084375 0.14375
11 0.68515625 0.7984375 0.1515625 0.171875
34 0.7942131466209401 0.9081145653730159 0.1651685156438411 0.1540340359079618
20 0.91328125 0.96328125 0.1734375 0.0734375