24 0.38203125 0.1171875 0.2703125 0.234375
16 0.421875 0.30078125 0.215625 0.2359375
30 0.19083564455480154 0.18459189178279126 0.2810048892225425 0.2795333944842143
18 0.27578125 0.36015625 0.2515625 0.1171875
0 0.9046875 0.04921875 0.190625 0.0984375
3 0.965625 0.08203125 0.06875 0.1640625
5 0.0296875 0.7515625 0.059375 0.184375
0 0.0859375 0.84453125 0.171875 0.1765625
6 0.1890625 0.921875 0.178125 0.15625
7 0.29609375 0.9671875 0.1734375 0.065625
16 0.896875 0.55 0.20625 0.2625
32 0.93515625 0.84609375 0.1296875 0.3078125
18 0.7685027021508433 0.67010227048199 0.23470674189573087 0.23323524715740263
30 0.67421875 0.48828125 0.2765625 0.1390625
26 0.60546875 0.734375 0.1515625 0.225
11 0.78671875 0.8640625 0.2890625 0.271875
15 0.65078125 0.93828125 0.2421875 0.1234375