12 0.2359375 0.5015625 0.2375 0.175
24 0.38515625 0.084375 0.2296875 0.16875
16 0.54296875 0.17109375 0.1515625 0.1921875
18 0.5578125 0.3859375 0.121875 0.18125
30 0.348068000084818 0.2853796020948699 0.2516964531727101 0.1985328392949434
25 0.06484375 0.228125 0.1296875 0.171875
26 0.53125 0.5484375 0.175 0.08125
14 0.71953125 0.2640625 0.2015625 0.528125
6 0.80390625 0.2578125 0.2609375 0.515625
2 0.8921875 0.2671875 0.215625 0.534375
4 0.96484375 0.26015625 0.0703125 0.5203125
3 0.309375 0.79453125 0.61875 0.4109375
33 0.809375 0.79453125 0.38125 0.4109375