32 0.328125 0.0875 0.203125 0.175
16 0.109375 0.08359375 0.21875 0.1671875
30 0.03671875 0.253125 0.0734375 0.275
18 0.17836532159726737 0.23383279806828625 0.24766176820408994 0.24863015551388834
11 0.32890625 0.26015625 0.2015625 0.2921875
26 0.2140625 0.42265625 0.234375 0.1921875
14 0.10703125 0.49765625 0.2140625 0.0421875
4 0.4953125 0.43125 0.13125 0.1625
3 0.5930116505223451 0.361069241329351 0.16580555247554418 0.17773260367592555
1 0.7058826478209219 0.29713246338411936 0.1591915314288567 0.17093579952888865
5 0.8133759003811708 0.23115473181023027 0.16415204721387228 0.17603340263916642
9 0.92109375 0.15546875 0.1578125 0.1734375
3 0.975 0.08671875 0.05 0.1734375
2 0.21484375 0.759375 0.4296875 0.48125