24 0.27734375 0.771875 0.19921875 0.1421875
19 0.6625 0.728125 0.20703125 0.125
32 0.6875 0.5171875 0.24296875 0.14453125
16 0.44921875 0.66328125 0.1875 0.1390625
30 0.2078125 0.5796875 0.2140625 0.13671875
18 0.4109375 0.46484375 0.178125 0.13671875
11 0.55390625 0.3375 0.22578125 0.146875
28 0.75234375 0.24296875 0.1734375 0.12734375
26 0.3234375 0.28125 0.1703125 0.12734375
14 0.1359375 0.22578125 0.18984375 0.1296875
15 0.540625 0.1296875 0.19453125 0.12265625
17 0.225 0.071875 0.21640625 0.1390625
13 0.76953125 0.0609375 0.1734375 0.121875