21 0.31171875 0.1 0.2609375 0.2
33 0.0671875 0.0875 0.134375 0.175
27 0.08984375 0.46484375 0.1796875 0.2890625
24 0.3729710094130656 0.4484598559302194 0.24847228253968331 0.27278648376465037
2 0.89375 0.4953125 0.2125 0.228125
29 0.88046875 0.3453125 0.2390625 0.215625
10 0.85390625 0.11015625 0.2921875 0.2203125
14 0.64140625 0.53125 0.1640625 0.15625
30 0.63046875 0.41015625 0.1421875 0.2265625
14 0.615625 0.25625 0.1125 0.221875
2 0.6015625 0.1078125 0.084375 0.215625
3 0.47109375 0.93203125 0.1765625 0.1359375
4 0.45234375 0.809375 0.2140625 0.190625
5 0.43828125 0.684375 0.2421875 0.15
8 0.1515625 0.95390625 0.25625 0.0921875
9 0.12890625 0.85859375 0.2578125 0.1828125
0 0.11640625 0.7171875 0.2328125 0.190625
6 0.84375 0.93125 0.3125 0.1375
7 0.83515625 0.84765625 0.3296875 0.2109375
8 0.8390625 0.72734375 0.321875 0.1921875
9 0.821875 0.6625 0.33125 0.10625