12 0.48805465881305593 0.41103680307219365 0.24455400626826407 0.24428574645662096
19 0.5140625 0.21640625 0.209375 0.2484375
29 0.17421875 0.10078125 0.2796875 0.2015625
14 0.2869636310776393 0.3571776491738441 0.2541472118153475 0.2539881286706061
11 0.3671875 0.503125 0.26875 0.153125
30 0.13828125 0.4609375 0.2421875 0.2375
28 0.1015625 0.52109375 0.203125 0.1171875
24 0.1015625 0.23671875 0.203125 0.2359375
25 0.0359375 0.07890625 0.071875 0.1578125
19 0.809375 0.28984375 0.38125 0.5796875
22 0.309375 0.78984375 0.61875 0.4203125
18 0.809375 0.78984375 0.38125 0.4203125