16 0.07578125 0.29140625 0.1515625 0.1984375
13 0.18984375 0.0296875 0.2203125 0.059375
12 0.225 0.40625 0.221875 0.165625
14 0.40078125 0.39765625 0.1578125 0.1828125
11 0.3229901316297946 0.2505150539810548 0.26691583098930566 0.2265115016215578
21 0.38828125 0.08125 0.1828125 0.1625
29 0.709375 0.39765625 0.25625 0.1828125
14 0.5640625 0.19296875 0.16875 0.2078125
30 0.6328125 0.0734375 0.221875 0.146875
33 0.9 0.0375 0.190625 0.075
31 0.98515625 0.02734375 0.0296875 0.0546875
35 0.94609375 0.09296875 0.1078125 0.1859375
15 0.93125 0.2109375 0.1375 0.159375
24 0.741140688811387 0.23354792208284358 0.2120283430895542 0.19118192775829587
25 0.8871622368195972 0.352886482960462 0.1712760780624393 0.1685978157455871
26 0.23984375 0.74453125 0.4796875 0.5109375