34 0.175 0.25859375 0.35 0.5171875
0 0.6376962085843061 0.5815338846548567 0.03957164627652787 0.02210225897699054
2 0.6403490831093409 0.5948287701934761 0.03957164627652787 0.02210225897699054
1 0.6350069664680908 0.5666764991162372 0.03949891109416672 0.01897725897699054
7 0.6315546581474659 0.552595818398078 0.03949891109416672 0.01897725897699054
2 0.7866584258148964 0.4706968994855796 0.05523301386770836 0.02375566256778665
6 0.7913465790252784 0.5043133753832786 0.048983013867708355 0.02371930113146803
9 0.7893658517267019 0.486335535024199 0.055305749050069505 0.026880662567786474
6 0.9504994542159032 0.2943303630866385 0.03957164627652787 0.02210225897699054
2 0.98046875 0.46640625 0.0390625 0.0203125
5 0.9784640661075006 0.45540876365237254 0.03949891109416655 0.01897725897699054
9 0.9478283958952781 0.28025422754801904 0.03949891109416655 0.01897725897699054
2 0.945157337574653 0.26617809200939957 0.03949891109416655 0.01897725897699054
3 0.9773736915824657 0.4421229684728328 0.03949891109416655 0.01897725897699054
22 0.209375 0.8046875 0.41875 0.390625
21 0.69296875 0.8046875 0.3828125 0.390625