26 0.15 0.225 0.3 0.45
32 0.734375 0.32109375 0.45 0.2578125
7 0.07578125 0.97265625 0.1515625 0.0546875
8 0.07734375 0.90703125 0.1546875 0.1765625
2 0.08046875 0.771875 0.1609375 0.175
1 0.084375 0.64375 0.16875 0.175
3 0.0875 0.525 0.175 0.15
9 0.72265625 0.98359375 0.1828125 0.0328125
7 0.7285693090623868 0.9143398899284142 0.19458821406423077 0.17011362087727838
8 0.7236338803156165 0.7883766294050705 0.20093834361388013 0.17204014192396572
2 0.7290351742709502 0.6524013320500238 0.19136308451458142 0.16836911035393456
1 0.7296875 0.5296875 0.196875 0.159375