34 0.234375 0.16953125 0.46875 0.3390625
6 0.94921875 0.05390625 0.1015625 0.1078125
5 0.86953125 0.05078125 0.1921875 0.1015625
0 0.74375 0.04375 0.1875 0.0875
4 0.621875 0.034375 0.178125 0.06875
4 0.52421875 0.02734375 0.1109375 0.0546875
15 0.234375 0.66953125 0.46875 0.6609375
27 0.7 0.89453125 0.315625 0.2109375
28 0.58203125 0.86796875 0.2265625 0.2640625
13 0.88828125 0.58203125 0.2234375 0.4140625
27 0.7765625 0.534375 0.321875 0.390625
29 0.628125 0.50546875 0.309375 0.3328125
7 0.528125 0.465625 0.11875 0.253125