33 0.26484375 0.184375 0.5296875 0.33125
16 0.76484375 0.175 0.4703125 0.35
2 0.4765625 0.66015625 0.10625 0.2515625
3 0.36759183685099617 0.7054237627772192 0.16687509263745515 0.23449169961943922
4 0.22738205976269085 0.7524645419404228 0.21117305624352517 0.2815232085166876
5 0.08515625 0.7875 0.1703125 0.275
7 0.403125 0.4109375 0.203125 0.121875
8 0.26484375 0.421875 0.1921875 0.14375
9 0.11328125 0.44375 0.2015625 0.1875
0 0.03203125 0.4671875 0.0640625 0.234375
1 0.8440065177871894 0.8206826427387256 0.2032193151348652 0.3451400395433268
2 0.72421875 0.84140625 0.2109375 0.3171875
3 0.6203125 0.8546875 0.18125 0.290625
6 0.92734375 0.43125 0.1453125 0.1625
7 0.84609375 0.44609375 0.2421875 0.1921875
8 0.71796875 0.46484375 0.2203125 0.2296875
9 0.61953125 0.48046875 0.1796875 0.2609375
0 0.55859375 0.5015625 0.0578125 0.303125