20 0.22734375 0.05859375 0.4546875 0.1171875
9 0.93984375 0.45390625 0.1203125 0.0921875
9 0.8904776134794219 0.3926611190127294 0.16500789734428026 0.16918503460041112
2 0.8070742401392469 0.2944729698110321 0.1587215359079618 0.16268036661563362
2 0.7314970023376911 0.1983102356283629 0.16342721662612103 0.16599636760421674
9 0.6535851048952149 0.10380550193998528 0.1587215359079618 0.1626803666156335
8 0.57734375 0.04453125 0.1515625 0.0890625
0 0.246875 0.925 0.159375 0.15
9 0.16528269164005724 0.832796687682079 0.16029312626704134 0.16430653361182798
9 0.09516511347942194 0.7348486190127294 0.16500789734428026 0.16918503460041112
2 0.0453125 0.6359375 0.090625 0.1625
32 0.734375 0.75 0.53125 0.5