11 0.50859375 0.71171875 0.18984375 0.12265625
17 0.734375 0.5640625 0.15625 0.11328125
20 0.5734375 0.42890625 0.14453125 0.103125
25 0.4109375 0.546875 0.13671875 0.10546875
21 0.13203125 0.71484375 0.16328125 0.11796875
29 0.1453125 0.56015625 0.14921875 0.11328125
31 0.2359375 0.36171875 0.14453125 0.10078125
35 0.796875 0.296875 0.15390625 0.10546875
28 0.50390625 0.31015625 0.13203125 0.10078125
19 0.7296875 0.13203125 0.14453125 0.103125
26 0.46640625 0.16015625 0.13203125 0.09609375
15 0.2703125 0.209375 0.1609375 0.09140625
18 0.07421875 0.14453125 0.1484375 0.1046875