11 0.490625 0.7046875 0.17578125 0.115625
17 0.69921875 0.5578125 0.15625 0.10546875
35 0.75859375 0.30625 0.1421875 0.1078125
25 0.39453125 0.54296875 0.1421875 0.10546875
21 0.12109375 0.6984375 0.16796875 0.11796875
29 0.1296875 0.55859375 0.13203125 0.115625
20 0.55546875 0.428125 0.13671875 0.09609375
28 0.4734375 0.31484375 0.125 0.1078125
31 0.22578125 0.36796875 0.1390625 0.103125
26 0.44921875 0.171875 0.13671875 0.10546875
19 0.69375 0.1390625 0.13671875 0.0890625
15 0.2453125 0.2171875 0.1421875 0.09609375
18 0.06015625 0.15234375 0.1203125 0.1109375