31 0.146875 0.35625 0.29375 0.328125
4 0.4109375 0.1546875 0.021875 0.115625
1 0.48132570540963543 0.23742092071131618 0.08342155405833437 0.10565111067790856
1 0.5910547085328933 0.31214020472627 0.08811814441741408 0.107268154678545
0 0.6929121243221339 0.3969248320734966 0.10535109621281222 0.1152806493475449
8 0.795555335290914 0.48093730008749597 0.0959488251355733 0.11048406134627217
2 0.8920030884141721 0.5555020427673136 0.10067268657189174 0.11678860534690845
2 0.96875 0.61875 0.0625 0.08125
0 0.2 0.8296875 0.4 0.340625
1 0.46875 0.92578125 0.1375 0.1484375
2 0.59375 0.9640625 0.278125 0.071875
4 0.4796875 0.73359375 0.159375 0.1484375
5 0.59765625 0.778125 0.2703125 0.2375
6 0.7671875 0.82578125 0.275 0.3328125
7 0.9046875 0.86796875 0.190625 0.2640625