19 0.325 0.38359375 0.209375 0.1703125
30 0.24375 0.12421875 0.371875 0.2484375
31 0.865625 0.071875 0.26875 0.14375
15 0.5796875 0.35 0.3 0.2375
25 0.96484375 0.1765625 0.0703125 0.328125
23 0.21484375 0.734375 0.4296875 0.53125
1 0.911162316800284 0.5642699986133447 0.027040732122152633 0.02572742570596276
0 0.8917267905874869 0.5817159113871839 0.03743609818322895 0.03850021034569906
2 0.8533181237678061 0.6205367189881736 0.03405600666796005 0.035284282132453625
2 0.8108118883116738 0.6615876163226065 0.032238415152690436 0.03211381802583091
2 0.7913125892200593 0.6798147790964457 0.03223841515269079 0.03211381802583091
0 0.8329738017973746 0.6395223997087014 0.03405600666796005 0.035284282132453625
2 0.7048007464968423 0.5692289685924623 0.022098140606883376 0.022466033386094965
2 0.645712531044589 0.5064274402209323 0.023660640606883377 0.022511497492717504
9 0.6911528346781315 0.5829277557394807 0.023788186364518005 0.02407399749271768
9 0.6320646192258783 0.5201262273679508 0.023788186364518005 0.024073997492717502
1 0.5570007174091072 0.48035302203681673 0.021970594849248924 0.020903533386094787
2 0.5426353284692136 0.49324782713052395 0.02547823212215263 0.025681961599340043