13 0.06015625 0.075 0.1203125 0.15
12 0.35859375 0.26796875 0.1828125 0.2296875
15 0.23617158524760376 0.4584270184754141 0.22631376207419382 0.2126604390337981
34 0.16640625 0.5890625 0.2078125 0.040625
3 0.93984375 0.4765625 0.1203125 0.265625
4 0.8656999608744244 0.42611358979995034 0.24131428793844129 0.2989616518867795
5 0.7373452918323791 0.3572535927029442 0.25463264185764967 0.32745036473976086
6 0.6193059971635131 0.2826293289128906 0.26892246239076306 0.33567204169936515
7 0.53984375 0.20078125 0.1796875 0.3296875
5 0.225 0.8046875 0.45 0.390625
33 0.725 0.8046875 0.55 0.390625