9 0.0875 0.1 0.175 0.2
15 0.61796875 0.1 0.3484375 0.2
14 0.76875 0.1 0.346875 0.2
21 0.86640625 0.1 0.2671875 0.2
5 0.1125 0.40078125 0.225 0.4015625
6 0.221875 0.353125 0.3375 0.30625
7 0.3203125 0.30703125 0.159375 0.2140625
8 0.08125 0.94375 0.1625 0.1125
9 0.1828125 0.8953125 0.3 0.209375
0 0.3 0.84296875 0.2 0.3140625
25 0.6424178406250001 0.2 0.5663076140625 0.3955071265625 0.51586646875 0.21504864375000002 0.4715118625 0.23897567187500002 0.4 0.32013551093750003 0.4 0.39710779218750003 0.437592959375 0.3611076171875 0.47342411875 0.40407921562500004 0.6161313500000001 1 0.7153375703125 1 0.6681460296875 0.8389758656249999 0.8032969906249999 0.7868357640625 0.9005296515625 0.6720830828125 0.963062165625 0.45144801250000005 0.9584972624999999 0.298158878125 0.914735478125 0.2 0.6424178406250001 0.2