1 0.09921875 0.17734375 0.1984375 0.2828125
2 0.0484375 0.26875 0.096875 0.275
5 0.3703125 0.28515625 0.11875 0.2859375
6 0.32578125 0.33984375 0.2078125 0.1984375
7 0.259375 0.38515625 0.271875 0.1078125
3 0.803125 0.02734375 0.2625 0.0546875
4 0.69609375 0.07421875 0.2734375 0.1484375
5 0.590625 0.12578125 0.29375 0.2515625
6 0.5390625 0.1984375 0.21875 0.315625
7 0.490625 0.29453125 0.121875 0.2890625
8 0.21484375 0.71953125 0.4296875 0.5609375
11 0.4324866671875 0.4390625 0.6945760171875 0.7013931765625 0.6113109781249999 0.735282428125 0.5457961515624999 0.809534278125 0.5311808109375 0.9038586828125 0.570858 1 0.9829810453124999 1 1 0.9691646437500001 1 0.8979535390625 0.5682428296875 0.4390625 0.4324866671875 0.4390625