2 0.5375 0.1421875 0.103125 0.284375
3 0.48671875 0.090625 0.2046875 0.18125
4 0.4390625 0.03671875 0.284375 0.0734375
6 0.48359375 0.48359375 0.2109375 0.1921875
7 0.41640625 0.43125 0.3046875 0.296875
8 0.3340599644358194 0.3255713107961482 0.3074057945498552 0.31538967535011286
9 0.2265599776826634 0.2323008079006641 0.31392861306150943 0.3234932737785364
26 0.8375 0.14296875 0.325 0.2859375
25 0.80390625 0.35 0.3921875 0.43125
31 0.7375 0.3703125 0.296875 0.41875
34 0.29453125 0.78984375 0.5890625 0.4203125
13 0.79453125 0.78984375 0.4109375 0.4203125