6 0.3796875 0.08671875 0.21875 0.1734375
7 0.3671875 0.24453125 0.24375 0.1890625
8 0.3765625 0.4109375 0.225 0.196875
4 0.9046875 0.06875 0.190625 0.1375
5 0.890625 0.1875 0.21875 0.184375
6 0.8859375 0.33359375 0.228125 0.1859375
7 0.86796875 0.45078125 0.2640625 0.1171875
0 0.61328125 0.06171875 0.2484375 0.1234375
10 0.40625 0.740625 0.165625 0.2875
32 0.1046875 0.70234375 0.209375 0.2921875
14 0.5275292703125001 0.509375 0.4890625 0.7716622281250001 0.4890625 0.9848289187500001 0.5849669859375 1 0.669872234375 1 0.7274136671875 0.9888005828124999 0.8302754234374999 0.920739771875 0.8884591171875 0.8118783765625001 0.911425703125 0.6552797765625 0.866637809375 0.509375 0.5275292703125001 0.509375