3 0.53984375 0.11484375 0.0578125 0.2296875
4 0.503125 0.18984375 0.13125 0.3578125
5 0.4671875 0.32109375 0.203125 0.3703125
6 0.4203125 0.434375 0.296875 0.36875
7 0.378125 0.50859375 0.3375 0.2203125
8 0.375 0.06875 0.375 0.1375
9 0.30078125 0.13671875 0.3671875 0.2734375
0 0.2410933359325485 0.22326780537098417 0.40618055872054304 0.42260829425987545
28 0.784375 0.309375 0.43125 0.61875
24 0.56875 0.61875 0 0.61875 0 1 0.426693259375 1 0.4889810828125 0.9637208421875 0.56875 0.8741845734375 0.56875 0.61875
28 0.784375 0.809375 0.43125 0.38125