8 0.109375 0.05625 0.21875 0.1125
9 0.075 0.115625 0.15 0.23125
1 0.68984375 0.17734375 0.6203125 0.2046875
9 0.18984375 0.63671875 0.3796875 0.7140625
17 0.6484375 0.3359375 0.40625 0.1125
22 0.5734375 0.41484375 0.3875 0.2703125
14 0.51328125 0.6265625 0.2671875 0.303125
22 0.4703125 0.79453125 0.18125 0.2984375
5 0.946875 0.415625 0.10625 0.271875
4 0.90546875 0.55859375 0.1890625 0.3015625
22 0.86015625 0.72578125 0.2796875 0.2984375
4 0.80703125 0.88828125 0.3859375 0.2234375
21 0.75234375 0.95703125 0.4140625 0.0859375