2 0.35859375 0.365625 0.0609375 0.2375
3 0.31171875 0.28125 0.1546875 0.259375
4 0.26640625 0.19140625 0.2453125 0.2671875
5 0.19375 0.13046875 0.328125 0.2609375
6 0.13203125 0.09609375 0.2640625 0.1921875
7 0.0890625 0.05703125 0.178125 0.1140625
9 0.18515625 0.57890625 0.3109375 0.2203125
0 0.12265625 0.5234375 0.2453125 0.275
14 0.3890625 0 0.3890625 0.1512391375 0.6315381296875 0.44616837656249997 0.5051200453125 0.529007053125 0.44998996093750004 0.5412503125 0.3890625 0.52511665 0.3890625 0.657460840625 0.41683695624999995 0.6698756546875 0.58055286875 0.6569879234375 0.6493293671875 0.6221555703125 0.778258959375 0.5035538265625 0.839249225 0.40786341562499995 0.8852114734375001 0.26857000000000003 0.8880157093750001 0.14277279375000002 0.8344626218750001 0 0.3890625 0
14 0 1 0.3643764359375 1 0.33791363125 0.9185782109374999 0.21459251406250002 0.7855855421875 0.10378790625 0.731958940625 0 0.7256094890625 0 1
29 0.69453125 0.865625 0.6109375 0.26875