1 0.67109375 0.35234375 0.1171875 0.1578125
2 0.6453125 0.5015625 0.16875 0.175
4 0.40078125 0.075 0.2609375 0.15
6 0.37438817695864535 0.3628180265311121 0.2839061405769446 0.2057194855799068
7 0.34921875 0.5078125 0.2703125 0.1625
9 0.103125 0.096875 0.20625 0.19375
0 0.084375 0.24375 0.16875 0.2125
5 0.3944130022811107 0.20591391564513986 0.28710387575930574 0.20911788765342543
27 0.86484375 0.29453125 0.2703125 0.5890625
27 0.38203125 0.79453125 0.6953125 0.4109375
30 0.86484375 0.73203125 0.2703125 0.2859375