4 0.0640625 0.153125 0.128125 0.30625
5 0.14296875 0.1265625 0.2078125 0.253125
6 0.2671875 0.08984375 0.2 0.1796875
7 0.40390625 0.09140625 0.2203125 0.1828125
8 0.46953125 0.05078125 0.0984375 0.1015625
0 0.12109375 0.3625 0.2015625 0.053125
1 0.759375 0.19453125 0.48125 0.3890625
10 0.259375 0.69453125 0.51875 0.6109375
4 0.628125 0.5578125 0.21875 0.315625
6 0.91875 0.5265625 0.1625 0.275
8 0.54296875 0.88671875 0.0484375 0.2265625
9 0.63203125 0.86484375 0.2265625 0.2703125
0 0.78515625 0.86015625 0.2671875 0.2796875
5 0.790625 0.53984375 0.275 0.3015625