4 0.134375 0.465625 0.26875 0.128125
5 0.215625 0.41171875 0.271875 0.2359375
6 0.3346775226630509 0.31462739798895767 0.2628660504177418 0.24495404977125013
7 0.37265625 0.17734375 0.2328125 0.2703125
8 0.43359375 0.1 0.1109375 0.2
33 0.74453125 0.26015625 0.5109375 0.5203125
34 0.24453125 0.76484375 0.4890625 0.4703125
29 0.86875 0.90859375 0.2625 0.1828125
10 0.8953125 0.74609375 0.209375 0.4328125
14 0.60078125 0.67734375 0.2234375 0.2953125
35 0.66484375 0.76484375 0.3515625 0.4703125
28 0.6765625 0.87109375 0.375 0.2578125