4 0.3015625 0.30390625 0.29375 0.1109375
5 0.4453125 0.2484375 0.2875 0.221875
6 0.525 0.1796875 0.1875 0.359375
35 0.809375 0.1796875 0.38125 0.359375
12 0.3641275484375 0.359375 0.2789178625 0.36390125625 0.1770106609375 0.4085671171875 0.071305709375 0.523636571875 0.03228456875 0.638938140625 0.028591181249999997 0.7682151687500001 0.06022554375 0.9114676515625 0.10996404062500001 1 0.30307952031249996 1 0.24449458750000003 0.86016223125 0.220594878125 0.654600478125 0.26358770625 0.5670177093750001 0.3341388453125 0.5360951890625 0.40873125000000005 0.5721404234375 0.44412857656250004 0.6253648375 0.596937196875 0.528929328125 0.5025907093749999 0.413163528125 0.38287690625000004 0.359375 0.3641275484375 0.359375
29 0.6805308198710159 0.5261132938351547 0.03151362041330889 0.047497712873234656
29 0.7197069493595112 0.509313559926698 0.033076120413308985 0.04760697351689647
29 0.6468234403825207 0.5432954399964274 0.033076120413308895 0.04760697351689647
27 0.6946069554096355 0.5247528896281103 0.025190897540672007 0.03456067029858776
28 0.6695251421779188 0.5370672193295225 0.033048849336070066 0.04291947351689647
23 0.63359375 0.5515625 0.0296875 0.040625
10 0.7087058168459539 0.519486235421066 0.034629530054229286 0.0461537341605581
14 0.7369126300776705 0.5073904270069771 0.034638620413308986 0.04771623416055819
14 0.625 0.56015625 0.0125 0.0421875
34 0.7752575125912278 0.4991298127766896 0.03938066256778665 0.05741901609154336
16 0.7564575156162898 0.5064124350527488 0.04408634328594587 0.06087179802252853
18 0.8391472957687149 0.5332969991668207 0.028397710772388507 0.04884169158591121
15 0.915142169207086 0.5018773903844149 0.036237481849627426 0.054075494804219915
18 0.7952609403825207 0.5536752011442921 0.026817030054229463 0.045607430942249394
20 0.8297313891528567 0.5396726853048504 0.036219301131468026 0.05095049480421991
18 0.9315984161820239 0.49443087714286316 0.028397710772388507 0.04884169158591121
29 0.7482223139190877 0.5785223818344402 0.033076120413308985 0.04760697351689647
23 0.7090598199692117 0.5929783657428968 0.04248748184962743 0.05451253737886681
29 0.7685893560735654 0.5705677702020427 0.03151362041330898 0.04749771287323483
29 0.6296875 0.63046875 0.021875 0.0453125
29 0.6745711904807166 0.6101058815823386 0.03151362041330898 0.047497712873234656
17 0.7827154885871226 0.5606136159949984 0.03621930113146821 0.05095049480421991
29 0.9433308017206434 0.4929065819703261 0.033076120413308985 0.04760697351689647
23 0.8116671903825207 0.5548224379027404 0.02989657825883114 0.038013452229573017
24 0.9025603559753694 0.515065805235121 0.03461134933607006 0.0430287341605581
28 0.9832700004909792 0.4792864783837004 0.031486349336070064 0.04281021287323465
24 0.7340961814055303 0.5884765360414845 0.03462043969514959 0.0445912341605581
23 0.8571160457687149 0.5345534965689307 0.03303975897699054 0.04135697351689629
10 0.9675950035160413 0.4867876219470831 0.03462043969514959 0.0445912341605581
23 0.62421875 0.6421875 0.0109375 0.04375
14 0.6431893802740621 0.6305769187091039 0.03462043969514976 0.0445912341605581
23 0.6620030127876195 0.6209505464330447 0.033048849336070066 0.04291947351689647
12 0.9953125 0.46875 0.009375 0.04375
16 0.8782279764868743 0.5329035152583642 0.04250566256778665 0.05763753737886681
18 0.781475175453602 0.6394652356731674 0.028397710772388507 0.04884169158591121
17 0.7673763140172835 0.6447318898802118 0.036219301131468026 0.05095049480421991
17 0.893525723560008 0.5902461216949815 0.03621930113146821 0.05095049480421991
29 0.7540223411446465 0.6563031744090871 0.033076120413308985 0.04760697351689629
29 0.8386427808397962 0.6200157491668208 0.033085210772388504 0.04916947351689629
28 0.6740803110904172 0.6944808815823386 0.033048849336070066 0.04291947351689647
31 0.634375 0.71171875 0.03125 0.0421875
22 0.7171763261175319 0.6756105492830363 0.04402271077238851 0.04993429802252862
10 0.6265625 0.7171875 0.015625 0.046875
23 0.7986672206331418 0.6398858527534464 0.03147725897699054 0.04124771287323483
10 0.9146331090986275 0.589377390384415 0.03621021077238851 0.04938799480421992
24 0.6920945128858154 0.6879248789844485 0.03619203005422929 0.046262994804219915
14 0.7398962086310892 0.6662573286161315 0.03619203005422929 0.046262994804219915
24 0.8550763019170351 0.616475485925269 0.03777271077238851 0.04949725544788173
27 0.9310848108940256 0.5827121271428631 0.028352258976990362 0.04102919158591121
14 0.943621172330344 0.577336212292157 0.034629530054229286 0.0461537341605581
14 0.6513513382177802 0.7053966022492434 0.03462043969514968 0.0445912341605581
28 0.8801581151487516 0.6041611562238567 0.033048849336070066 0.04291947351689647
16 0.821341651351301 0.6383451320865416 0.04095225292686635 0.05909077673520517
3 0.6566377601553408 0.8714586448238905 0.02676248789975162 0.03623243094224939
3 0.7515625 0.98984375 0.034375 0.0203125
18 0.790625 0.984375 0.01875 0.03125
21 0.7828125 0.98671875 0.025 0.0265625
28 0.8232662030719442 0.979243283695696 0.020476126463433175 0.0295453883676025
20 0.79921875 0.9828125 0.0234375 0.034375
14 0.8130781368151656 0.9840018395118946 0.018886355386194254 0.02474862772394104