4 0.3484375 0.259375 0.103125 0.278125
5 0.29453125 0.4078125 0.2109375 0.271875
6 0.2109375 0.4875 0.328125 0.14375
8 0.28515625 0.0125 0.2296875 0.025
9 0.18203125 0.08828125 0.2828125 0.1765625
0 0.10546875 0.19765625 0.2109375 0.2953125
29 0.8363187212545558 0.33413501985410415 0.0424443651776464 0.040954639784752445
29 0.99296875 0.1203125 0.0140625 0.040625
29 0.8088315760931198 0.36595010008556245 0.0424443651776464 0.040954639784752264
29 0.892528025845451 0.26340083478408155 0.040736315963434674 0.037756865177646405
29 0.8575922537195444 0.30339228805106916 0.0424443651776464 0.040954639784752264
27 0.8249274569865321 0.34171207940739806 0.03263271753501122 0.031142992142117087
27 0.9396898161683225 0.2001345473566941 0.03263271753501122 0.031142992142117087
24 0.9656508486333113 0.16917349173234159 0.04080909057054054 0.039319365177646406
28 0.8419137497906031 0.3197814214256807 0.03924659057054054 0.03924659057054072
12 0.925610199542934 0.21723215612419972 0.03924659057054054 0.03924659057054072
24 0.9130203083104396 0.23269449028459954 0.04080909057054072 0.039319365177646406
23 0.9004304170779452 0.24815682444499929 0.03917381596343468 0.03768409057054054
28 0.9859375 0.13515625 0.028125 0.0390625
30 0.9514620700972639 0.18392735049984724 0.035976041356328994 0.035976041356328904
23 0.8663122822555916 0.28889314040843406 0.03917381596343468 0.03768409057054054
10 0.8144629919327201 0.3523777516571391 0.0424443651776464 0.040954639784752445
14 0.795205723735755 0.3759800715495151 0.04407963978475245 0.04258991439185813
14 0.8781209234880862 0.27346719355158716 0.03924659057054054 0.03924659057054072
34 0.9717360287409351 0.14853350600036525 0.050620738213175545 0.04913101282028158
34 0.765047342842343 0.40087306369163234 0.05218323821317572 0.049203787427387444
16 0.7784184840748373 0.38537434222767963 0.05389128742738745 0.05240156203449331
18 0.6952977690210254 0.3994240337078431 0.040736315963434674 0.037756865177646405
15 0.6426672286981538 0.4629450322601009 0.04564213978475227 0.04266268899896399
21 0.9500386571531478 0.08612555128563555 0.03753854135632899 0.03604881596343468
18 0.7256188157540377 0.36121340426217297 0.03753854135632899 0.03604881596343468
20 0.7011111213783903 0.3897579352794196 0.04571491439185813 0.044225188998963993
29 0.98125 0.040625 0.0375 0.040625
18 0.9381936286171004 0.10077024814248237 0.040736315963434674 0.037756865177646405
18 0.6315670628585537 0.4767720918133948 0.040736315963434674 0.037756865177646405
21 0.9441161428851241 0.09344789971405891 0.040736315963434674 0.037756865177646405
18 0.9003875676160646 0.1463760006236817 0.037538541356328815 0.03604881596343468
29 0.7572476513621795 0.317461250209397 0.0424443651776464 0.040954639784752264
23 0.99296875 0.0171875 0.0140625 0.034375
29 0.8928661660444881 0.15298987365921102 0.0424443651776464 0.040954639784752264
23 0.7855888211307211 0.28717228267438566 0.05225601282028158 0.050766287427387445
29 0.7423503974332382 0.3338139962804556 0.0424443651776464 0.040954639784752445
29 0.8417253511145105 0.21487559760436312 0.040736315963434674 0.037756865177646405
29 0.80764360359571 0.2563931635677978 0.0424443651776464 0.040954639784752445
17 0.7344843935042967 0.34983925661953774 0.04571491439185813 0.044225188998963993
29 0.621701911286977 0.48349512675958295 0.0424443651776464 0.040954639784752264
12 0.9643901015287952 0.05805405521457692 0.04080909057054054 0.039319365177646406
10 0.9539984110820893 0.07028222746431796 0.0424443651776464 0.040954639784752264
23 0.7110661641824612 0.36815476302967853 0.035976041356328814 0.035976041356328814
24 0.6480803207164365 0.4446851838316775 0.04080909057054054 0.039319365177646406
28 0.5917982415184354 0.5138568689017001 0.03917381596343468 0.03768409057054054
24 0.8629261089723934 0.18257036580132818 0.04080909057054072 0.039319365177646406
24 0.7644051798982269 0.3030348771738677 0.04080909057054054 0.039319365177646406
23 0.6791826174494489 0.4064381670824545 0.03924659057054072 0.03924659057054072
10 0.6020807700544827 0.49928494665195905 0.04080909057054054 0.039319365177646406
24 0.984375 0.025 0.03125 0.040625
12 0.8747711375084407 0.1679256689444813 0.03917381596343468 0.03768409057054054
23 0.848065242347005 0.19970436187238674 0.03924659057054054 0.03924659057054054
14 0.8272454741500399 0.22337945637186873 0.0424443651776464 0.040954639784752264
23 0.8139834948282043 0.2412219278358215 0.03924659057054054 0.03924659057054072
12 0.5754840368037056 0.5334073895798646 0.039246590570540626 0.03924659057054054
23 0.54921875 0.55234375 0.0390625 0.0140625
23 0.923677364349077 0.10849285690998807 0.03917381596343468 0.03768409057054054
24 0.56328125 0.54296875 0.0421875 0.0328125
16 0.9062180365988179 0.1202672648917054 0.05225601282028158 0.050766287427387445
16 0.6617232896991898 0.41821257506417187 0.05225601282028158 0.050766287427387445
18 0.7037566242738744 0.27845656224389026 0.040736315963434674 0.037756865177646405
17 0.9102633736547018 0.022210754552623158 0.04571491439185813 0.044225188998963993
17 0.8295463746881591 0.12148947063989239 0.04571491439185813 0.044225188998963993
17 0.7134398393276863 0.26782727729770217 0.04571491439185813 0.044225188998963993
17 0.625201438789567 0.3737198664205007 0.04571491439185813 0.044225188998964174
29 0.7212694559530748 0.25102076695862 0.0424443651776464 0.040954639784752264
29 0.6611902886657325 0.3227181385464072 0.0424443651776464 0.040954639784752264
28 0.77435376054397 0.18043213110280912 0.04080909057054054 0.039319365177646406
32 0.92109375 0.0109375 0.0453125 0.021875
31 0.8009868810982999 0.14709093817490365 0.03924659057054054 0.03924659057054054
22 0.7447411892038518 0.2170438732449263 0.04742296360606986 0.04742296360606986
10 0.8144671842414531 0.13393596671095098 0.0424443651776464 0.040954639784752264
23 0.6884227227022978 0.2854343083149488 0.03917381596343468 0.03768409057054054
14 0.8928404332079957 0.0347664125343405 0.04080909057054054 0.039319365177646406
23 0.8811409538861602 0.0525361093911874 0.03924659057054054 0.03924659057054054
32 0.8595399356891951 0.07624759119422234 0.045787688998963995 0.045787688998963995
10 0.607705723735755 0.3847130244022181 0.04407963978475245 0.04258991439185813
14 0.8447154563673596 0.09416283726528088 0.04407963978475245 0.04258991439185813
24 0.7624723447043698 0.19429557795965602 0.0424443651776464 0.040954639784752264
14 0.7283905971855692 0.2358131439230907 0.0424443651776464 0.040954639784752264
24 0.6483456863083676 0.33271172270680704 0.04407963978475227 0.04258991439185813
27 0.595787920592602 0.3977952212590649 0.03590326674922295 0.03441354135632881
14 0.5876308182352371 0.4075704815981472 0.0424443651776464 0.040954639784752264
14 0.7898867152586997 0.16091799772819765 0.04080909057054072 0.039319365177646406
28 0.6321406435042968 0.35460599338497145 0.03924659057054054 0.03924659057054054
16 0.6694008949520388 0.2972814909037721 0.05389128742738745 0.05240156203449331
3 0.71953125 0.01484375 0.0328125 0.0296875
28 0.53203125 0.003125 0.0265625 0.00625
10 0.2 0.7796875 0.4 0.440625
32 0.7 0.7796875 0.6 0.440625