3 0.1453125 0.1390625 0.25 0.278125
4 0.2828125 0.1015625 0.25 0.203125
5 0.40859375 0.06640625 0.2546875 0.1328125
8 0.34296875 0.2984375 0.2515625 0.08125
9 0.4515625 0.24921875 0.234375 0.1796875
0 0.528125 0.2125 0.08125 0.253125
25 1 0 0.56875 0 0.56875 0.3390625 0.9479767109375 0.3390625 0.9811617531250001 0.2869662796875 1 0.19104121093749998 1 0
26 0.22578125 0.65859375 0.4515625 0.6390625
4 0.5953125 0.66015625 0.053125 0.2890625
5 0.6866708365484506 0.6043957425310152 0.18124195140261462 0.27765310509226265
6 0.8402771046988231 0.5438692242563381 0.18749195140261463 0.27801712613895013
7 0.95546875 0.4921875 0.0890625 0.26875
9 0.64140625 0.9296875 0.1453125 0.140625
0 0.7828125 0.8953125 0.18125 0.209375