3 0.5328125 0.11328125 0.1125 0.2265625
4 0.48125 0.2046875 0.215625 0.28125
5 0.4359375 0.3390625 0.30625 0.26875
6 0.34921875 0.41328125 0.3078125 0.1515625
8 0.32265625 0.0296875 0.2859375 0.059375
9 0.21640625 0.08984375 0.2890625 0.1796875
0 0.1390625 0.18828125 0.278125 0.2578125
32 0.79453125 0.24453125 0.4109375 0.4890625
10 0.29453125 0.74453125 0.5890625 0.5109375
4 0.86015625 0.6140625 0.2796875 0.25
5 0.7594562955884567 0.7473433018262545 0.3172503703131401 0.2807830622807401
6 0.70234375 0.87578125 0.2265625 0.2484375