1 0.20894074628756681 0.14823438681516565 0.2730840177575892 0.20939422247985356
2 0.21171875 0.06484375 0.2953125 0.1296875
5 0.76171875 0.421875 0.3140625 0.115625
6 0.834375 0.3546875 0.30625 0.25
7 0.859375 0.228125 0.28125 0.303125
9 0.46484375 0.3796875 0.2109375 0.2
0 0.50078125 0.275 0.2828125 0.275
23 0.87265625 0.975 0.0671875 0.05
30 0.8755651649054776 0.9433252147794093 0.054942030054229284 0.04406816256778665
29 0.8879288095192834 0.9198149919067724 0.05959316861791084 0.03784543364502539
28 0.89245722823539 0.8924439708295335 0.054923849336070064 0.04094316256778665
28 0.7599623699223296 0.8135246061717613 0.05337953005422946 0.04405907220870695
28 0.7325236920328407 0.9316569826351943 0.07059430113146803 0.04884656615858276
14 0.7331185896717086 0.8996211874556546 0.05337953005422928 0.04405907220870695
14 0.7415487132082754 0.8714461904807166 0.05179884933607006 0.04092498184962743
13 0.7578004271039219 0.8447882417103806 0.06587953005422928 0.044131795081343926
15 0.5814879119786115 0.8887842022863774 0.06273634933607006 0.040988614363184794
27 0.5813379210537978 0.8630029522863774 0.04863748789975162 0.034656801131468205
30 0.5882282704880637 0.838743295670519 0.05022725897699045 0.03935339149054773
30 0.6357430990414825 0.679867744539051 0.05179884933607006 0.04092498184962743
18 0.6029583909995685 0.8191256872592628 0.05953862646343318 0.028470433645025484
29 0.6044208970496927 0.8019290969001831 0.05645907825883114 0.03626475292686626
23 0.6343851321207739 0.7150330848981306 0.06747839149054773 0.05039088544042354
29 0.6473254936552882 0.6563620668459539 0.05802157825883114 0.03627384328594587
14 0.37487429761542673 0.8274841296848869 0.018859084308955422 0.018859084308955422
14 0.42621810811666877 0.6553046026557198 0.018859084308955422 0.018859084308955422
28 0.36640625 0.878125 0.0140625 0.025
17 0.3671875 0.86484375 0.015625 0.0171875
10 0.36796875 0.85 0.0171875 0.01875
27 0.371031680128984 0.8384443555825861 0.0188409035907962 0.01573408430895542
11 0.4139680929913583 0.6983460755283567 0.025127265027114643 0.022020445745273953
30 0.41701582493918143 0.6850466448101974 0.01884999394987581 0.01729658430895542
15 0.42319764724608433 0.6732915333738789 0.023519313231716587 0.014198855386194253
15 0.4255004906302261 0.6662466478352596 0.023519313231716587 0.014198855386194253
27 0.43004709006449204 0.6420006267580207 0.0188409035907962 0.01573408430895542
29 0.3995914547222643 0.5101420935805334 0.026707945745273864 0.025154536104353496
24 0.4002954366700876 0.4968562984009936 0.018859084308955422 0.018859084308955408
25 0.403125 0.48671875 0.025 0.0140625