5 0.06640625 0.12421875 0.1328125 0.2484375
6 0.1578125 0.13359375 0.24375 0.2671875
7 0.30703125 0.1484375 0.2390625 0.296875
15 0.62578125 0.1421875 0.1921875 0.284375
26 0.8015625 0.175 0.396875 0.35
3 0.1476176979630926 0.698161122400954 0.2882476240451797 0.3543611489696703
4 0.26142511195100226 0.7785212833939716 0.29140898671227067 0.3577229473099964
5 0.3890625 0.8390625 0.278125 0.321875
6 0.45390625 0.871875 0.1515625 0.25625
8 0.05703125 0.934375 0.1140625 0.13125
34 0.76484375 0.725 0.4703125 0.55