1 0.43154551320211826 0.19637138398731108 0.25309385809187523 0.28012567051050075
2 0.5140625 0.2875 0.209375 0.30625
4 0.08046875 0.33359375 0.1609375 0.3359375
5 0.14375 0.42265625 0.2875 0.3234375
6 0.2733395018029519 0.5064413455435574 0.29619054787138915 0.32139912369900403
7 0.403125 0.5640625 0.290625 0.23125
3 0.696875 0.30859375 0.15625 0.3640625
4 0.7625 0.3875 0.2875 0.371875
5 0.85546875 0.4578125 0.2890625 0.353125
6 0.9265625 0.51328125 0.146875 0.3328125
20 0.309375 0.83984375 0.61875 0.3203125
16 0.778125 0.9328125 0.31875 0.134375
13 0.809375 0.83984375 0.38125 0.3203125
12 0.66015625 0.82890625 0.0828125 0.2984375