1 0.04921875 0.11328125 0.0984375 0.2265625
3 0.47734375 0.09921875 0.3234375 0.1984375
4 0.3859375 0.15390625 0.328125 0.3078125
5 0.27962769672976984 0.25182360194721165 0.3159180907065437 0.31377590992986415
6 0.1703125 0.315625 0.315625 0.246875
7 0.1109375 0.37421875 0.221875 0.1296875
8 0.59765625 0.29609375 0.1234375 0.2859375
9 0.5515625 0.35390625 0.215625 0.1703125
0 0.48046875 0.4 0.2984375 0.078125
17 0.83203125 0.21953125 0.3359375 0.4390625
22 0.8296875 0.71953125 0.340625 0.5609375