1 0.6671546419815271 0.1866458339005133 0.23106014422102222 0.24797491180407355
2 0.73828125 0.284375 0.2015625 0.278125
3 0.13515625 0.19140625 0.2703125 0.2953125
4 0.228400693309387 0.2908651809144087 0.28135103571157005 0.30059530076822555
5 0.3390625 0.371875 0.26875 0.25625
6 0.45078125 0.4171875 0.2671875 0.165625
7 0.559375 0.4703125 0.2625 0.059375
29 0.909375 0.25 0.140625 0.5
29 0.4125 0.709375 0.7625 0.41875
3 0.91953125 0.759375 0.1609375 0.31875
4 0.91953125 0.84375 0.1609375 0.3125