7 0.0703125 0.35546875 0.140625 0.3359375
8 0.1359375 0.44375 0.271875 0.171875
0 0.19140625 0.0359375 0.3828125 0.071875
1 0.62734375 0.33359375 0.0765625 0.2421875
2 0.66640625 0.40859375 0.1546875 0.2421875
3 0.71015625 0.45546875 0.2421875 0.1484375
4 0.7625 0.49453125 0.346875 0.0703125
5 0.703125 0.059375 0.228125 0.11875
6 0.7375 0.10546875 0.296875 0.2109375
7 0.8024793402563821 0.1680964085560272 0.32649625809787713 0.2850245312876824
8 0.8609375 0.26484375 0.278125 0.2890625
9 0.90859375 0.3671875 0.1828125 0.275
0 0.9359375 0.42890625 0.128125 0.2015625
17 0.15727635187874417 0.6595584685711433 0.03134508838228234 0.02360409997176518
17 0.23543908590670454 0.7797729870575819 0.03482528589277134 0.028473610495108836
17 0.35625218383675655 0.9657721292638961 0.03482528589277143 0.028473610495108836
24 0.02099623237757523 0.7043766868599378 0.0264207900419563 0.020206084186749608
24 0.07734375 0.5359375 0.0296875 0.0125
24 0.10371179876453332 0.5740073764212987 0.029900987552445368 0.02507559471009326
24 0.12674747967828287 0.6087618080195647 0.03170028589277143 0.02829159997176518
24 0.19039742781347185 0.7031418685993781 0.029900987552445368 0.02507559471009326
30 0.1966357724195315 0.7129796001835267 0.029900987552445368 0.025075594710093442
27 0.2510999747039054 0.8000476897025353 0.026302390871793334 0.018643584186749607
27 0.3114473240838499 0.8922660108056923 0.026302390871793334 0.018643584186749607
27 0.3272266120512137 0.9141032134506457 0.026420790041956365 0.020206084186749608
27 0.48671875 0.534375 0.0265625 0.009375
28 0.09831390374355517 0.5649053922063143 0.02822008838228234 0.023422089448421436
28 0.20491021370624324 0.7289763265060033 0.02822008838228234 0.023422089448421345
28 0.2803740002237146 0.8446398528849498 0.02822008838228234 0.023422089448421345
10 0.00859375 0.678125 0.0171875 0.021875
10 0.2117522095570584 0.7364248054593159 0.031463487552445366 0.02516659997176518
10 0.2907553931701003 0.8573750713149186 0.029900987552445368 0.02507559471009326
10 0.337904002923007 0.9307446818806147 0.031463487552445366 0.02516659997176518
10 0.5139631371468157 0.5720845004941102 0.028220088382282425 0.023422089448421436
18 0.0046875 0.6734375 0.009375 0.015625
18 0.028667022419531518 0.7227626658132504 0.022940592531467206 0.015336573663405772
18 0.24611647677849785 0.7964144554875509 0.027746491701630217 0.017172089448421347
31 0.0046875 0.665625 0.009375 0.021875
31 0.21799055416311805 0.7462625370434645 0.029900987552445368 0.02507559471009326
22 0.014580289016271042 0.6921952052757894 0.028575285892771408 0.028109589448421346
22 0.112530691710919 0.5868336001129395 0.03338118506293446 0.02994510523343692
22 0.371875 0.98515625 0.034375 0.0296875
22 0.4999239479346963 0.552500042587485 0.030137785892771517 0.028200594710093264
11 0.0233875265687164 0.7152231815982659 0.03134508838228234 0.02360409997176518
21 0.029625871174776053 0.7250609131824145 0.02462149170163024 0.016990078925077867
14 0.037012318685265125 0.7293388895048911 0.02822008838228234 0.023422089448421345
14 0.09009866204192493 0.5496899158838376 0.029900987552445368 0.02507559471009326
14 0.12207163507222321 0.5988330711737444 0.02822008838228234 0.023422089448421436
14 0.1424675680605652 0.629817760664518 0.029900987552445368 0.02507559471009326
14 0.1657992468997223 0.6684784422627841 0.028101689212119307 0.021859589448421347
14 0.22506934835425924 0.7568360159967771 0.029900987552445368 0.02507559471009326
14 0.24312153134260123 0.7879572133800585 0.029900987552445368 0.02507559471009326
14 0.2635174643309432 0.8189419028708322 0.029900987552445368 0.02507559471009326
14 0.31828931993466497 0.8997144897590049 0.02822008838228234 0.023422089448421345
14 0.33256530748711033 0.9224239476656303 0.02822008838228234 0.023422089448421345
14 0.36387542968757164 0.9731751055863729 0.02822008838228225 0.023422089448421345
14 0.48203125 0.53203125 0.0296875 0.0046875
14 0.5094056917109191 0.5637182636482898 0.028220088382282425 0.023422089448421436
23 0.13382627386942403 0.6193352869728772 0.029900987552445368 0.02507559471009326
23 0.17203759150578196 0.6783161738469325 0.029900987552445368 0.02507559471009326
23 0.2954904373612415 0.8680850581607391 0.029900987552445368 0.02507559471009326
23 0.5185797821677938 0.5812319873399305 0.028220088382282425 0.023422089448421436
32 0.15224530976219544 0.6449422317253228 0.031700285892771386 0.02829159997176518
14 0.3859375 0.9953125 0.03125 0.009375
34 0.1870472848670862 0.6899971264918859 0.03650618506293437 0.030127115756780752
34 0.4921875 0.53828125 0.03125 0.0171875
31 0.08359375 0.54140625 0.0296875 0.0234375
29 0.23076324130064493 0.7698442502117615 0.03134508838228225 0.02360409997176518
29 0.2573975188950466 0.8106666712866838 0.029545790041956364 0.02038809471009344
29 0.2743132543728995 0.8371458713008012 0.02966418921211931 0.021950594710093262
29 0.3515171396456154 0.9550621424180757 0.03134508838228225 0.02360409997176518
33 0.2712591093519213 0.827907379193309 0.029900987552445368 0.02507559471009326
13 0.30112513072254565 0.8803120423757236 0.03806868506293437 0.030218121018452494
13 0.34347949669922967 0.9421904160955992 0.03482528589277143 0.028473610495108836
6 0.6734375 0.91328125 0.16875 0.1734375
7 0.72578125 0.96484375 0.2734375 0.0703125
9 0.6859375 0.62109375 0.19375 0.1828125
0 0.74296875 0.6796875 0.3078125 0.3