8 0.23125 0.315625 0.396875 0.146875
9 0.20390625 0.25078125 0.4078125 0.2765625
0 0.18984375 0.13984375 0.3796875 0.2796875
25 1 0 0.7383477578125 0 0.7446259109375 0.025596507812500002 0.8473505875 0.0912410375 0.6133902765625 0.21942532187500002 0.6470700968750001 0.30163569375 1 0.114295215625 1 0
2 0.38125 0.7328125 0.096875 0.18125
3 0.353125 0.6046875 0.153125 0.18125
4 0.315625 0.48203125 0.228125 0.1859375
7 0.20859375 0.9234375 0.2765625 0.153125
8 0.14999807754086197 0.8097573159621911 0.2809718258882322 0.19689422247985355
9 0.11328125 0.671875 0.2265625 0.184375
0 0.0984375 0.52734375 0.196875 0.2046875
19 0.71484375 0.5921875 0.5703125 0.40625