1 0.1765625 0.078125 0.353125 0.15625
2 0.2625 0.11796875 0.36875 0.2359375
3 0.34453125 0.15703125 0.3484375 0.3140625
4 0.3828125 0.2234375 0.271875 0.378125
5 0.43125 0.2953125 0.175 0.371875
8 0.06171875 0.3453125 0.1234375 0.2875
9 0.1171875 0.3828125 0.234375 0.2125
0 0.16484375 0.421875 0.3296875 0.134375
24 0.82109375 0.01328125 0.0515625 0.0265625
24 0.9659822526167068 0.3629078820275698 0.03719246515360961 0.03677395459715278
27 0.83828125 0.0203125 0.0453125 0.040625
27 0.928482219499597 0.11614133159072945 0.04366071996293304 0.04316942496187508
27 0.9335864148677586 0.32936803020395866 0.030669646641955418 0.02881598423243048
27 0.9797545759376846 0.37727950655260456 0.030669646641955418 0.02881598423243048
18 0.8928324400955022 0.2800213404244447 0.03390377404661713 0.03201371941479181
18 0.99140625 0.3921875 0.0171875 0.034375
18 0.6496900753047122 0.24704061379145842 0.035520837748947987 0.03361258700597229
29 0.8567857795737307 0.030166157578785047 0.05330853847458741 0.05120013050895835
29 0.8993006949048257 0.28641681078916703 0.03713790145127884 0.03521145459715278
29 0.9106474226723071 0.29839013392743086 0.03713790145127884 0.03521145459715278
29 0.5524207165043721 0.14407730832062499 0.02932540145127883 0.03502961664125
28 0.97578125 0.01796875 0.0484375 0.0359375
28 0.9454341065229055 0.13214819129812536 0.050074411069925696 0.04800239532659738
28 0.5584351035276807 0.15982959488975695 0.03880952885594054 0.03837282218833345
28 0.6864832363746379 0.29473388459302097 0.03880952885594056 0.03837282218833345
34 0.966083912420688 0.16463403618788225 0.06301092068857254 0.060793336056041626
32 0.8735913667745245 0.2655224293302781 0.04042659255827141 0.03997168977951393
20 0.6586930530721936 0.25895938554295145 0.041989092558271414 0.04000805737069442
14 0.98515625 0.03515625 0.0296875 0.0515625
14 0.9206226233979464 0.31579583947451423 0.041989092558271324 0.04000805737069442
14 0.5442262705880561 0.1329579703647222 0.013809528855940533 0.037790940729444424
14 0.670285317500164 0.2779639586812154 0.03880952885594056 0.03837282218833345
21 0.9644569250345597 0.14039710239229208 0.046785719962933216 0.043242160144236055
15 0.955198520039902 0.3447027426848962 0.04037202885594056 0.038409189779513755
28 0.9150819184111378 0.09006914086128504 0.06786211179556507 0.06558993882958344
1 0.707214854708807 0.08366975123427096 0.041989092558271414 0.04000805737069442
1 0.7689088120578683 0.1514579696991321 0.041989092558271414 0.04000805737069442
0 0.6918254676854984 0.06769925911805572 0.04684028366526398 0.04480466014423605
0 0.754246111332229 0.1339431613785071 0.04845734736759484 0.046403527735416714
2 0.6739559214063627 0.047767965615069484 0.04689484736759484 0.04636716014423605
2 0.7995784586998237 0.18027395393156276 0.04689484736759484 0.04636716014423605
2 0.5938468138719669 0.19031718189572916 0.04684028366526396 0.04480466014423605
2 0.6108532645976064 0.20788654160312509 0.04689484736759484 0.04636716014423605
22 0.628125 0.0125 0.053125 0.025
3 0.722631523583281 0.1004214933504862 0.04684028366526398 0.04480466014423605
4 0.8158309412766286 0.19860637984336832 0.04684028366526398 0.04480466014423605
29 0.8587922567930579 0.24410137100965307 0.04684028366526398 0.04480466014423605
25 0.99375 0.4046875 0.0125 0.04375
21 0.6359995975372309 0.23501273926642377 0.04684028366526398 0.04480466014423605
24 0.3046875 0.68515625 0.415625 0.3921875
30 0.11796875 0.7296875 0.2359375 0.3875
32 0.115625 0.90546875 0.23125 0.1890625
22 0.76640625 0.74453125 0.4671875 0.5109375