8 0.2265625 0.5890625 0.3625 0.059375
9 0.2211904830752774 0.5072215371328207 0.37633254307885 0.18297070728648138
0 0.2260750890076917 0.3771194489515316 0.36495800050420313 0.1758278869830395
14 0.940625 0.3453125 0.11875 0.34375
24 0.93046875 0.03984375 0.1390625 0.0796875
15 0.740625 0.0484375 0.228125 0.096875
29 0.8538448099266981 0.14824398941833214 0.1979997294689813 0.23211035364324067
21 0.7806090417414677 0.26732908714251913 0.2248571604112307 0.26071358576539333
13 0.62734375 0.3734375 0.1546875 0.284375
34 0.57890625 0.11875 0.0578125 0.2375
2 0.49609375 0.92421875 0.1078125 0.1515625
3 0.4921875 0.82890625 0.115625 0.1921875
4 0.47890625 0.715625 0.1421875 0.19375
7 0.175 0.97578125 0.35 0.0484375
8 0.16796875 0.92109375 0.3359375 0.1578125
9 0.16796875 0.81796875 0.3359375 0.2140625
0 0.1671875 0.71171875 0.334375 0.1859375
3 0.90078125 0.94453125 0.1984375 0.1109375
4 0.8921875 0.834375 0.215625 0.15625
5 0.89765625 0.7109375 0.2046875 0.1625
9 0.61796875 0.9453125 0.1359375 0.109375
0 0.62109375 0.84453125 0.1421875 0.1578125