1 0.128125 0.16328125 0.23125 0.3265625
2 0.0703125 0.203125 0.140625 0.359375
7 0.3671875 0.53671875 0.103125 0.3453125
8 0.31015625 0.5671875 0.2171875 0.284375
9 0.2 0.59375 0.278125 0.23125
0 0.1015625 0.621875 0.203125 0.175
6 0.9140625 0.14453125 0.171875 0.2890625
7 0.8171875 0.1859375 0.353125 0.371875
8 0.62265625 0.22853222881718782 0.3515625 0.40193270801562536
9 0.5140625 0.30234375 0.190625 0.4515625
32 0.209375 0.8546875 0.41875 0.290625
14 0.48828125 0.8546875 0.1390625 0.290625
19 0.66640625 0.87421875 0.4953125 0.2515625
33 0.759375 0.76015625 0.4125 0.1015625