1 0.115625 0.040625 0.23125 0.08125
2 0.13334962822784763 0.12045181864952186 0.24444359707395852 0.17526978949430205
3 0.15882436654434082 0.24260080045255678 0.25694359707395853 0.17585198635114896
4 0.178830354860834 0.3644950711307212 0.3105050081681252 0.19707632299274813
7 0.43046875 0.053125 0.2671875 0.10625
8 0.44765625 0.1390625 0.2421875 0.190625
9 0.4640625 0.27109375 0.209375 0.1796875
0 0.4640625 0.40078125 0.209375 0.2015625
20 0.784375 0.2546875 0.43125 0.509375
7 0.21640625 0.56875 0.3796875 0.11875
8 0.23711106107350738 0.6863699553339023 0.35164046086541684 0.28795818817039454
9 0.26015625 0.86953125 0.3984375 0.2609375
0 0.80390625 0.775 0.3921875 0.45