1 0.4375 0.33984375 0.225 0.1390625
2 0.4390625 0.45 0.221875 0.171875
3 0.43359375 0.52265625 0.2328125 0.0734375
15 0.775 0.3265625 0.45 0.390625
34 0.078125 0.91796875 0.153125 0.1640625
15 0.14542224694564113 0.7779888884924373 0.17445105233436992 0.31704641066226813
26 0.053125 0.6578125 0.10625 0.196875
35 0.3015625 0.72734375 0.2625 0.3359375
21 0.4640625 0.9234375 0.171875 0.153125
27 0.475 0.790625 0.15 0.33125
32 0.32890625 0.60234375 0.2828125 0.0859375
24 1 0.559375 0.55 0.559375 0.55 0.9391068734375001 0.69914125 1 0.9417438203125 1 1 0.9835505015624999 1 0.559375