1 0.3258779830752774 0.20858092411143847 0.21544930942249502 0.26906146590774294
2 0.2223430736724529 0.2604491615295368 0.24055857006615683 0.27106034253094824
3 0.11640625 0.321875 0.2328125 0.28125
4 0.071875 0.3875 0.14375 0.3375
7 0.1171875 0.040625 0.234375 0.08125
8 0.0578125 0.071875 0.115625 0.14375
22 0.7296875 0.29453125 0.540625 0.5890625
21 0.29140625 0.79453125 0.3359375 0.4109375
1 0.9421875 0.71328125 0.115625 0.2484375
2 0.88046875 0.73359375 0.2390625 0.2890625
3 0.7809257520168124 0.7775157049539895 0.27733730422671493 0.3060353603878557
4 0.6640625 0.82265625 0.325 0.3546875
0 0.5328125 0.65625 0.146875 0.134375