1 0.0984375 0.07578125 0.196875 0.1515625
2 0.1328125 0.1421875 0.265625 0.284375
3 0.17576112850653658 0.26359905208852563 0.30480671642972934 0.3120319390116265
4 0.2296875 0.3234375 0.359375 0.2125
8 0.371875 0.10859375 0.215625 0.2171875
9 0.409375 0.18828125 0.140625 0.3171875
0 0.42421875 0.29296875 0.1109375 0.2734375
15 0.73984375 0.21484375 0.5203125 0.4296875
10 0.16328125 0.99375 0.0390625 0.0125
10 0.08364933391617199 0.653901975529098 0.03299430718159222 0.033736382573423464
10 0.32876639119596013 0.6388968952446927 0.036137487899751616 0.03709818091374952
10 0.3366516140685971 0.6519888910955078 0.034556807181592396 0.03385478174358649
10 0.374415234481906 0.7001429711794205 0.034556807181592396 0.03385478174358649
10 0.3013857588787946 0.49625910935192136 0.03455680718159222 0.03385478174358649
23 0.1095270744482022 0.940893412666625 0.03612839754067192 0.03553568091374952
23 0.033267538834827984 0.5844882020838812 0.0314227168225127 0.03205548340326052
23 0.25390625 0.43828125 0.0296875 0.0171875
30 0.26282725292686615 0.4457020796829273 0.029851126463433176 0.030374584233097447
27 0.09151637607064966 0.6638689713799131 0.029851126463433176 0.030374584233097402
27 0.4263504392041703 0.7681126437948003 0.026698855386194254 0.02545028589277152
34 0.02109375 0.81171875 0.0421875 0.0453125
34 0.09766742388246819 0.9157866688904022 0.04397725897699054 0.04237767676456468
29 0.01640625 0.93828125 0.0328125 0.0390625
29 0.059985616700875787 0.8816950888064895 0.03769998789975162 0.03721658008391256
29 0.03803230688700476 0.5981246495943703 0.03612839754067201 0.03553568091374952
29 0.17398798760516404 0.6115503773985533 0.0361283975406721 0.03553568091374952
29 0.34217945140261463 0.6625595381910785 0.03612839754067192 0.03553568091374952
29 0.352422059813871 0.6781728827971382 0.034547716822512696 0.03229228174358649
29 0.37994761699546337 0.711494868274991 0.0361283975406721 0.03553568091374952
29 0.2683596354404235 0.4570539767784979 0.0361283975406721 0.03553568091374952
22 0.009375 0.9109375 0.01875 0.04375
22 0.00859375 0.540625 0.0171875 0.034375
22 0.0140625 0.55859375 0.028125 0.0359375
28 0.16608458401436782 0.5953333815477382 0.032994307181592394 0.033736382573423464
28 0.1967896833504379 0.6382671653659172 0.029851126463433176 0.030374584233097402
28 0.3901402284317818 0.7185144628810507 0.031413626463433174 0.030492983403260433
28 0.2880045149289188 0.47806521640553556 0.029851126463433176 0.03037458423309749
24 0.2862879997054124 0.5857001176502912 0.034556807181592396 0.03385478174358649
24 0.3218255239059092 0.5196732985640407 0.03455680718159222 0.03385478174358649
13 0.02695949326250475 0.8424899562330662 0.048692030054229285 0.047420374275053766
13 0.04347937275099998 0.8632643975197778 0.04397725897699036 0.04237767676456468
13 0.1390625 0.984375 0.04375 0.03125
13 0.43111520725634717 0.7817490913052894 0.03927157825883114 0.038897479254075586
17 0.02109375 0.95234375 0.0421875 0.0421875
17 0.01015625 0.80703125 0.0203125 0.0421875
17 0.06708958957351267 0.8947278850722231 0.04555793969514958 0.04562107593472771
17 0.07032263212077386 0.6450830825827123 0.04084316861791084 0.040578378424238615
17 0.1795294604778009 0.624464774494124 0.04241475897699054 0.042259277594401644
17 0.31231468940056206 0.629841203957981 0.04084316861791084 0.040578378424238615
17 0.3602981923274283 0.6897023786479533 0.04084316861791084 0.040578378424238615
14 0.037025360552555675 0.9619503512540442 0.03928066861791084 0.04045997925407576
14 0.08511288172799034 0.9054644755290979 0.03927157825883114 0.038897479254075586
14 0.12133218285945854 0.9566251564428475 0.03769998789975162 0.03721658008391273
14 0.13234695091163537 0.9707352006339887 0.037709078258831144 0.03877908008391255
14 0.023824361141730855 0.572059057062903 0.0314227168225127 0.032055483403260435
14 0.10017375858420703 0.6754576668158097 0.03299430718159222 0.033736382573423464
14 0.1550879966803503 0.5843483373565971 0.0314227168225127 0.032055483403260435
14 0.4153356711519936 0.7540025996036591 0.029851126463433176 0.030374584233097402
14 0.2801238372358217 0.4657544705547205 0.036137487899751616 0.03709818091374952
14 0.3674652768327755 0.5793568744987684 0.0314227168225127 0.032055483403260435
5 0.05 0.9828125 0.040625 0.034375
32 0.0046875 0.7828125 0.009375 0.04375
32 0.3043976502711464 0.6112804581071659 0.034565897540672096 0.03541728174358649
32 0.40587431274073726 0.7384484545826809 0.036137487899751616 0.03709818091374952
18 0.03717028541698246 0.8526345508391258 0.034547716822512696 0.03229228174358667
18 0.13859538826909396 0.5682613960698853 0.031404536104353474 0.028930483403260432
18 0.18738741227319905 0.632869270344939 0.029832945745273776 0.027249584233097403
18 0.4193055536655509 0.7652360975290666 0.029832945745273776 0.02724958423309758
18 0.34863346360105896 0.5638735844568121 0.031404536104353474 0.028930483403260432
16 0.3155028010332723 0.5066997018833886 0.04084316861791084 0.040578378424238615
20 0.14176129488495218 0.5755294444102115 0.0361283975406721 0.03553568091374952
20 0.354147665396457 0.5721004815523827 0.03612839754067192 0.03553568091374952
28 0.06086581888905727 0.6303101875617341 0.04084316861791084 0.040578378424238615
21 0.1323226623713949 0.5638815493892333 0.029832945745273953 0.027249584233097403
21 0.2768857286281735 0.580302222629313 0.03768180718159222 0.034091580083912554
21 0.2879232225780493 0.5983185168204541 0.032967036104353656 0.029048882573423463
13 0.4539259933607006 0.8100283792726533 0.03769998789975162 0.03721658008391256
21 0.34389596662612104 0.554924636946323 0.0361283975406721 0.03553568091374952
18 0.24375 0.434375 0.028125 0.009375
6 0.57265625 0.81640625 0.1859375 0.3609375
7 0.64140625 0.89375 0.3234375 0.2125
0 0.85625 0.59375 0.2875 0.328125