1 0.1978945549650887 0.45977317328223516 0.29777926224706197 0.27557393657758916
2 0.30483256181356594 0.3843930126600695 0.32010454813983336 0.3033195049793232
3 0.4252886170023692 0.30666139676211446 0.32839064482048547 0.3100245312876824
4 0.48203125 0.23125 0.2546875 0.3625
6 0.03984375 0.25390625 0.0796875 0.3203125
7 0.103125 0.17265625 0.20625 0.3296875
8 0.16640625 0.12734375 0.3328125 0.2546875
9 0.28203125 0.0796875 0.3359375 0.159375
0 0.40859375 0.053125 0.3515625 0.10625
17 0.8046875 0.31484375 0.390625 0.6296875
15 0.2828125 0.8390625 0.565625 0.321875
11 0.609375 0.6296875 0.609375 0.8721122734375001 0.773241909375 0.9815306749999999 0.8707381859375 0.8766276078124999 0.6715119796875 0.73828621875 0.74744295 0.7052354359375 0.8077087421875 0.6296875 0.609375 0.6296875