1 0.4609375 0.140625 0.1375 0.175
2 0.3828125 0.078125 0.2 0.15625
3 0.2828125 0.02890625 0.18125 0.0578125
7 0.43359375 0.4375 0.1921875 0.084375
8 0.34296875 0.39453125 0.2015625 0.1703125
9 0.24698489411004126 0.32575644057891245 0.1958858112195859 0.19948289129415606
0 0.14849985456132453 0.23956947658507008 0.20446358576539314 0.20890334308955422
3 0.9125 0.4078125 0.175 0.14375
4 0.83515625 0.34453125 0.2765625 0.2703125
5 0.7130561753238082 0.22436665740142522 0.27181032455550563 0.26864195745273883
6 0.640625 0.10703125 0.221875 0.2140625
0 0.5671875 0.396875 0.075 0.165625
26 0.76484375 0.73984375 0.4703125 0.5203125