6 0.28359375 0.18359375 0.2140625 0.1515625
7 0.3535799310014115 0.10227059222960407 0.19348872158978575 0.17627830505721712
8 0.428125 0.04453125 0.196875 0.0890625
1 0.85078125 0.15546875 0.2984375 0.2078125
2 0.87890625 0.1296875 0.2421875 0.259375
3 0.9109375 0.07734375 0.178125 0.1546875
6 0.3265625 0.93671875 0.384375 0.1265625
7 0.42421875 0.834375 0.3859375 0.33125
8 0.503125 0.64765625 0.33125 0.3640625
9 0.54765625 0.44453125 0.2421875 0.3703125
0 0.046875 0.82734375 0.09375 0.3453125
8 0.834375 0.6296875 0.33125 0.740625