1 0.36171875 0.06953125 0.1671875 0.1390625
2 0.2650194324473982 0.13249507458692208 0.20157869370616516 0.20191470798203354
3 0.16578899290328616 0.2139955565307547 0.17820175046142533 0.17771331614940156
4 0.08715165561092757 0.2884201484560539 0.15380252775932127 0.18621529691210786
5 0.04225826264304294 0.3663616099814666 0.054403305057217174 0.19209821996293322
9 0.4765625 0.33984375 0.065625 0.1921875
0 0.42578125 0.421875 0.1671875 0.203125
6 0.86015625 0.23359375 0.2796875 0.4078125
7 0.81875 0.31796875 0.3625 0.4171875
8 0.7798374082318211 0.4054142856489985 0.4132332942598754 0.4150942981780522
9 0.7125 0.50234375 0.40625 0.4359375
0 0.6671875 0.56328125 0.315625 0.3734375
33 0.3 0.875 0.41875 0.25
21 0.1484375 0.875 0.296875 0.25
27 0.2546875 0.8421875 0.509375 0.184375
20 0.7546875 0.875 0.490625 0.25