1 0.3461282640551396 0.3289929746026205 0.19204594889756949 0.20186014427970278
2 0.24453125 0.37734375 0.2171875 0.1453125
5 0.2140625 0.03125 0.25 0.0625
6 0.12890625 0.0984375 0.2515625 0.196875
7 0.06171875 0.14453125 0.1234375 0.2734375
17 0.94375 0.1640625 0.1125 0.265625
13 0.73828125 0.4234375 0.2359375 0.053125
20 0.57109375 0.4234375 0.1828125 0.053125
19 0.696875 0.34609375 0.25625 0.2078125
18 0.8703125 0.26171875 0.259375 0.2546875
26 0.52578125 0.3484375 0.0921875 0.203125
25 0.6238330771254172 0.234729597830931 0.2699904173624308 0.26390876569391464
24 0.8015625 0.12265625 0.25 0.2453125
23 0.9140625 0.06328125 0.171875 0.1265625
30 0.6953125 0.06796875 0.253125 0.1359375
31 0.5609375 0.12734375 0.1625 0.2234375
1 0.10078125 0.9328125 0.2015625 0.134375
4 0.15703125 0.5140625 0.2796875 0.128125
5 0.103125 0.55859375 0.20625 0.2171875
6 0.05390625 0.6046875 0.1078125 0.26875
1 0.9125 0.71484375 0.175 0.2578125
2 0.8502650245043754 0.8044890263240518 0.2960814450978475 0.31165678493120835
3 0.73125 0.87734375 0.271875 0.2453125
4 0.6296875 0.9234375 0.275 0.153125
6 0.79140625 0.4921875 0.2984375 0.084375
7 0.68359375 0.534375 0.2671875 0.16875
8 0.59609375 0.58203125 0.2328125 0.2640625
9 0.53984375 0.6609375 0.1203125 0.3