1 0.3 0.4546875 0.159375 0.16875
3 0.2 0.028125 0.271875 0.05625
4 0.2734375 0.08046875 0.2125 0.1609375
5 0.33125 0.12734375 0.096875 0.2546875
3 0.5152970764056082 0.20257350602328464 0.22162626207419392 0.2225890854824973
4 0.617083233769171 0.33712795000928875 0.234535439033798 0.23759877884380157
5 0.72265625 0.446875 0.2296875 0.184375
8 0.7631161139483381 0.0812000265687164 0.2362677721033238 0.13639147635429058
9 0.88203125 0.140625 0.2359375 0.2375
0 0.940625 0.29140625 0.11875 0.2078125
21 0.18984375 0.76953125 0.3796875 0.4609375
30 0.68984375 0.76953125 0.6203125 0.4609375