3 0.38125 0.38515625 0.05625 0.2609375
4 0.31796875 0.2765625 0.1828125 0.278125
5 0.2549731791775386 0.16172952807308824 0.2865594849168627 0.27190978253968334
6 0.12578125 0.10703125 0.2515625 0.2140625
1 0.46171875 0.12265625 0.1046875 0.2453125
4 0.8743844608564224 0.20800044417681568 0.2199182881351714 0.2754167119047624
5 0.83359375 0.128125 0.2859375 0.25625
6 0.7734375 0.0796875 0.271875 0.159375
7 0.69453125 0.04609375 0.2984375 0.0921875
19 0.2046875 0.825 0.409375 0.35
11 1 0.65 0.409375 0.65 0.409375 0.80752030625 0.44759972656249997 0.8253790484374999 0.409375 0.8410247234374999 0.409375 0.951536953125 1 0.7200789265624999 1 0.65