1 0.1265625 0.33984375 0.253125 0.2234375
2 0.134375 0.215625 0.26875 0.28125
3 0.1171875 0.10234375 0.234375 0.2046875
4 0.11328125 0.03828125 0.2265625 0.0765625
13 0.8765625 0.34609375 0.246875 0.3640625
14 0.79921875 0.0765625 0.3453125 0.153125
20 0.60625 0.1375 0.315625 0.275
19 0.646875 0.38671875 0.321875 0.3046875
25 0.41796875 0.37890625 0.2359375 0.3203125
26 0.3875 0.15 0.175 0.3
24 0.3 0.5390625 0 0.5390625 0 0.903050615625 0.12238428906250001 0.9236382078125001 0.2888518046875 0.8810467421875 0.3 0.8737305375 0.3 0.5390625
15 0.89375 0.8390625 0.2125 0.321875
29 0.86640625 0.64765625 0.2546875 0.2171875
17 0.58125 0.596875 0.30625 0.115625
26 0.6902665581199158 0.8361652730520343 0.2831554952503016 0.32337107006615684
20 0.4109375 0.86484375 0.221875 0.2703125