1 0.19078619206980588 0.28570521087887774 0.24917225204506402 0.30636062188998175
2 0.2953125 0.3046875 0.209375 0.290625
3 0.3640625 0.31640625 0.071875 0.2828125
7 0.13671875 0.0515625 0.2609375 0.103125
8 0.275 0.05859375 0.25 0.1171875
9 0.33515625 0.07578125 0.1296875 0.1515625
3 0.4625 0.22890625 0.125 0.2859375
4 0.5443013001456493 0.2589977052246682 0.2644790032987053 0.2962419934412793
5 0.6909800718532616 0.2848531190649067 0.25813807508545994 0.2927894448207603
6 0.8217239550019297 0.34898646087887775 0.25831993151195076 0.2990394448207603
7 0.91875 0.3421875 0.1625 0.30625
8 0.5375 0.03828125 0.265625 0.0765625
9 0.68515625 0.03359375 0.2671875 0.0671875
0 0.83359375 0.0453125 0.2328125 0.090625
19 0.2 0.76953125 0.4 0.4609375
16 0.46953125 0.88515625 0.1390625 0.2296875
33 0.81171875 0.74609375 0.3765625 0.4140625
30 0.590625 0.73359375 0.38125 0.3890625