1 0.28828125 0.2 0.2609375 0.284375
2 0.18515625 0.13671875 0.2671875 0.2734375
3 0.0953125 0.103125 0.190625 0.20625
6 0.32890625 0.5734375 0.1796875 0.171875
7 0.265625 0.5265625 0.29375 0.265625
8 0.14012227150222473 0.46765782759274244 0.2753083308506309 0.28263796991261037
9 0.084375 0.39609375 0.16875 0.2984375
0 0.025 0.334375 0.05 0.3
34 0.709375 0.3296875 0.58125 0.659375
23 0.3703125 0.82265625 0.096875 0.2109375
24 0.3125 0.72109375 0.196875 0.1234375
31 0.0875 0.68515625 0.175 0.0515625
30 0.184375 0.75234375 0.228125 0.1859375
29 0.3196749925518927 0.8846169732113157 0.1977954528527029 0.19300115690134448
28 0.38125 0.9640625 0.075 0.071875
34 0.13284708064123393 0.8768402624699053 0.2335531703877142 0.22368886724704354
35 0.0453125 0.75078125 0.090625 0.1828125
11 1 0.659375 0.6203566828125 0.659375 0.63981101875 0.777914734375 0.6997473578125 0.8794123578124999 0.7649918453125 0.933926884375 0.8830956265625 0.950338334375 0.859762278125 0.9925442734375001 0.868685496875 1 0.9720517984375 1 1 0.9161889593750001 1 0.659375