1 0.16614389324430484 0.2026203014003606 0.26691001834240013 0.15461696403563466
2 0.19384769292773568 0.3248589280712695 0.24829641066226812 0.15908628803308922
3 0.23125 0.44375 0.24375 0.13125
7 0.40625 0.03828125 0.1875 0.0765625
8 0.42734375 0.1375 0.1453125 0.1625
9 0.43515625 0.265625 0.1296875 0.16875
0 0.45 0.3953125 0.1 0.1625
24 0.5 0.509375 1 0.509375 1 0 0.6887778859375 0 0.6078768218749999 0.04183440625 0.5123298968750001 0.1558066546875 0.5 0.1964397578125 0.5 0.509375
1 0.31707121041220604 0.8328345127307244 0.24775084138279588 0.1403362880330894
2 0.33515625 0.93046875 0.2828125 0.1390625
32 0.75 0.7546875 0.5 0.490625