1 0.10719826209732926 0.4503325189651092 0.18612336499257687 0.28590503333979883
2 0.2315907524863908 0.4192574753335066 0.1882657191310198 0.2674101248550681
3 0.29921875 0.375 0.0609375 0.259375
8 0.04609375 0.12734375 0.0921875 0.2546875
9 0.12734375 0.1171875 0.2015625 0.234375
0 0.24375 0.1 0.171875 0.2
29 0.64375 0.3046875 0.628125 0.609375
4 0.08046875 0.88359375 0.1609375 0.2328125
5 0.190625 0.87890625 0.24375 0.2421875
6 0.27734375 0.89140625 0.1046875 0.2171875
0 0.1796875 0.640625 0.221875 0.0625
35 0.66484375 0.8046875 0.6703125 0.390625