1 0.17920377019347605 0.48702012783772614 0.29663060206654457 0.23171719886161418
2 0.23125 0.56171875 0.278125 0.1765625
3 0.296875 0.61484375 0.271875 0.0703125
4 0.284375 0.03359375 0.3125 0.0671875
5 0.32890625 0.08671875 0.3015625 0.1734375
6 0.38820047852997763 0.157108305596022 0.28567492134838535 0.2284012840889619
7 0.43024305366555093 0.26720605437820605 0.31545332493918166 0.24454448132901838
8 0.465625 0.38125 0.246875 0.23125
9 0.48828125 0.4875 0.2015625 0.24375
0 0.51796875 0.559375 0.1421875 0.18125
35 0.79453125 0.325 0.4109375 0.65
10 0.10234375 0.859375 0.2046875 0.28125
16 0.28759649053203024 0.8374586842511176 0.2549248910977643 0.31379331330995514
22 0.496875 0.79609375 0.184375 0.2921875
1 0.671875 0.77109375 0.165625 0.1765625
2 0.7128349233914888 0.8855416282447633 0.23553856596219108 0.20409103084255092
6 0.8953125 0.68515625 0.209375 0.0703125
7 0.94375 0.746875 0.1125 0.19375