3 0.4390625 0.41015625 0.221875 0.0578125
4 0.38515625 0.365625 0.2828125 0.146875
5 0.30625 0.3234375 0.303125 0.23125
6 0.2310731095622943 0.2712919478669721 0.30203995849442933 0.27435441585911224
7 0.15393691152884675 0.19261492683175016 0.3050374127367947 0.2730104371464358
8 0.1203125 0.13515625 0.240625 0.2703125
6 0.8109375 0.39140625 0.378125 0.0953125
7 0.703125 0.3125 0.30625 0.253125
9 0.91953125 0.2390625 0.1609375 0.38125
0 0.81640625 0.13359375 0.3671875 0.2671875
30 0.275 0.71953125 0.55 0.5609375
35 0.775 0.71953125 0.45 0.5609375