3 0.1609375 0.040625 0.296875 0.08125
4 0.26953125 0.0671875 0.3234375 0.134375
5 0.32890625 0.1296875 0.3359375 0.259375
6 0.471875 0.1296875 0.328125 0.259375
7 0.48515625 0.2171875 0.3078125 0.403125
8 0.56171875 0.21484375 0.1546875 0.3671875
9 0.58359375 0.36953125 0.1109375 0.3546875
2 0.72734375 0.09921875 0.1765625 0.1984375
3 0.78671875 0.1421875 0.2953125 0.284375
4 0.8609375 0.20546875 0.278125 0.3640625
5 0.925 0.3 0.15 0.359375
0 0.72265625 0.56328125 0.1671875 0.2328125
23 0.31953125 0.83984375 0.6390625 0.3203125
13 0.81953125 0.83984375 0.3609375 0.3203125