4 0.33984375 0.4109375 0.2578125 0.178125
5 0.33828125 0.3453125 0.2609375 0.309375
6 0.40234375 0.28359375 0.1328125 0.3515625
7 0.378125 0.17578125 0.18125 0.3515625
5 0.75859375 0.45703125 0.3234375 0.0859375
6 0.88359375 0.340625 0.2328125 0.31875
7 0.9640625 0.14375 0.071875 0.2875
8 0.56328125 0.3609375 0.1890625 0.278125
9 0.67109375 0.1546875 0.3078125 0.309375
0 0.846875 0.040625 0.30625 0.08125
5 0.3296875 0.921875 0.278125 0.15625
6 0.396875 0.8875 0.14375 0.225
7 0.3828125 0.8015625 0.171875 0.353125
12 0.801267965625 0.5 0.8395549234375 0.5844799484375 0.7843481546875 0.697740028125 0.7026247359375001 0.7322263140625 0.566129228125 0.7390771125000001 0.46875 0.6977518234375 0.46875 0.8133830156249999 0.5542474640624999 0.8317478109374999 0.710449325 0.7981271203125 0.8476693203125001 0.7010071015625 0.9534460734374999 0.5318057625 0.9585801234375001 0.5 0.801267965625 0.5