2 0.06484375 0.38984375 0.1296875 0.3796875
3 0.14601289285196453 0.4470353479471842 0.2439911022701809 0.3746385626989076
4 0.29453125 0.49609375 0.2484375 0.3859375
5 0.43359375 0.52421875 0.2109375 0.3265625
7 0.09921875 0.05078125 0.1984375 0.1015625
8 0.225 0.06875 0.246875 0.1375
9 0.375 0.0890625 0.24375 0.178125
0 0.46640625 0.109375 0.1453125 0.21875
12 1 0 0.7339529062500001 0 0.7248653328125 0.004283279687500001 0.622529990625 0.1283485 0.5584036218749999 0.33770206406250003 0.5742218546875 0.5260937218749999 0.6740413828125 0.6890625 0.8349212296875 0.6890625 0.778839646875 0.6081820171875 0.7625406124999999 0.5113725890625 0.7828470984375 0.32506119375 0.8194526171875001 0.23555922499999998 0.9192229062500001 0.119868146875 1 0.07178266250000001 1 0
1 0.65625 0.815625 0.203125 0.253125
2 0.8 0.83828125 0.25 0.2984375
3 0.9171875 0.84453125 0.165625 0.3109375