0 0.19765625 0.14453125 0.1828125 0.2890625
13 0.64453125 0.184375 0.7109375 0.36875
11 0.2890625 0.36875 0 0.36875 0 0.5986398312500001 0.0639786609375 0.628262534375 0.114111690625 0.630514421875 0.16595287812499998 0.6076327921875 0.03311258125 0.9344410953125 0.0698582765625 0.9486967703125 0.211200078125 0.9777348218749999 0.2129082328125 0.9526013015625001 0.17183249375 0.928067028125 0.16055052187500002 0.8720977187500001 0.2890625 0.5452759328125 0.2890625 0.36875
1 0.6494909251407159 0.8122997240979741 0.25041964681406553 0.327435857192922
2 0.5430739511955639 0.7656593069014794 0.293373434241453 0.380276633928127
3 0.4265625 0.71640625 0.275 0.3796875
4 0.3625 0.659375 0.146875 0.4
6 0.88046875 0.52734375 0.2390625 0.3171875
7 0.8 0.48125 0.290625 0.225
8 0.6828125 0.446875 0.29375 0.15625
9 0.559375 0.41328125 0.29375 0.0890625