2 0.38359375 0.109375 0.2109375 0.21875
3 0.2906462687458992 0.2086872579950318 0.25281988836446345 0.26234650565734075
4 0.17689549205415353 0.3346179780389984 0.309735733231267 0.31735216822512735
5 0.09609375 0.44140625 0.1921875 0.2765625
8 0.08828125 0.0453125 0.1765625 0.090625
1 0.8796875 0.425 0.240625 0.309375
2 0.8125 0.46484375 0.303125 0.2296875
3 0.71328125 0.503125 0.3140625 0.153125
6 0.79765625 0.06171875 0.3265625 0.1234375
7 0.69375 0.10234375 0.334375 0.2046875
8 0.62109375 0.14296875 0.2640625 0.2859375
9 0.57265625 0.19375 0.1671875 0.34375
0 0.5234375 0.2734375 0.06875 0.371875
4 0.40859375 0.83671875 0.1609375 0.2890625
5 0.33671875 0.89375 0.2640625 0.2125
6 0.2078125 0.93671875 0.290625 0.1265625
9 0.2125 0.63984375 0.271875 0.1203125
0 0.11015625 0.68984375 0.2203125 0.2203125
18 0.77890625 0.78984375 0.4421875 0.4203125