2 0.36953125 0.53828125 0.1390625 0.2921875
3 0.3045302718484022 0.4732702004983372 0.24495404977125013 0.26844482109634615
4 0.18103952688239539 0.4164368144702829 0.3025496506449308 0.3298619848837216
5 0.0984375 0.34140625 0.196875 0.3140625
6 0.0390625 0.2734375 0.078125 0.34375
8 0.38203125 0.14453125 0.1140625 0.2890625
9 0.315625 0.1125 0.246875 0.225
0 0.2078125 0.078125 0.303125 0.15625
32 0.71953125 0.35 0.5609375 0.7
31 0.21953125 0.85 0.4390625 0.3
20 0.884375 0.85 0.23125 0.3
22 0.57578125 0.85703125 0.2734375 0.2859375