1 0.1453125 0.50078125 0.290625 0.2171875
2 0.0953125 0.4609375 0.190625 0.296875
3 0.0453125 0.38984375 0.090625 0.3296875
7 0.35625 0.26640625 0.125 0.3546875
8 0.30390625 0.18828125 0.2296875 0.3328125
9 0.25390625 0.13671875 0.3296875 0.2734375
0 0.16796875 0.09453125 0.3359375 0.1890625
26 0.709375 0.3046875 0.58125 0.609375
3 0.28828125 0.890625 0.2609375 0.21875
4 0.20111163009784577 0.8070585980853849 0.35514332158505013 0.3474504411918106
5 0.1359375 0.725 0.271875 0.23125
2 0.8170335506386331 0.9567212921876024 0.020170790041956366 0.01940476442797028
0 0.88359375 0.61171875 0.0203125 0.0046875